"person_id","attribute_id","match_int"
3043,1,1
3043,2,0
3043,3,1
3043,5,1
3043,6,1
3043,7,1
3043,9,0
3043,10,1
3043,11,0
3043,12,0
3043,29,0
3043,30,0
3043,31,0
3043,32,0
3043,33,0
3043,34,0
3043,35,0
3043,36,0
3043,37,0
3043,39,1
3043,49,0
3043,50,1
3043,52,1
3043,53,1
3043,54,1
3043,56,0
3043,57,0
3043,59,1
3043,60,1
3043,61,1
3043,63,1
3043,64,1
3043,65,1
3043,66,1
3043,67,1
3043,72,1
3043,73,1
3043,74,1
3043,82,1
3043,83,1
3043,84,0
3043,86,1
3043,87,1
3043,88,1
3043,90,1
3043,91,1
3043,92,1
3043,93,0
3043,147,0
3043,148,0
3043,149,0
3043,150,0
3043,152,1
3043,153,1
3043,154,0
3043,155,1
3043,157,1
3043,159,1
3043,160,0
3043,164,0
3043,170,0
3043,171,0
3043,172,0
3043,173,0
3043,174,0
3043,175,0
3043,176,0
3043,177,0
3043,178,0
3043,181,0
3043,182,0
3043,183,0
3043,184,0
3043,194,1
3043,196,0
3043,197,0
3043,198,0
3043,200,0
3043,201,1
3043,202,0
3043,203,0
3049,1,1
3049,2,0
3049,3,1
3049,5,1
3049,6,1
3049,7,1
3049,9,1
3049,10,0
3049,11,0
3049,12,0
3049,29,0
3049,30,0
3049,31,0
3049,32,0
3049,33,0
3049,34,0
3049,35,1
3049,36,1
3049,37,0
3049,39,0
3049,40,0
3049,41,0
3049,49,1
3049,50,1
3049,52,1
3049,53,1
3049,54,1
3049,56,1
3049,57,1
3049,59,1
3049,60,1
3049,61,1
3049,63,1
3049,64,1
3049,65,1
3049,66,1
3049,67,1
3049,72,1
3049,73,1
3049,74,1
3049,82,1
3049,83,1
3049,84,1
3049,86,1
3049,87,1
3049,88,1
3049,90,1
3049,91,1
3049,92,1
3049,93,1
3049,147,0
3049,148,1
3049,149,0
3049,150,0
3049,152,1
3049,153,1
3049,154,1
3049,155,0
3049,157,0
3049,159,0
3049,160,0
3049,164,0
3049,170,0
3049,171,0
3049,172,0
3049,173,0
3049,174,0
3049,175,0
3049,176,0
3049,177,0
3049,178,0
3049,181,0
3049,182,0
3049,183,0
3049,184,0
3049,194,0
3049,196,0
3049,197,0
3049,198,0
3049,200,0
3049,201,1
3049,202,0
3049,203,0
3051,1,1
3051,2,0
3051,3,1
3051,5,1
3051,6,1
3051,7,1
3051,9,0
3051,10,1
3051,11,0
3051,12,0
3051,29,0
3051,30,0
3051,31,0
3051,32,0
3051,33,0
3051,34,0
3051,35,0
3051,36,0
3051,37,0
3051,39,1
3051,40,1
3051,41,0
3051,49,1
3051,50,1
3051,52,1
3051,53,1
3051,54,1
3051,56,1
3051,57,1
3051,59,1
3051,60,1
3051,61,1
3051,63,1
3051,64,1
3051,65,1
3051,66,1
3051,67,1
3051,72,1
3051,73,1
3051,74,1
3051,82,1
3051,83,1
3051,84,1
3051,86,1
3051,87,1
3051,88,1
3051,90,1
3051,91,1
3051,92,1
3051,93,1
3051,147,0
3051,148,1
3051,149,0
3051,150,0
3051,152,0
3051,153,0
3051,154,0
3051,155,0
3051,157,0
3051,159,0
3051,160,0
3051,164,0
3051,170,1
3051,171,1
3051,172,0
3051,173,0
3051,174,0
3051,175,1
3051,176,0
3051,177,0
3051,178,0
3051,181,0
3051,182,0
3051,183,0
3051,184,0
3051,194,0
3051,196,0
3051,197,0
3051,198,0
3051,200,0
3051,201,1
3051,202,1
3051,203,1
3054,1,1
3054,2,0
3054,3,1
3054,5,1
3054,6,1
3054,7,1
3054,9,0
3054,10,1
3054,11,0
3054,12,0
3054,29,0
3054,30,0
3054,31,0
3054,32,0
3054,33,0
3054,34,0
3054,35,1
3054,36,1
3054,37,0
3054,39,0
3054,40,0
3054,41,0
3054,49,1
3054,50,1
3054,52,1
3054,53,1
3054,54,1
3054,56,1
3054,57,1
3054,59,1
3054,60,1
3054,61,1
3054,63,1
3054,64,1
3054,65,1
3054,66,1
3054,67,1
3054,72,1
3054,73,1
3054,74,1
3054,82,1
3054,83,1
3054,84,1
3054,86,1
3054,87,1
3054,88,1
3054,90,1
3054,91,1
3054,92,1
3054,93,1
3054,147,0
3054,148,0
3054,149,1
3054,150,0
3054,152,1
3054,153,1
3054,154,0
3054,155,1
3054,157,0
3054,159,0
3054,160,0
3054,164,0
3054,170,0
3054,171,0
3054,172,0
3054,173,0
3054,174,0
3054,175,0
3054,176,0
3054,177,0
3054,178,0
3054,181,0
3054,182,0
3054,183,0
3054,184,0
3054,194,0
3054,196,0
3054,197,0
3054,198,0
3054,200,0
3054,201,1
3054,202,0
3054,203,0
3059,1,1
3059,2,0
3059,3,1
3059,5,1
3059,6,1
3059,7,1
3059,9,0
3059,10,1
3059,11,0
3059,12,0
3059,29,1
3059,30,0
3059,31,1
3059,32,0
3059,33,0
3059,34,0
3059,35,0
3059,36,0
3059,37,0
3059,39,0
3059,40,0
3059,41,0
3059,49,1
3059,50,1
3059,52,1
3059,53,1
3059,54,1
3059,56,1
3059,57,1
3059,59,1
3059,60,1
3059,61,1
3059,63,1
3059,64,1
3059,65,1
3059,66,1
3059,67,1
3059,72,0
3059,73,1
3059,74,1
3059,82,1
3059,83,1
3059,84,1
3059,86,1
3059,87,1
3059,88,1
3059,90,1
3059,91,1
3059,92,1
3059,93,1
3059,147,0
3059,148,1
3059,149,0
3059,150,0
3059,152,1
3059,153,1
3059,154,0
3059,155,1
3059,157,0
3059,159,0
3059,160,0
3059,164,0
3059,170,0
3059,171,0
3059,172,0
3059,173,0
3059,174,0
3059,175,0
3059,176,0
3059,177,0
3059,178,0
3059,181,0
3059,182,0
3059,183,0
3059,184,0
3059,194,0
3059,196,0
3059,197,0
3059,198,0
3059,200,0
3059,201,1
3059,202,0
3059,203,1
3063,1,1
3063,2,0
3063,3,1
3063,5,1
3063,6,1
3063,7,1
3063,29,0
3063,30,0
3063,31,0
3063,32,0
3063,33,0
3063,34,0
3063,35,1
3063,36,1
3063,37,0
3063,39,0
3063,40,0
3063,41,0
3063,49,1
3063,50,1
3063,52,1
3063,53,1
3063,54,1
3063,56,0
3063,57,1
3063,59,1
3063,60,1
3063,61,1
3063,63,1
3063,64,1
3063,65,1
3063,66,1
3063,67,1
3063,72,1
3063,73,1
3063,74,1
3063,82,1
3063,83,1
3063,84,1
3063,86,1
3063,87,1
3063,88,1
3063,90,1
3063,91,1
3063,92,1
3063,93,1
3063,147,0
3063,148,0
3063,149,0
3063,150,0
3063,152,1
3063,153,1
3063,154,1
3063,155,1
3063,157,1
3063,159,0
3063,160,1
3063,164,0
3063,170,1
3063,171,1
3063,172,0
3063,173,0
3063,174,1
3063,175,0
3063,176,0
3063,177,0
3063,178,0
3063,181,0
3063,182,0
3063,183,0
3063,184,0
3063,194,0
3063,196,0
3063,197,0
3063,198,0
3063,200,0
3063,201,1
3063,202,0
3063,203,0
3064,1,1
3064,2,0
3064,3,1
3064,5,1
3064,6,1
3064,7,1
3064,29,1
3064,30,0
3064,31,1
3064,32,0
3064,33,0
3064,34,0
3064,35,0
3064,36,0
3064,37,0
3064,39,0
3064,40,0
3064,41,0
3064,49,1
3064,50,1
3064,52,1
3064,53,1
3064,54,1
3064,56,1
3064,57,1
3064,59,1
3064,60,1
3064,61,1
3064,63,1
3064,64,1
3064,65,1
3064,66,1
3064,67,1
3064,72,1
3064,73,1
3064,74,1
3064,82,1
3064,83,1
3064,84,1
3064,86,1
3064,87,1
3064,88,1
3064,90,1
3064,91,1
3064,92,1
3064,93,0
3064,147,1
3064,148,0
3064,149,0
3064,150,0
3064,194,0
3064,196,0
3064,197,0
3064,198,0
3064,200,0
3064,201,1
3064,202,0
3064,203,0
3082,1,1
3082,2,0
3082,3,1
3082,5,1
3082,6,1
3082,7,1
3082,29,0
3082,30,0
3082,31,0
3082,32,0
3082,33,0
3082,34,0
3082,35,1
3082,36,1
3082,37,0
3082,39,0
3082,40,0
3082,41,0
3082,49,1
3082,50,1
3082,52,1
3082,53,1
3082,54,1
3082,56,1
3082,57,1
3082,59,1
3082,60,1
3082,61,1
3082,63,1
3082,64,1
3082,65,1
3082,66,1
3082,67,1
3082,72,0
3082,73,1
3082,74,1
3082,82,1
3082,83,1
3082,84,1
3082,86,1
3082,87,1
3082,88,1
3082,90,1
3082,91,1
3082,92,1
3082,93,1
3082,147,1
3082,148,0
3082,149,0
3082,150,0
3082,194,0
3082,196,0
3082,197,0
3082,198,0
3082,200,0
3082,201,1
3082,202,0
3082,203,1
3084,1,1
3084,2,0
3084,3,1
3084,5,1
3084,6,1
3084,7,1
3084,9,0
3084,10,1
3084,11,0
3084,12,0
3084,49,1
3084,50,1
3084,52,1
3084,53,1
3084,54,1
3084,56,1
3084,57,1
3084,59,1
3084,60,1
3084,61,1
3084,63,1
3084,64,1
3084,65,1
3084,66,1
3084,67,1
3084,72,1
3084,73,1
3084,74,1
3084,82,1
3084,83,1
3084,84,1
3084,86,1
3084,87,1
3084,88,1
3084,90,1
3084,91,1
3084,92,1
3084,93,1
3084,147,0
3084,148,1
3084,149,0
3084,150,0
3084,152,1
3084,153,1
3084,154,0
3084,155,1
3084,157,0
3084,159,0
3084,160,0
3084,164,0
3084,170,0
3084,171,0
3084,172,0
3084,173,0
3084,174,0
3084,175,0
3084,176,0
3084,177,0
3084,178,0
3084,181,0
3084,182,0
3084,183,0
3084,184,0
3084,194,0
3084,196,0
3084,197,0
3084,198,0
3084,200,0
3084,201,1
3084,202,0
3084,203,0
3094,1,1
3094,2,1
3094,3,0
3094,5,1
3094,6,1
3094,7,1
3094,9,0
3094,10,0
3094,11,1
3094,12,0
3094,29,0
3094,30,0
3094,31,0
3094,32,1
3094,35,0
3094,36,0
3094,37,0
3094,39,0
3094,40,0
3094,41,0
3094,49,1
3094,50,1
3094,52,1
3094,53,1
3094,54,1
3094,56,1
3094,57,1
3094,59,1
3094,60,1
3094,61,1
3094,63,1
3094,64,1
3094,65,1
3094,66,1
3094,67,1
3094,72,0
3094,73,0
3094,74,1
3094,82,1
3094,83,1
3094,84,1
3094,86,1
3094,87,1
3094,88,1
3094,90,1
3094,91,1
3094,92,1
3094,93,0
3094,147,1
3094,148,0
3094,149,0
3094,150,0
3094,194,0
3094,196,0
3094,197,0
3094,198,0
3094,200,0
3094,201,1
3094,202,0
3094,203,0
3095,1,1
3095,2,0
3095,3,1
3095,5,1
3095,6,1
3095,7,1
3095,9,0
3095,10,0
3095,11,0
3095,12,1
3095,29,0
3095,30,0
3095,31,0
3095,32,0
3095,33,0
3095,34,0
3095,35,0
3095,36,0
3095,37,0
3095,39,1
3095,49,1
3095,50,1
3095,52,1
3095,53,1
3095,54,1
3095,56,1
3095,57,1
3095,59,1
3095,60,1
3095,61,1
3095,63,1
3095,64,1
3095,65,1
3095,66,1
3095,67,1
3095,72,0
3095,73,0
3095,74,1
3095,82,1
3095,83,1
3095,84,1
3095,86,1
3095,87,1
3095,88,1
3095,90,1
3095,91,0
3095,92,0
3095,93,0
3095,147,0
3095,148,1
3095,149,0
3095,150,0
3095,152,1
3095,153,1
3095,154,0
3095,155,1
3095,157,0
3095,159,0
3095,160,0
3095,164,0
3095,170,1
3095,171,0
3095,172,0
3095,173,0
3095,174,0
3095,175,0
3095,176,0
3095,177,0
3095,178,0
3095,181,0
3095,182,0
3095,183,0
3095,184,0
3095,194,0
3095,196,1
3095,197,0
3095,198,0
3095,200,0
3095,201,1
3095,202,0
3095,203,0
3114,1,1
3114,2,0
3114,3,1
3114,5,1
3114,6,1
3114,7,1
3114,9,0
3114,10,1
3114,11,0
3114,12,0
3114,29,0
3114,30,0
3114,31,0
3114,32,0
3114,33,0
3114,34,0
3114,35,1
3114,36,1
3114,37,0
3114,39,0
3114,40,0
3114,41,0
3114,49,1
3114,50,1
3114,52,1
3114,53,1
3114,54,1
3114,56,1
3114,57,1
3114,59,1
3114,60,1
3114,61,1
3114,63,1
3114,64,1
3114,65,1
3114,66,1
3114,67,1
3114,72,1
3114,73,1
3114,74,1
3114,82,1
3114,83,1
3114,84,1
3114,86,1
3114,87,1
3114,88,1
3114,90,1
3114,91,1
3114,92,1
3114,93,1
3114,147,0
3114,148,0
3114,149,0
3114,150,0
3114,152,1
3114,153,1
3114,154,1
3114,155,1
3114,157,1
3114,159,1
3114,160,0
3114,164,0
3114,170,1
3114,171,1
3114,172,1
3114,173,0
3114,174,0
3114,175,1
3114,176,0
3114,177,0
3114,178,0
3114,181,0
3114,182,0
3114,183,0
3114,184,0
3114,194,1
3114,196,0
3114,197,0
3114,198,0
3114,200,0
3114,201,1
3114,202,0
3114,203,0
3120,1,1
3120,2,0
3120,3,1
3120,5,1
3120,6,1
3120,7,1
3120,49,1
3120,50,1
3120,52,1
3120,53,1
3120,54,1
3120,56,1
3120,57,1
3120,59,1
3120,60,1
3120,61,1
3120,63,1
3120,64,1
3120,65,1
3120,66,1
3120,67,1
3120,72,0
3120,73,1
3120,74,1
3120,82,1
3120,83,1
3120,84,1
3120,86,1
3120,87,1
3120,88,1
3120,90,1
3120,91,1
3120,92,1
3120,93,0
3120,147,1
3120,148,0
3120,149,0
3120,150,0
3120,194,0
3120,196,0
3120,197,0
3120,198,0
3120,200,0
3120,201,1
3120,202,0
3120,203,0
3148,1,1
3148,2,0
3148,3,1
3148,5,1
3148,6,1
3148,7,1
3148,9,1
3148,10,0
3148,11,0
3148,12,0
3148,29,0
3148,30,0
3148,31,0
3148,32,1
3148,33,0
3148,34,1
3148,35,0
3148,36,0
3148,37,0
3148,39,0
3148,40,0
3148,41,0
3148,49,1
3148,50,1
3148,52,1
3148,53,1
3148,54,1
3148,56,1
3148,57,1
3148,59,1
3148,60,1
3148,61,1
3148,63,0
3148,64,1
3148,65,1
3148,66,1
3148,67,1
3148,72,1
3148,73,1
3148,74,1
3148,82,1
3148,83,1
3148,84,1
3148,86,1
3148,87,1
3148,88,1
3148,90,1
3148,91,1
3148,92,1
3148,93,1
3148,147,0
3148,148,0
3148,149,1
3148,150,0
3148,152,1
3148,153,1
3148,154,1
3148,155,0
3148,157,0
3148,159,0
3148,160,0
3148,164,0
3148,170,1
3148,171,0
3148,172,0
3148,173,0
3148,174,0
3148,175,0
3148,176,0
3148,177,1
3148,178,1
3148,181,0
3148,182,0
3148,183,0
3148,184,0
3148,194,0
3148,196,0
3148,197,0
3148,198,0
3148,200,0
3148,201,1
3148,202,0
3148,203,0
3153,1,1
3153,2,0
3153,3,1
3153,5,1
3153,6,1
3153,7,1
3153,9,0
3153,10,1
3153,11,0
3153,12,0
3153,29,1
3153,32,0
3153,33,0
3153,34,0
3153,35,0
3153,36,0
3153,37,0
3153,39,0
3153,40,0
3153,41,0
3153,49,1
3153,50,1
3153,52,1
3153,53,1
3153,54,1
3153,56,1
3153,57,1
3153,59,1
3153,60,1
3153,61,1
3153,63,1
3153,64,1
3153,65,1
3153,66,1
3153,67,1
3153,72,1
3153,73,1
3153,74,1
3153,82,1
3153,83,1
3153,84,1
3153,86,1
3153,87,1
3153,88,1
3153,90,1
3153,91,1
3153,92,1
3153,93,1
3153,147,0
3153,148,0
3153,149,1
3153,150,0
3153,152,0
3153,153,0
3153,154,0
3153,155,0
3153,157,0
3153,159,0
3153,160,0
3153,164,0
3153,170,1
3153,171,1
3153,172,0
3153,173,0
3153,174,1
3153,175,1
3153,176,0
3153,177,0
3153,178,0
3153,181,0
3153,182,0
3153,183,0
3153,184,0
3153,194,1
3153,196,1
3153,197,0
3153,198,0
3153,200,0
3153,201,1
3153,202,0
3153,203,0
3164,1,1
3164,2,0
3164,3,1
3164,5,1
3164,6,1
3164,7,1
3164,9,0
3164,10,1
3164,11,0
3164,12,0
3164,29,0
3164,30,0
3164,31,0
3164,32,0
3164,33,0
3164,34,0
3164,35,1
3164,39,0
3164,40,0
3164,41,0
3164,49,1
3164,50,1
3164,52,1
3164,53,1
3164,54,1
3164,56,1
3164,57,1
3164,59,1
3164,60,1
3164,61,1
3164,63,1
3164,64,1
3164,65,1
3164,66,1
3164,67,1
3164,72,0
3164,73,1
3164,74,1
3164,82,1
3164,83,1
3164,84,1
3164,86,1
3164,87,1
3164,88,1
3164,90,1
3164,91,1
3164,92,1
3164,93,1
3164,147,0
3164,148,1
3164,149,0
3164,150,0
3164,152,1
3164,153,1
3164,154,0
3164,155,1
3164,157,0
3164,159,0
3164,160,0
3164,164,0
3164,170,0
3164,171,0
3164,172,0
3164,173,0
3164,174,0
3164,175,0
3164,176,0
3164,177,0
3164,178,0
3164,181,0
3164,182,0
3164,183,0
3164,184,0
3164,194,0
3164,196,0
3164,197,0
3164,198,0
3164,200,0
3164,201,1
3164,202,0
3164,203,0
3167,1,1
3167,2,0
3167,3,1
3167,5,1
3167,6,1
3167,7,1
3167,9,0
3167,10,0
3167,11,0
3167,12,1
3167,29,0
3167,30,0
3167,31,0
3167,32,0
3167,33,0
3167,34,0
3167,35,1
3167,39,0
3167,40,0
3167,41,0
3167,49,1
3167,50,1
3167,52,1
3167,53,1
3167,54,1
3167,56,0
3167,57,0
3167,59,0
3167,60,0
3167,61,1
3167,63,1
3167,64,1
3167,65,1
3167,66,1
3167,67,1
3167,72,1
3167,73,1
3167,74,1
3167,82,1
3167,83,1
3167,84,1
3167,86,1
3167,87,1
3167,88,1
3167,90,1
3167,91,1
3167,92,1
3167,93,1
3167,147,0
3167,148,0
3167,149,0
3167,150,0
3167,152,1
3167,153,1
3167,154,0
3167,155,1
3167,157,1
3167,159,0
3167,160,1
3167,164,0
3167,170,0
3167,171,0
3167,172,0
3167,173,0
3167,174,0
3167,175,0
3167,176,0
3167,177,0
3167,178,0
3167,181,0
3167,182,0
3167,183,0
3167,184,0
3167,194,1
3167,196,1
3167,197,0
3167,198,0
3167,200,0
3167,201,1
3167,202,0
3167,203,0
3168,1,1
3168,2,0
3168,3,1
3168,5,1
3168,6,1
3168,7,1
3168,9,1
3168,10,0
3168,11,0
3168,12,0
3168,29,0
3168,30,0
3168,31,0
3168,32,0
3168,33,0
3168,34,0
3168,35,1
3168,36,1
3168,37,0
3168,39,0
3168,40,0
3168,41,0
3168,49,1
3168,50,1
3168,52,1
3168,53,1
3168,54,1
3168,56,1
3168,57,1
3168,59,1
3168,60,1
3168,61,1
3168,63,1
3168,64,1
3168,65,1
3168,66,1
3168,67,1
3168,72,1
3168,73,1
3168,74,1
3168,82,0
3168,83,0
3168,84,0
3168,86,1
3168,87,1
3168,88,1
3168,90,1
3168,91,1
3168,92,1
3168,93,1
3168,147,0
3168,148,1
3168,149,0
3168,150,0
3168,152,1
3168,153,1
3168,154,1
3168,155,0
3168,157,0
3168,159,0
3168,160,0
3168,164,0
3168,170,0
3168,171,0
3168,172,0
3168,173,0
3168,174,0
3168,175,0
3168,176,0
3168,177,0
3168,178,0
3168,181,0
3168,182,0
3168,183,0
3168,184,0
3168,194,0
3168,196,0
3168,197,0
3168,198,0
3168,200,0
3168,201,1
3168,202,0
3168,203,0
3178,1,1
3178,2,0
3178,3,1
3178,5,1
3178,6,1
3178,7,1
3178,9,0
3178,10,1
3178,11,0
3178,12,0
3178,29,0
3178,30,0
3178,31,0
3178,32,1
3178,33,1
3178,34,0
3178,35,0
3178,36,0
3178,37,0
3178,39,0
3178,40,0
3178,41,0
3178,49,1
3178,50,1
3178,52,1
3178,53,1
3178,54,1
3178,56,1
3178,57,1
3178,59,1
3178,60,1
3178,61,1
3178,63,1
3178,64,1
3178,65,1
3178,66,1
3178,67,1
3178,72,1
3178,73,1
3178,74,1
3178,82,1
3178,83,1
3178,84,1
3178,86,1
3178,87,1
3178,88,1
3178,90,1
3178,91,1
3178,92,1
3178,93,1
3178,147,0
3178,148,0
3178,149,1
3178,150,0
3178,152,1
3178,153,1
3178,154,0
3178,155,1
3178,157,1
3178,159,0
3178,160,1
3178,164,0
3178,170,0
3178,171,0
3178,172,0
3178,173,0
3178,174,0
3178,175,0
3178,176,0
3178,177,0
3178,178,0
3178,181,0
3178,182,0
3178,183,0
3178,184,0
3178,194,1
3178,196,1
3178,197,0
3178,198,0
3178,200,0
3178,201,1
3178,202,0
3178,203,0
3183,1,1
3183,2,0
3183,3,1
3183,5,1
3183,6,1
3183,7,1
3183,9,0
3183,10,1
3183,11,0
3183,12,0
3183,29,0
3183,30,0
3183,31,0
3183,32,0
3183,33,0
3183,34,0
3183,35,1
3183,36,1
3183,37,0
3183,39,0
3183,40,0
3183,41,0
3183,49,1
3183,50,1
3183,52,1
3183,53,1
3183,54,1
3183,56,1
3183,57,1
3183,59,1
3183,60,1
3183,61,1
3183,63,1
3183,64,1
3183,65,1
3183,66,1
3183,67,1
3183,72,1
3183,73,1
3183,74,1
3183,82,1
3183,83,1
3183,84,1
3183,86,1
3183,87,1
3183,88,1
3183,90,1
3183,91,1
3183,92,1
3183,93,0
3183,147,0
3183,148,0
3183,149,0
3183,150,0
3183,152,1
3183,153,1
3183,154,1
3183,155,1
3183,157,1
3183,159,0
3183,160,0
3183,164,0
3183,170,1
3183,171,0
3183,172,0
3183,173,0
3183,174,0
3183,175,0
3183,176,0
3183,177,0
3183,178,0
3183,181,0
3183,182,0
3183,183,0
3183,184,0
3183,194,0
3183,196,0
3183,197,0
3183,198,0
3183,200,0
3183,201,1
3183,202,1
3183,203,0
3184,1,1
3184,2,0
3184,3,1
3184,5,1
3184,6,1
3184,7,1
3184,9,0
3184,10,0
3184,11,1
3184,12,0
3184,29,0
3184,30,0
3184,31,0
3184,32,1
3184,35,0
3184,36,0
3184,37,0
3184,39,0
3184,40,0
3184,41,0
3184,49,1
3184,50,1
3184,52,1
3184,53,1
3184,54,1
3184,56,1
3184,57,1
3184,59,1
3184,60,1
3184,61,1
3184,63,1
3184,64,1
3184,65,1
3184,66,1
3184,67,1
3184,72,1
3184,73,1
3184,74,1
3184,82,1
3184,83,1
3184,84,1
3184,86,1
3184,87,1
3184,88,1
3184,90,1
3184,91,1
3184,92,1
3184,93,1
3184,147,0
3184,148,0
3184,149,1
3184,150,0
3184,152,1
3184,153,1
3184,154,1
3184,155,0
3184,157,0
3184,159,0
3184,160,0
3184,164,0
3184,170,1
3184,171,1
3184,172,0
3184,173,0
3184,174,0
3184,175,0
3184,176,1
3184,177,0
3184,178,0
3184,181,0
3184,182,0
3184,183,0
3184,184,0
3184,194,1
3184,196,0
3184,197,0
3184,198,0
3184,200,0
3184,201,1
3184,202,0
3184,203,0
3185,1,1
3185,2,1
3185,3,0
3185,5,1
3185,6,1
3185,7,1
3185,9,1
3185,10,0
3185,11,0
3185,12,0
3185,29,0
3185,30,0
3185,31,0
3185,32,0
3185,33,0
3185,34,0
3185,35,1
3185,36,1
3185,37,0
3185,39,0
3185,40,0
3185,41,0
3185,49,1
3185,50,1
3185,52,1
3185,53,1
3185,54,1
3185,56,1
3185,57,1
3185,59,1
3185,60,1
3185,61,1
3185,63,1
3185,64,1
3185,65,1
3185,66,1
3185,67,1
3185,72,1
3185,73,1
3185,74,1
3185,82,1
3185,83,1
3185,84,1
3185,86,1
3185,87,1
3185,88,1
3185,90,1
3185,91,1
3185,92,1
3185,93,1
3185,147,0
3185,148,0
3185,149,1
3185,150,0
3185,152,1
3185,153,1
3185,154,0
3185,155,1
3185,157,1
3185,159,0
3185,160,1
3185,164,0
3185,170,0
3185,171,0
3185,172,0
3185,173,0
3185,174,0
3185,175,0
3185,176,0
3185,177,0
3185,178,0
3185,181,0
3185,182,0
3185,183,0
3185,184,0
3185,194,0
3185,196,0
3185,197,0
3185,198,0
3185,200,0
3185,201,1
3185,202,0
3185,203,0
3195,1,1
3195,2,0
3195,3,1
3195,5,1
3195,6,1
3195,7,1
3195,9,0
3195,10,1
3195,11,0
3195,12,0
3195,29,0
3195,30,0
3195,31,0
3195,32,0
3195,33,0
3195,34,0
3195,35,0
3195,36,0
3195,37,0
3195,39,1
3195,49,1
3195,50,1
3195,52,1
3195,53,1
3195,54,1
3195,56,1
3195,57,1
3195,59,1
3195,60,1
3195,61,1
3195,63,1
3195,64,1
3195,65,1
3195,66,1
3195,67,1
3195,72,1
3195,73,1
3195,74,1
3195,82,1
3195,83,1
3195,84,1
3195,86,1
3195,87,1
3195,88,1
3195,90,1
3195,91,1
3195,92,1
3195,93,1
3195,147,0
3195,148,0
3195,149,1
3195,150,0
3195,152,1
3195,153,1
3195,154,0
3195,155,1
3195,157,1
3195,159,0
3195,160,0
3195,164,0
3195,170,0
3195,171,0
3195,172,0
3195,173,0
3195,174,0
3195,175,0
3195,176,0
3195,177,0
3195,178,0
3195,181,0
3195,182,0
3195,183,0
3195,184,0
3195,194,0
3195,196,0
3195,197,0
3195,198,0
3195,200,0
3195,201,1
3195,202,0
3195,203,0
3196,1,1
3196,2,0
3196,3,1
3196,5,1
3196,6,1
3196,7,1
3196,9,0
3196,10,0
3196,11,1
3196,12,0
3196,29,0
3196,30,0
3196,31,0
3196,32,0
3196,33,0
3196,34,0
3196,35,0
3196,36,0
3196,37,0
3196,39,1
3196,40,1
3196,41,0
3196,49,1
3196,50,1
3196,52,1
3196,53,1
3196,54,1
3196,56,1
3196,57,1
3196,59,1
3196,60,1
3196,61,1
3196,63,1
3196,64,1
3196,65,1
3196,66,1
3196,67,1
3196,72,1
3196,73,1
3196,74,1
3196,82,1
3196,83,1
3196,84,1
3196,86,1
3196,87,1
3196,88,1
3196,90,1
3196,91,1
3196,92,1
3196,93,1
3196,147,0
3196,148,0
3196,149,0
3196,150,1
3196,152,1
3196,153,1
3196,154,0
3196,155,1
3196,157,0
3196,159,0
3196,160,0
3196,164,0
3196,170,1
3196,171,1
3196,172,0
3196,173,0
3196,174,1
3196,175,1
3196,176,0
3196,177,0
3196,178,0
3196,181,0
3196,182,0
3196,183,0
3196,184,0
3196,194,0
3196,196,0
3196,197,0
3196,198,0
3196,200,0
3196,201,1
3196,202,0
3196,203,0
3197,1,1
3197,2,0
3197,3,1
3197,5,1
3197,6,1
3197,7,1
3197,9,0
3197,10,1
3197,11,0
3197,12,0
3197,29,0
3197,30,0
3197,31,0
3197,32,0
3197,33,0
3197,34,0
3197,35,0
3197,36,0
3197,37,0
3197,39,1
3197,49,1
3197,50,1
3197,52,1
3197,53,1
3197,54,1
3197,56,1
3197,57,1
3197,59,1
3197,60,1
3197,61,1
3197,63,1
3197,64,1
3197,65,1
3197,66,1
3197,67,1
3197,72,1
3197,73,1
3197,74,1
3197,82,1
3197,83,1
3197,84,1
3197,86,1
3197,87,1
3197,88,1
3197,90,1
3197,91,1
3197,92,1
3197,93,1
3197,147,0
3197,148,0
3197,149,0
3197,150,0
3197,152,1
3197,153,1
3197,154,0
3197,155,1
3197,157,1
3197,159,1
3197,160,0
3197,164,0
3197,170,1
3197,171,1
3197,172,0
3197,173,0
3197,174,1
3197,175,1
3197,176,0
3197,177,0
3197,178,0
3197,181,0
3197,182,0
3197,183,0
3197,184,0
3197,194,1
3197,196,1
3197,197,0
3197,198,0
3197,200,0
3197,201,1
3197,202,0
3197,203,0
3198,1,1
3198,2,0
3198,3,1
3198,5,1
3198,6,1
3198,7,1
3198,9,0
3198,10,0
3198,11,1
3198,12,0
3198,29,0
3198,30,0
3198,31,0
3198,32,1
3198,35,0
3198,36,0
3198,37,0
3198,39,0
3198,40,0
3198,41,0
3198,49,1
3198,50,1
3198,52,1
3198,53,1
3198,54,1
3198,56,1
3198,57,1
3198,59,1
3198,60,1
3198,61,1
3198,63,1
3198,64,1
3198,65,1
3198,66,1
3198,67,1
3198,72,1
3198,73,1
3198,74,1
3198,82,1
3198,83,1
3198,84,1
3198,86,1
3198,87,1
3198,88,1
3198,90,1
3198,91,1
3198,92,1
3198,93,1
3198,147,0
3198,148,0
3198,149,1
3198,150,0
3198,152,1
3198,153,1
3198,154,1
3198,155,0
3198,157,1
3198,159,1
3198,160,0
3198,164,0
3198,170,0
3198,171,0
3198,172,0
3198,173,0
3198,174,0
3198,175,0
3198,176,0
3198,177,0
3198,178,0
3198,181,0
3198,182,0
3198,183,0
3198,184,0
3198,194,0
3198,196,1
3198,197,0
3198,198,0
3198,200,0
3198,201,1
3198,202,0
3198,203,0
3201,1,1
3201,2,0
3201,3,1
3201,5,1
3201,6,1
3201,7,1
3201,49,1
3201,50,1
3201,52,1
3201,53,1
3201,54,1
3201,56,1
3201,57,1
3201,59,1
3201,60,1
3201,61,1
3201,63,1
3201,64,1
3201,65,1
3201,66,1
3201,67,1
3201,72,0
3201,73,1
3201,74,1
3201,82,1
3201,83,1
3201,84,1
3201,86,1
3201,87,1
3201,88,1
3201,90,1
3201,91,1
3201,92,0
3201,93,0
3201,147,1
3201,148,0
3201,149,0
3201,150,0
3201,194,0
3201,196,0
3201,197,0
3201,198,0
3201,200,0
3201,201,1
3201,202,0
3201,203,0
3204,1,1
3204,2,0
3204,3,1
3204,5,1
3204,6,1
3204,7,1
3204,29,0
3204,30,0
3204,31,0
3204,32,0
3204,33,0
3204,34,0
3204,35,1
3204,39,0
3204,40,0
3204,41,0
3204,49,1
3204,50,1
3204,52,1
3204,53,1
3204,54,1
3204,56,1
3204,57,1
3204,59,1
3204,60,1
3204,61,1
3204,63,1
3204,64,1
3204,65,1
3204,66,1
3204,67,1
3204,72,1
3204,73,1
3204,74,1
3204,82,1
3204,83,1
3204,84,1
3204,86,1
3204,87,1
3204,88,1
3204,90,1
3204,91,1
3204,92,1
3204,93,0
3204,147,1
3204,148,0
3204,149,0
3204,150,0
3204,194,0
3204,196,0
3204,197,0
3204,198,0
3204,200,0
3204,201,1
3204,202,0
3204,203,0
3205,1,1
3205,5,1
3205,6,1
3205,7,1
3205,49,1
3205,50,1
3205,52,1
3205,53,1
3205,54,1
3205,56,1
3205,57,1
3205,59,1
3205,60,1
3205,61,1
3205,63,1
3205,64,1
3205,65,1
3205,66,1
3205,67,1
3205,72,1
3205,73,1
3205,74,1
3205,82,1
3205,83,1
3205,84,1
3205,86,1
3205,87,1
3205,88,1
3205,90,1
3205,91,1
3205,92,1
3205,93,1
3205,147,1
3205,148,0
3205,149,0
3205,150,0
3205,194,0
3205,196,0
3205,197,0
3205,198,0
3205,200,0
3205,201,0
3205,202,0
3205,203,0
3225,1,1
3225,2,0
3225,3,1
3225,5,1
3225,6,1
3225,7,1
3225,29,1
3225,30,1
3225,31,0
3225,32,0
3225,33,0
3225,34,0
3225,35,0
3225,36,0
3225,37,0
3225,39,0
3225,40,0
3225,41,0
3225,49,1
3225,50,1
3225,52,1
3225,53,1
3225,54,1
3225,56,1
3225,57,1
3225,59,1
3225,60,1
3225,61,1
3225,63,1
3225,64,1
3225,65,1
3225,66,1
3225,67,1
3225,72,1
3225,73,1
3225,74,1
3225,82,1
3225,83,1
3225,84,1
3225,86,1
3225,87,1
3225,88,1
3225,90,1
3225,91,1
3225,92,1
3225,93,1
3225,147,1
3225,148,0
3225,149,0
3225,150,0
3225,194,0
3225,196,0
3225,197,0
3225,198,0
3225,200,0
3225,201,0
3225,202,0
3225,203,0
3234,1,1
3234,2,0
3234,3,1
3234,5,1
3234,6,1
3234,7,1
3234,9,0
3234,10,1
3234,11,0
3234,12,0
3234,29,0
3234,30,0
3234,31,0
3234,32,0
3234,33,0
3234,34,0
3234,35,0
3234,36,0
3234,37,0
3234,39,1
3234,49,1
3234,50,1
3234,52,1
3234,53,1
3234,54,1
3234,56,1
3234,57,1
3234,59,1
3234,60,1
3234,61,1
3234,63,1
3234,64,1
3234,65,1
3234,66,1
3234,67,1
3234,72,1
3234,73,1
3234,74,1
3234,82,1
3234,83,1
3234,84,1
3234,86,1
3234,87,1
3234,88,1
3234,90,1
3234,91,1
3234,92,1
3234,93,1
3234,147,0
3234,148,1
3234,149,0
3234,150,0
3234,152,0
3234,153,0
3234,154,0
3234,155,0
3234,157,0
3234,159,0
3234,160,0
3234,164,0
3234,170,1
3234,171,1
3234,172,0
3234,173,0
3234,174,0
3234,175,1
3234,176,0
3234,177,0
3234,178,0
3234,181,0
3234,182,0
3234,183,0
3234,184,0
3234,194,1
3234,196,1
3234,197,0
3234,198,0
3234,200,0
3234,201,1
3234,202,0
3234,203,0
3235,1,1
3235,2,0
3235,3,1
3235,5,1
3235,6,1
3235,7,1
3235,49,1
3235,50,1
3235,52,1
3235,53,1
3235,54,1
3235,56,1
3235,57,1
3235,59,1
3235,60,1
3235,61,1
3235,63,1
3235,64,1
3235,65,1
3235,66,1
3235,67,1
3235,72,1
3235,73,1
3235,74,1
3235,82,1
3235,83,1
3235,84,1
3235,86,1
3235,87,1
3235,88,1
3235,90,1
3235,91,1
3235,92,1
3235,93,1
3235,147,1
3235,148,0
3235,149,0
3235,150,0
3235,194,0
3235,196,0
3235,197,0
3235,198,0
3235,200,0
3235,201,1
3235,202,0
3235,203,0
3236,1,1
3236,5,1
3236,6,1
3236,7,1
3236,56,1
3236,57,1
3236,59,1
3236,60,1
3236,61,1
3236,63,1
3236,64,1
3236,65,1
3236,66,1
3236,67,1
3236,72,1
3236,73,1
3236,74,1
3236,82,1
3236,83,1
3236,84,1
3236,86,1
3236,87,1
3236,88,1
3236,90,1
3236,91,1
3236,92,1
3236,93,1
3236,147,1
3236,148,0
3236,149,0
3236,150,0
3236,194,0
3236,196,0
3236,197,0
3236,198,0
3236,200,0
3236,201,1
3236,202,0
3236,203,0
3253,1,1
3253,2,0
3253,3,1
3253,5,1
3253,6,1
3253,7,1
3253,9,1
3253,10,0
3253,11,0
3253,12,0
3253,29,1
3253,32,0
3253,33,0
3253,34,0
3253,35,0
3253,36,0
3253,37,0
3253,39,0
3253,40,0
3253,41,0
3253,49,1
3253,50,1
3253,52,1
3253,53,1
3253,54,1
3253,56,1
3253,57,1
3253,59,1
3253,60,1
3253,61,1
3253,63,1
3253,64,1
3253,65,1
3253,66,1
3253,67,1
3253,72,0
3253,73,1
3253,74,1
3253,82,1
3253,83,1
3253,84,1
3253,86,1
3253,87,1
3253,88,1
3253,90,1
3253,91,1
3253,92,1
3253,93,1
3253,147,1
3253,148,0
3253,149,0
3253,150,0
3253,194,0
3253,196,0
3253,197,0
3253,198,0
3253,200,0
3253,201,1
3253,202,0
3253,203,0
3254,1,1
3254,2,0
3254,3,1
3254,5,1
3254,6,1
3254,7,1
3254,49,1
3254,50,1
3254,52,1
3254,53,1
3254,54,1
3254,56,1
3254,57,1
3254,59,1
3254,60,1
3254,61,1
3254,63,1
3254,64,1
3254,65,1
3254,66,1
3254,67,1
3254,72,1
3254,73,1
3254,74,1
3254,82,1
3254,83,1
3254,84,1
3254,86,1
3254,87,1
3254,88,1
3254,90,1
3254,91,1
3254,92,1
3254,93,1
3254,147,1
3254,148,0
3254,149,0
3254,150,0
3254,194,0
3254,196,0
3254,197,0
3254,198,0
3254,200,0
3254,201,1
3254,202,0
3254,203,0
3261,1,1
3261,2,0
3261,3,1
3261,5,1
3261,6,1
3261,7,1
3261,147,1
3261,148,0
3261,149,0
3261,150,0
3261,194,0
3261,196,0
3261,197,0
3261,198,0
3261,200,0
3261,201,1
3261,202,0
3261,203,0
3267,1,1
3267,2,0
3267,3,1
3267,5,1
3267,6,1
3267,7,1
3267,29,0
3267,30,0
3267,31,0
3267,32,1
3267,33,1
3267,34,0
3267,35,0
3267,36,0
3267,37,0
3267,39,0
3267,40,0
3267,41,0
3267,49,0
3267,50,1
3267,52,1
3267,53,1
3267,54,1
3267,56,1
3267,57,1
3267,59,1
3267,60,1
3267,61,1
3267,63,1
3267,64,1
3267,65,1
3267,66,1
3267,67,1
3267,72,1
3267,73,1
3267,74,1
3267,82,1
3267,83,1
3267,84,1
3267,86,1
3267,87,1
3267,88,1
3267,90,1
3267,91,1
3267,92,1
3267,93,1
3267,147,1
3267,148,0
3267,149,0
3267,150,0
3267,194,0
3267,196,0
3267,197,0
3267,198,0
3267,200,0
3267,201,1
3267,202,0
3267,203,0
3269,1,1
3269,2,1
3269,3,0
3269,5,1
3269,6,1
3269,7,1
3269,49,1
3269,50,1
3269,52,1
3269,53,1
3269,54,1
3269,56,1
3269,57,1
3269,59,1
3269,60,1
3269,61,1
3269,63,1
3269,64,1
3269,65,1
3269,66,1
3269,67,1
3269,72,1
3269,73,1
3269,74,1
3269,82,1
3269,83,1
3269,84,1
3269,86,1
3269,87,1
3269,88,1
3269,90,1
3269,91,1
3269,92,1
3269,93,1
3269,147,1
3269,148,0
3269,149,0
3269,150,0
3269,194,0
3269,196,1
3269,197,0
3269,198,0
3269,200,0
3269,201,1
3269,202,0
3269,203,0
3276,1,1
3276,2,0
3276,3,1
3276,5,1
3276,6,1
3276,7,1
3276,29,1
3276,32,0
3276,33,0
3276,34,0
3276,35,0
3276,36,0
3276,37,0
3276,39,0
3276,40,0
3276,41,0
3276,56,0
3276,57,1
3276,59,1
3276,60,1
3276,61,1
3276,63,1
3276,64,1
3276,65,1
3276,66,1
3276,67,1
3276,72,1
3276,73,1
3276,74,1
3276,82,1
3276,83,1
3276,84,1
3276,86,1
3276,87,1
3276,88,1
3276,90,1
3276,91,1
3276,92,1
3276,93,1
3276,147,1
3276,148,0
3276,149,0
3276,150,0
3276,194,0
3276,196,0
3276,197,0
3276,198,0
3276,200,0
3276,201,0
3276,202,0
3276,203,0
3280,1,1
3280,2,0
3280,3,1
3280,5,1
3280,6,1
3280,7,1
3280,9,0
3280,10,0
3280,11,0
3280,12,1
3280,29,0
3280,30,0
3280,31,0
3280,32,0
3280,33,0
3280,34,0
3280,35,0
3280,36,0
3280,37,0
3280,39,1
3280,147,1
3280,148,0
3280,149,0
3280,150,0
3280,194,0
3280,196,0
3280,197,0
3280,198,0
3280,200,0
3280,201,0
3280,202,0
3280,203,0
3282,1,1
3282,5,1
3282,6,1
3282,7,1
3282,72,1
3282,73,1
3282,74,1
3282,82,1
3282,83,1
3282,84,1
3282,86,1
3282,87,1
3282,88,1
3282,90,1
3282,91,1
3282,92,1
3282,93,1
3282,147,1
3282,148,0
3282,149,0
3282,150,0
3282,194,0
3282,196,0
3282,197,0
3282,198,0
3282,200,0
3282,201,0
3282,202,0
3282,203,0
3288,1,1
3288,2,1
3288,3,0
3288,5,1
3288,6,1
3288,7,1
3288,82,1
3288,83,1
3288,84,1
3288,86,1
3288,87,1
3288,88,1
3288,90,1
3288,91,1
3288,92,1
3288,93,1
3288,147,1
3288,148,0
3288,149,0
3288,150,0
3288,194,0
3288,196,0
3288,197,0
3288,198,0
3288,200,0
3288,201,0
3288,202,0
3288,203,0
3297,1,1
3297,2,0
3297,3,1
3297,5,1
3297,6,1
3297,7,1
3297,49,1
3297,50,1
3297,52,1
3297,53,1
3297,54,1
3297,56,1
3297,57,1
3297,59,1
3297,60,1
3297,61,1
3297,63,1
3297,64,1
3297,65,1
3297,66,1
3297,67,1
3297,72,1
3297,73,1
3297,74,1
3297,82,1
3297,83,1
3297,84,1
3297,86,1
3297,87,1
3297,88,1
3297,90,1
3297,91,1
3297,92,1
3297,93,1
3297,147,1
3297,148,0
3297,149,0
3297,150,0
3297,194,1
3297,196,1
3297,197,0
3297,198,0
3297,200,0
3297,201,1
3297,202,0
3297,203,0
3299,1,1
3299,2,1
3299,3,0
3299,5,1
3299,6,1
3299,7,1
3299,9,0
3299,10,0
3299,11,0
3299,12,0
3299,29,0
3299,30,0
3299,31,0
3299,32,0
3299,33,0
3299,34,0
3299,35,0
3299,36,0
3299,37,0
3299,39,1
3299,49,1
3299,50,1
3299,52,1
3299,53,1
3299,54,1
3299,56,1
3299,57,1
3299,59,1
3299,60,1
3299,61,1
3299,63,1
3299,64,1
3299,65,1
3299,66,1
3299,67,1
3299,72,1
3299,73,1
3299,74,1
3299,82,1
3299,83,1
3299,84,1
3299,86,1
3299,87,1
3299,88,1
3299,90,1
3299,91,1
3299,92,1
3299,93,1
3299,147,1
3299,148,0
3299,149,0
3299,150,0
3299,194,0
3299,196,1
3299,197,0
3299,198,0
3299,200,0
3299,201,1
3299,202,0
3299,203,0
3300,1,1
3300,2,0
3300,3,1
3300,5,1
3300,6,1
3300,7,1
3300,9,0
3300,10,0
3300,11,0
3300,12,1
3300,29,0
3300,30,0
3300,31,0
3300,32,0
3300,33,0
3300,34,0
3300,35,0
3300,36,0
3300,37,0
3300,39,1
3300,49,0
3300,50,1
3300,52,1
3300,53,1
3300,54,1
3300,56,1
3300,57,1
3300,59,1
3300,60,1
3300,61,1
3300,63,1
3300,64,1
3300,65,1
3300,66,1
3300,67,1
3300,72,1
3300,73,1
3300,74,1
3300,82,1
3300,83,1
3300,84,1
3300,86,1
3300,87,1
3300,88,1
3300,90,1
3300,91,1
3300,92,1
3300,93,1
3300,147,1
3300,148,0
3300,149,0
3300,150,0
3300,194,0
3300,196,0
3300,197,0
3300,198,0
3300,200,0
3300,201,1
3300,202,0
3300,203,0
3556,1,1
3556,2,0
3556,3,1
3556,5,1
3556,6,1
3556,7,1
3556,9,1
3556,10,0
3556,11,0
3556,12,0
3556,29,0
3556,30,0
3556,31,0
3556,32,1
3556,33,1
3556,34,0
3556,35,0
3556,36,0
3556,37,0
3556,39,0
3556,40,0
3556,41,0
3556,49,1
3556,50,1
3556,52,1
3556,53,1
3556,54,1
3556,56,1
3556,57,1
3556,59,1
3556,60,1
3556,61,1
3556,63,1
3556,64,1
3556,65,1
3556,66,1
3556,67,1
3556,72,1
3556,73,1
3556,74,1
3556,82,1
3556,83,1
3556,84,1
3556,86,1
3556,87,1
3556,88,1
3556,90,1
3556,91,1
3556,92,1
3556,93,1
3556,147,1
3556,148,0
3556,149,0
3556,150,0
3556,194,0
3556,196,0
3556,197,0
3556,198,0
3556,200,0
3556,201,0
3556,202,0
3556,203,0
3557,1,1
3557,2,1
3557,3,0
3557,5,1
3557,6,1
3557,7,1
3557,72,1
3557,73,1
3557,74,1
3557,82,1
3557,83,1
3557,84,1
3557,90,1
3557,91,1
3557,92,1
3557,93,0
3557,147,1
3557,148,0
3557,149,0
3557,150,0
3557,194,0
3557,196,0
3557,197,0
3557,198,0
3557,200,0
3557,201,0
3557,202,0
3557,203,0
3560,1,1
3560,5,1
3560,6,1
3560,7,1
3560,49,1
3560,50,1
3560,52,1
3560,53,1
3560,54,1
3560,56,1
3560,57,1
3560,59,1
3560,60,1
3560,61,1
3560,63,1
3560,64,1
3560,65,1
3560,66,1
3560,67,1
3560,72,1
3560,73,1
3560,74,1
3560,82,1
3560,83,1
3560,84,1
3560,86,1
3560,87,1
3560,88,1
3560,90,1
3560,91,1
3560,92,1
3560,93,1
3560,147,1
3560,148,0
3560,149,0
3560,150,0
3560,194,0
3560,196,0
3560,197,0
3560,198,0
3560,200,0
3560,201,0
3560,202,0
3560,203,0
3562,1,1
3562,2,0
3562,3,1
3562,5,1
3562,6,1
3562,7,1
3562,9,0
3562,10,0
3562,11,1
3562,12,0
3562,29,0
3562,30,0
3562,31,0
3562,32,0
3562,33,0
3562,34,0
3562,35,1
3562,39,0
3562,40,0
3562,41,0
3562,72,0
3562,73,1
3562,74,1
3562,82,1
3562,83,1
3562,84,1
3562,86,1
3562,87,1
3562,88,1
3562,90,1
3562,91,1
3562,92,1
3562,93,1
3562,147,1
3562,148,0
3562,149,0
3562,150,0
3562,194,0
3562,196,0
3562,197,0
3562,198,0
3562,200,0
3562,201,0
3562,202,0
3562,203,0
3564,1,1
3564,2,1
3564,3,0
3564,5,1
3564,6,1
3564,7,1
3564,49,1
3564,50,1
3564,52,1
3564,53,1
3564,54,1
3564,56,1
3564,57,1
3564,59,1
3564,60,1
3564,61,1
3564,63,1
3564,64,1
3564,65,1
3564,66,1
3564,67,1
3564,72,0
3564,73,1
3564,74,1
3564,82,1
3564,83,1
3564,84,1
3564,86,1
3564,87,1
3564,88,1
3564,90,1
3564,91,1
3564,92,1
3564,93,0
3564,147,1
3564,148,0
3564,149,0
3564,150,0
3564,194,0
3564,196,0
3564,197,0
3564,198,0
3564,200,0
3564,201,1
3564,202,0
3564,203,0
3568,1,1
3568,2,1
3568,3,0
3568,5,1
3568,6,1
3568,7,1
3568,49,1
3568,50,1
3568,52,1
3568,53,1
3568,54,1
3568,56,1
3568,57,1
3568,59,1
3568,60,1
3568,61,1
3568,63,1
3568,64,1
3568,65,1
3568,66,1
3568,67,1
3568,72,1
3568,73,1
3568,74,1
3568,82,1
3568,83,1
3568,84,1
3568,86,1
3568,87,1
3568,88,1
3568,90,1
3568,91,1
3568,92,1
3568,93,1
3568,147,1
3568,148,0
3568,149,0
3568,150,0
3568,194,0
3568,196,0
3568,197,0
3568,198,0
3568,200,0
3568,201,0
3568,202,0
3568,203,0
3574,1,1
3574,2,0
3574,3,1
3574,5,1
3574,6,1
3574,7,1
3574,56,1
3574,57,1
3574,59,1
3574,60,1
3574,61,1
3574,63,1
3574,64,1
3574,65,1
3574,66,1
3574,67,1
3574,72,1
3574,73,1
3574,74,1
3574,82,1
3574,83,1
3574,84,1
3574,86,1
3574,87,1
3574,88,1
3574,90,1
3574,91,1
3574,92,1
3574,93,1
3574,147,1
3574,148,0
3574,149,0
3574,150,0
3574,194,0
3574,196,0
3574,197,0
3574,198,0
3574,200,0
3574,201,0
3574,202,0
3574,203,0
3575,1,1
3575,2,0
3575,3,1
3575,5,1
3575,6,1
3575,7,1
3575,29,0
3575,30,0
3575,31,0
3575,32,0
3575,33,0
3575,34,0
3575,35,0
3575,36,0
3575,37,0
3575,39,1
3575,49,1
3575,50,1
3575,52,1
3575,53,1
3575,54,1
3575,56,1
3575,57,1
3575,59,1
3575,60,1
3575,61,1
3575,63,1
3575,64,1
3575,65,1
3575,66,1
3575,67,1
3575,72,1
3575,73,1
3575,74,1
3575,82,1
3575,83,1
3575,84,1
3575,86,1
3575,87,1
3575,88,1
3575,90,1
3575,91,1
3575,92,1
3575,93,1
3575,147,1
3575,148,0
3575,149,0
3575,150,0
3575,194,0
3575,196,0
3575,197,0
3575,198,0
3575,200,0
3575,201,1
3575,202,0
3575,203,0
3579,1,1
3579,2,0
3579,3,1
3579,5,1
3579,6,1
3579,7,1
3579,9,0
3579,10,1
3579,11,0
3579,12,0
3579,29,0
3579,30,0
3579,31,0
3579,32,0
3579,33,0
3579,34,0
3579,35,0
3579,36,0
3579,37,0
3579,39,1
3579,49,1
3579,50,1
3579,52,1
3579,53,1
3579,54,1
3579,56,1
3579,57,1
3579,59,1
3579,60,1
3579,61,1
3579,63,1
3579,64,1
3579,65,1
3579,66,1
3579,67,1
3579,72,1
3579,73,1
3579,74,1
3579,82,1
3579,83,1
3579,84,1
3579,86,1
3579,87,1
3579,88,1
3579,90,1
3579,91,1
3579,92,1
3579,93,1
3579,147,0
3579,148,0
3579,149,0
3579,150,1
3579,152,1
3579,153,1
3579,154,1
3579,155,1
3579,157,1
3579,159,0
3579,160,0
3579,164,0
3579,170,0
3579,171,0
3579,172,0
3579,173,0
3579,174,0
3579,175,0
3579,176,0
3579,177,0
3579,178,0
3579,181,0
3579,182,0
3579,183,0
3579,184,0
3579,194,1
3579,196,0
3579,197,0
3579,198,1
3579,200,0
3579,201,1
3579,202,0
3579,203,0
3580,1,1
3580,2,0
3580,3,1
3580,5,1
3580,6,1
3580,7,1
3580,29,1
3580,32,0
3580,33,0
3580,34,0
3580,35,0
3580,36,0
3580,37,0
3580,39,0
3580,40,0
3580,41,0
3580,49,1
3580,50,1
3580,52,1
3580,53,1
3580,54,1
3580,56,1
3580,57,1
3580,59,1
3580,60,1
3580,61,1
3580,63,0
3580,64,1
3580,65,1
3580,66,1
3580,67,1
3580,72,1
3580,73,1
3580,74,1
3580,82,1
3580,83,1
3580,84,1
3580,86,1
3580,87,1
3580,88,1
3580,90,1
3580,91,1
3580,92,1
3580,93,1
3580,147,1
3580,148,0
3580,149,0
3580,150,0
3580,194,0
3580,196,0
3580,197,0
3580,198,0
3580,200,0
3580,201,1
3580,202,1
3580,203,0
3583,1,1
3583,2,0
3583,3,1
3583,5,1
3583,6,1
3583,7,1
3583,9,0
3583,10,1
3583,11,0
3583,12,0
3583,29,0
3583,30,0
3583,31,0
3583,32,0
3583,33,0
3583,34,0
3583,35,0
3583,36,0
3583,37,0
3583,39,1
3583,49,1
3583,50,1
3583,52,1
3583,53,1
3583,54,1
3583,56,1
3583,57,1
3583,59,1
3583,60,1
3583,61,1
3583,63,1
3583,64,1
3583,65,1
3583,66,1
3583,67,1
3583,72,1
3583,73,1
3583,74,1
3583,82,1
3583,83,1
3583,84,1
3583,86,1
3583,87,1
3583,88,1
3583,90,1
3583,91,1
3583,92,1
3583,93,1
3583,147,0
3583,148,1
3583,149,0
3583,150,0
3583,152,1
3583,153,1
3583,154,0
3583,155,1
3583,157,0
3583,159,0
3583,160,0
3583,164,0
3583,170,0
3583,171,0
3583,172,0
3583,173,0
3583,174,0
3583,175,0
3583,176,0
3583,177,0
3583,178,0
3583,181,0
3583,182,0
3583,183,0
3583,184,0
3583,194,0
3583,196,0
3583,197,0
3583,198,0
3583,200,0
3583,201,1
3583,202,0
3583,203,0
3591,1,1
3591,5,1
3591,6,1
3591,7,1
3591,49,0
3591,50,1
3591,52,1
3591,53,1
3591,54,1
3591,56,0
3591,57,0
3591,59,1
3591,60,1
3591,61,1
3591,63,1
3591,64,1
3591,65,1
3591,66,1
3591,67,1
3591,72,1
3591,73,1
3591,74,1
3591,82,1
3591,83,1
3591,84,1
3591,86,1
3591,87,1
3591,88,1
3591,90,1
3591,91,1
3591,92,1
3591,93,1
3591,147,1
3591,148,0
3591,149,0
3591,150,0
3591,194,0
3591,196,0
3591,197,0
3591,198,0
3591,200,0
3591,201,0
3591,202,0
3591,203,0
3594,1,1
3594,2,0
3594,3,1
3594,5,1
3594,6,1
3594,7,1
3594,9,0
3594,10,1
3594,11,0
3594,12,0
3594,29,1
3594,32,0
3594,33,0
3594,34,0
3594,35,0
3594,36,0
3594,37,0
3594,39,0
3594,40,0
3594,41,0
3594,72,1
3594,73,1
3594,74,1
3594,82,1
3594,83,1
3594,84,1
3594,86,1
3594,87,1
3594,88,1
3594,90,1
3594,91,1
3594,92,1
3594,93,1
3594,147,1
3594,148,0
3594,149,0
3594,150,0
3594,194,0
3594,196,0
3594,197,0
3594,198,0
3594,200,0
3594,201,0
3594,202,0
3594,203,0
3596,1,1
3596,2,0
3596,3,1
3596,5,1
3596,6,1
3596,7,1
3596,49,1
3596,50,1
3596,52,1
3596,53,1
3596,54,1
3596,56,1
3596,57,1
3596,59,1
3596,60,1
3596,61,1
3596,63,1
3596,64,1
3596,65,1
3596,66,1
3596,67,1
3596,72,0
3596,73,1
3596,74,1
3596,82,1
3596,83,1
3596,84,1
3596,86,1
3596,87,1
3596,88,1
3596,90,1
3596,91,1
3596,92,1
3596,93,0
3596,147,1
3596,148,0
3596,149,0
3596,150,0
3596,194,0
3596,196,0
3596,197,0
3596,198,0
3596,200,0
3596,201,0
3596,202,0
3596,203,0
3600,1,1
3600,2,0
3600,3,1
3600,5,1
3600,6,1
3600,7,1
3600,29,0
3600,30,0
3600,31,0
3600,32,0
3600,33,0
3600,34,0
3600,35,0
3600,36,0
3600,37,0
3600,39,1
3600,49,1
3600,50,1
3600,52,1
3600,53,1
3600,54,1
3600,56,1
3600,57,1
3600,59,1
3600,60,1
3600,61,1
3600,63,1
3600,64,1
3600,65,1
3600,66,1
3600,67,1
3600,72,0
3600,73,0
3600,74,0
3600,82,1
3600,83,1
3600,84,1
3600,86,1
3600,87,1
3600,88,1
3600,90,1
3600,91,1
3600,92,1
3600,93,1
3600,147,1
3600,148,0
3600,149,0
3600,150,0
3600,194,0
3600,196,0
3600,197,0
3600,198,0
3600,200,0
3600,201,0
3600,202,0
3600,203,1
3602,1,1
3602,2,0
3602,3,1
3602,5,1
3602,6,1
3602,7,1
3602,56,1
3602,57,1
3602,59,1
3602,60,1
3602,61,1
3602,63,1
3602,64,1
3602,65,1
3602,66,1
3602,67,1
3602,72,1
3602,73,1
3602,74,1
3602,82,1
3602,83,1
3602,84,1
3602,86,1
3602,87,1
3602,88,1
3602,90,1
3602,91,1
3602,92,1
3602,93,1
3602,147,1
3602,148,0
3602,149,0
3602,150,0
3602,194,0
3602,196,0
3602,197,0
3602,198,0
3602,200,0
3602,201,1
3602,202,0
3602,203,0
3605,1,1
3605,2,0
3605,3,1
3605,5,1
3605,6,1
3605,7,1
3605,49,1
3605,50,1
3605,52,1
3605,53,1
3605,54,1
3605,56,1
3605,57,1
3605,59,1
3605,60,1
3605,61,1
3605,63,1
3605,64,1
3605,65,1
3605,66,1
3605,67,1
3605,72,0
3605,73,1
3605,74,1
3605,82,1
3605,83,1
3605,84,1
3605,86,1
3605,87,1
3605,88,1
3605,90,1
3605,91,1
3605,92,1
3605,93,1
3605,147,1
3605,148,0
3605,149,0
3605,150,0
3605,194,0
3605,196,0
3605,197,0
3605,198,0
3605,200,0
3605,201,1
3605,202,0
3605,203,0
3608,1,1
3608,2,0
3608,3,1
3608,5,1
3608,6,1
3608,7,1
3608,49,1
3608,50,1
3608,52,1
3608,53,1
3608,54,1
3608,56,1
3608,57,1
3608,59,1
3608,60,1
3608,61,1
3608,63,1
3608,64,1
3608,65,1
3608,66,1
3608,67,1
3608,72,0
3608,73,0
3608,74,0
3608,82,1
3608,83,1
3608,84,1
3608,86,1
3608,87,1
3608,88,1
3608,90,1
3608,91,1
3608,92,1
3608,93,1
3608,147,1
3608,148,0
3608,149,0
3608,150,0
3608,194,1
3608,196,1
3608,197,0
3608,198,0
3608,200,0
3608,201,1
3608,202,1
3608,203,0
3610,1,1
3610,2,1
3610,3,0
3610,5,1
3610,6,1
3610,7,1
3610,56,1
3610,57,1
3610,59,1
3610,60,1
3610,61,1
3610,63,1
3610,64,1
3610,65,1
3610,66,1
3610,67,1
3610,72,1
3610,73,1
3610,74,1
3610,82,1
3610,83,1
3610,84,1
3610,86,1
3610,87,1
3610,88,1
3610,90,1
3610,91,1
3610,92,1
3610,93,1
3610,147,1
3610,148,0
3610,149,0
3610,150,0
3610,194,0
3610,196,0
3610,197,0
3610,198,0
3610,200,0
3610,201,0
3610,202,0
3610,203,0
3613,1,1
3613,2,0
3613,3,1
3613,5,1
3613,6,1
3613,7,1
3613,49,1
3613,50,1
3613,52,1
3613,53,1
3613,54,1
3613,56,1
3613,57,1
3613,59,1
3613,60,1
3613,61,1
3613,63,1
3613,64,1
3613,65,1
3613,66,1
3613,67,1
3613,72,1
3613,73,1
3613,74,1
3613,82,1
3613,83,1
3613,84,1
3613,86,1
3613,87,1
3613,88,1
3613,90,1
3613,91,1
3613,92,1
3613,93,1
3613,147,1
3613,148,0
3613,149,0
3613,150,0
3613,194,0
3613,196,0
3613,197,0
3613,198,0
3613,200,0
3613,201,1
3613,202,0
3613,203,0
3615,1,1
3615,2,0
3615,3,1
3615,5,1
3615,6,1
3615,7,1
3615,9,0
3615,10,0
3615,11,0
3615,12,1
3615,29,0
3615,30,0
3615,31,0
3615,32,0
3615,33,0
3615,34,0
3615,35,1
3615,36,1
3615,37,0
3615,39,0
3615,40,0
3615,41,0
3615,49,1
3615,50,1
3615,52,1
3615,53,1
3615,54,1
3615,56,1
3615,57,1
3615,59,1
3615,60,1
3615,61,1
3615,63,1
3615,64,1
3615,65,1
3615,66,1
3615,67,1
3615,72,1
3615,73,1
3615,74,1
3615,82,1
3615,83,1
3615,84,1
3615,86,1
3615,87,1
3615,88,1
3615,90,1
3615,91,1
3615,92,1
3615,93,1
3615,147,0
3615,148,1
3615,149,0
3615,150,0
3615,152,0
3615,153,0
3615,154,0
3615,155,0
3615,157,0
3615,159,0
3615,160,0
3615,164,0
3615,170,1
3615,171,1
3615,172,0
3615,173,0
3615,174,1
3615,175,0
3615,176,0
3615,177,0
3615,178,0
3615,181,0
3615,182,0
3615,183,0
3615,184,0
3615,194,1
3615,196,1
3615,197,0
3615,198,0
3615,200,0
3615,201,1
3615,202,0
3615,203,0
3619,1,1
3619,2,0
3619,3,1
3619,5,1
3619,6,1
3619,7,1
3619,49,1
3619,50,1
3619,52,1
3619,53,1
3619,54,1
3619,56,1
3619,57,1
3619,59,1
3619,60,1
3619,61,1
3619,63,0
3619,64,1
3619,65,1
3619,66,1
3619,67,1
3619,72,1
3619,73,1
3619,74,1
3619,82,1
3619,83,1
3619,84,1
3619,86,1
3619,87,1
3619,88,1
3619,90,1
3619,91,1
3619,92,1
3619,93,1
3619,147,1
3619,148,0
3619,149,0
3619,150,0
3619,194,0
3619,196,0
3619,197,0
3619,198,0
3619,200,0
3619,201,0
3619,202,0
3619,203,0
3621,1,1
3621,2,0
3621,3,1
3621,5,1
3621,6,1
3621,7,1
3621,29,1
3621,32,0
3621,33,0
3621,34,0
3621,35,0
3621,36,0
3621,37,0
3621,39,0
3621,40,0
3621,41,0
3621,72,1
3621,73,1
3621,74,1
3621,82,1
3621,83,1
3621,84,1
3621,86,1
3621,87,1
3621,88,1
3621,90,1
3621,91,1
3621,92,1
3621,93,0
3621,147,1
3621,148,0
3621,149,0
3621,150,0
3621,194,0
3621,196,0
3621,197,0
3621,198,0
3621,200,0
3621,201,1
3621,202,0
3621,203,0
3623,1,1
3623,2,0
3623,3,1
3623,5,1
3623,6,1
3623,7,1
3623,29,1
3623,32,0
3623,33,0
3623,34,0
3623,35,0
3623,36,0
3623,37,0
3623,39,0
3623,40,0
3623,41,0
3623,72,1
3623,73,1
3623,74,1
3623,82,1
3623,83,1
3623,84,1
3623,86,1
3623,87,1
3623,88,1
3623,90,1
3623,91,1
3623,92,1
3623,93,1
3623,147,1
3623,148,0
3623,149,0
3623,150,0
3623,194,0
3623,196,0
3623,197,0
3623,198,0
3623,200,0
3623,201,0
3623,202,0
3623,203,0
3628,1,1
3628,2,1
3628,3,0
3628,5,1
3628,6,1
3628,7,1
3628,29,1
3628,30,1
3628,31,0
3628,32,0
3628,33,0
3628,34,0
3628,35,0
3628,36,0
3628,37,0
3628,39,0
3628,40,0
3628,41,0
3628,56,1
3628,57,1
3628,59,1
3628,60,1
3628,61,1
3628,63,1
3628,64,1
3628,65,1
3628,66,1
3628,67,1
3628,72,1
3628,73,1
3628,74,1
3628,82,1
3628,83,1
3628,84,1
3628,86,1
3628,87,1
3628,88,1
3628,90,1
3628,91,1
3628,92,1
3628,93,1
3628,147,1
3628,148,0
3628,149,0
3628,150,0
3628,194,0
3628,196,0
3628,197,0
3628,198,0
3628,200,0
3628,201,1
3628,202,0
3628,203,0
3645,1,1
3645,2,1
3645,3,0
3645,5,1
3645,6,1
3645,7,1
3645,29,1
3645,30,1
3645,31,0
3645,32,0
3645,33,0
3645,34,0
3645,35,0
3645,36,0
3645,37,0
3645,39,0
3645,40,0
3645,41,0
3645,49,1
3645,50,1
3645,52,1
3645,53,1
3645,54,1
3645,56,1
3645,57,1
3645,59,1
3645,60,1
3645,61,1
3645,63,1
3645,64,1
3645,65,1
3645,66,1
3645,67,1
3645,72,1
3645,73,1
3645,74,1
3645,82,1
3645,83,1
3645,84,1
3645,86,1
3645,87,1
3645,88,1
3645,90,1
3645,91,1
3645,92,1
3645,93,1
3645,147,1
3645,148,0
3645,149,0
3645,150,0
3645,194,0
3645,196,0
3645,197,0
3645,198,0
3645,200,0
3645,201,1
3645,202,0
3645,203,0
3649,1,1
3649,2,1
3649,3,0
3649,5,1
3649,6,1
3649,7,1
3649,9,0
3649,10,0
3649,11,0
3649,12,1
3649,29,0
3649,30,0
3649,31,0
3649,32,0
3649,33,0
3649,34,0
3649,35,0
3649,36,0
3649,37,0
3649,39,1
3649,40,0
3649,41,1
3649,49,0
3649,50,1
3649,52,1
3649,53,1
3649,54,1
3649,56,1
3649,57,1
3649,59,1
3649,60,1
3649,61,1
3649,63,1
3649,64,1
3649,65,1
3649,66,1
3649,67,1
3649,72,1
3649,73,1
3649,74,1
3649,82,1
3649,83,1
3649,84,1
3649,86,1
3649,87,1
3649,88,1
3649,90,0
3649,91,0
3649,92,0
3649,93,0
3649,147,0
3649,148,1
3649,149,0
3649,150,0
3649,152,0
3649,153,0
3649,154,0
3649,155,0
3649,157,1
3649,159,1
3649,160,0
3649,164,0
3649,170,0
3649,171,0
3649,172,0
3649,173,0
3649,174,0
3649,175,0
3649,176,0
3649,177,0
3649,178,0
3649,181,0
3649,182,0
3649,183,0
3649,184,0
3649,194,0
3649,196,0
3649,197,0
3649,198,0
3649,200,0
3649,201,1
3649,202,0
3649,203,0
3651,1,1
3651,2,0
3651,3,1
3651,5,1
3651,6,1
3651,7,1
3651,9,0
3651,10,0
3651,11,1
3651,12,0
3651,49,1
3651,50,1
3651,52,1
3651,53,1
3651,54,1
3651,56,1
3651,57,1
3651,59,1
3651,60,1
3651,61,1
3651,63,1
3651,64,1
3651,65,1
3651,66,1
3651,67,1
3651,72,1
3651,73,1
3651,74,1
3651,82,1
3651,83,1
3651,84,1
3651,86,1
3651,87,1
3651,88,1
3651,90,1
3651,91,1
3651,92,1
3651,93,0
3651,147,1
3651,148,0
3651,149,0
3651,150,0
3651,194,1
3651,196,1
3651,197,0
3651,198,0
3651,200,0
3651,201,1
3651,202,1
3651,203,0
3663,1,1
3663,2,0
3663,3,1
3663,5,1
3663,6,1
3663,7,1
3663,9,0
3663,10,0
3663,11,0
3663,12,1
3663,49,1
3663,50,1
3663,52,1
3663,53,1
3663,54,1
3663,56,1
3663,57,1
3663,59,1
3663,60,1
3663,61,1
3663,63,1
3663,64,1
3663,65,1
3663,66,1
3663,67,1
3663,72,0
3663,73,0
3663,74,1
3663,82,1
3663,83,1
3663,84,1
3663,86,1
3663,87,1
3663,88,1
3663,90,1
3663,91,1
3663,92,1
3663,93,1
3663,147,1
3663,148,0
3663,149,0
3663,150,0
3663,194,0
3663,196,0
3663,197,0
3663,198,0
3663,200,0
3663,201,0
3663,202,1
3663,203,0
3665,1,1
3665,2,0
3665,3,1
3665,5,1
3665,6,1
3665,7,1
3665,29,1
3665,30,1
3665,31,0
3665,32,0
3665,33,0
3665,34,0
3665,35,0
3665,36,0
3665,37,0
3665,39,0
3665,40,0
3665,41,0
3665,49,1
3665,50,1
3665,52,1
3665,53,1
3665,54,1
3665,56,1
3665,57,1
3665,59,1
3665,60,1
3665,61,1
3665,63,1
3665,64,1
3665,65,1
3665,66,1
3665,67,1
3665,72,1
3665,73,1
3665,74,1
3665,82,1
3665,83,1
3665,84,1
3665,86,1
3665,87,1
3665,88,1
3665,90,1
3665,91,0
3665,92,0
3665,93,0
3665,147,1
3665,148,0
3665,149,0
3665,150,0
3665,194,0
3665,196,0
3665,197,0
3665,198,0
3665,200,0
3665,201,0
3665,202,0
3665,203,0
3666,1,1
3666,2,0
3666,3,1
3666,5,1
3666,6,1
3666,7,1
3666,49,1
3666,50,1
3666,52,1
3666,53,1
3666,54,1
3666,56,1
3666,57,1
3666,59,1
3666,60,1
3666,61,1
3666,63,1
3666,64,1
3666,65,1
3666,66,1
3666,67,1
3666,72,1
3666,73,1
3666,74,1
3666,82,1
3666,83,1
3666,84,1
3666,86,1
3666,87,1
3666,88,1
3666,90,1
3666,91,1
3666,92,1
3666,93,1
3666,147,1
3666,148,0
3666,149,0
3666,150,0
3666,194,0
3666,196,0
3666,197,0
3666,198,0
3666,200,0
3666,201,1
3666,202,0
3666,203,0
3680,1,1
3680,2,1
3680,3,0
3680,5,1
3680,6,1
3680,7,1
3680,9,0
3680,10,0
3680,11,0
3680,12,1
3680,29,0
3680,30,0
3680,31,0
3680,32,0
3680,33,0
3680,34,0
3680,35,0
3680,36,0
3680,37,0
3680,39,1
3680,49,1
3680,50,1
3680,52,1
3680,53,1
3680,54,1
3680,56,1
3680,57,1
3680,59,1
3680,60,1
3680,61,1
3680,63,1
3680,64,1
3680,65,1
3680,66,1
3680,67,1
3680,72,1
3680,73,1
3680,74,1
3680,82,1
3680,83,1
3680,84,1
3680,86,1
3680,87,1
3680,88,1
3680,90,1
3680,91,1
3680,92,1
3680,93,0
3680,147,1
3680,148,0
3680,149,0
3680,150,0
3680,194,0
3680,196,0
3680,197,0
3680,198,0
3680,200,0
3680,201,1
3680,202,0
3680,203,0
3685,1,1
3685,2,0
3685,3,1
3685,5,1
3685,6,1
3685,7,1
3685,29,0
3685,30,0
3685,31,0
3685,32,0
3685,33,0
3685,34,0
3685,35,1
3685,36,1
3685,37,0
3685,39,0
3685,40,0
3685,41,0
3685,56,1
3685,57,1
3685,59,1
3685,60,1
3685,61,1
3685,63,1
3685,64,1
3685,65,1
3685,66,1
3685,67,1
3685,72,1
3685,73,1
3685,74,1
3685,82,1
3685,83,1
3685,84,1
3685,86,1
3685,87,1
3685,88,1
3685,90,1
3685,91,1
3685,92,1
3685,93,0
3685,147,1
3685,148,0
3685,149,0
3685,150,0
3685,194,0
3685,196,0
3685,197,0
3685,198,0
3685,200,0
3685,201,0
3685,202,0
3685,203,0
3686,1,1
3686,2,0
3686,3,1
3686,5,1
3686,6,1
3686,7,1
3686,9,1
3686,10,0
3686,11,0
3686,12,0
3686,29,1
3686,30,0
3686,31,1
3686,32,0
3686,33,0
3686,34,0
3686,35,0
3686,36,0
3686,37,0
3686,39,0
3686,40,0
3686,41,0
3686,49,1
3686,50,1
3686,52,1
3686,53,1
3686,54,1
3686,56,1
3686,57,1
3686,59,1
3686,60,1
3686,61,1
3686,63,1
3686,64,1
3686,65,1
3686,66,1
3686,67,1
3686,72,1
3686,73,1
3686,74,1
3686,82,1
3686,83,1
3686,84,1
3686,86,1
3686,87,1
3686,88,1
3686,90,1
3686,91,1
3686,92,1
3686,93,1
3686,147,0
3686,148,1
3686,149,0
3686,150,0
3686,152,1
3686,153,1
3686,154,1
3686,155,0
3686,157,0
3686,159,0
3686,160,0
3686,164,0
3686,170,0
3686,171,0
3686,172,0
3686,173,0
3686,174,0
3686,175,0
3686,176,0
3686,177,0
3686,178,0
3686,181,0
3686,182,0
3686,183,0
3686,184,0
3686,194,0
3686,196,0
3686,197,0
3686,198,0
3686,200,0
3686,201,1
3686,202,0
3686,203,0
3687,1,1
3687,2,0
3687,3,1
3687,5,1
3687,6,1
3687,7,1
3687,9,0
3687,10,1
3687,11,0
3687,12,0
3687,29,1
3687,30,0
3687,31,1
3687,32,0
3687,33,0
3687,34,0
3687,35,0
3687,36,0
3687,37,0
3687,39,0
3687,40,0
3687,41,0
3687,72,1
3687,73,1
3687,74,1
3687,82,1
3687,83,1
3687,84,1
3687,90,1
3687,91,1
3687,92,1
3687,93,1
3687,147,1
3687,148,0
3687,149,0
3687,150,0
3687,194,0
3687,196,0
3687,197,0
3687,198,0
3687,200,0
3687,201,1
3687,202,0
3687,203,0
3689,1,1
3689,2,0
3689,3,1
3689,5,1
3689,6,1
3689,7,1
3689,49,0
3689,50,1
3689,52,1
3689,53,1
3689,54,1
3689,56,1
3689,57,1
3689,59,1
3689,60,1
3689,61,1
3689,63,1
3689,64,1
3689,65,1
3689,66,1
3689,67,1
3689,72,1
3689,73,1
3689,74,1
3689,82,1
3689,83,1
3689,84,1
3689,86,1
3689,87,1
3689,88,1
3689,90,1
3689,91,1
3689,92,1
3689,93,1
3689,147,1
3689,148,0
3689,149,0
3689,150,0
3689,194,0
3689,196,0
3689,197,0
3689,198,0
3689,200,0
3689,201,0
3689,202,0
3689,203,0
3691,1,1
3691,2,0
3691,3,1
3691,5,1
3691,6,1
3691,7,1
3691,9,0
3691,10,1
3691,11,0
3691,12,0
3691,29,1
3691,32,0
3691,33,0
3691,34,0
3691,35,0
3691,36,0
3691,37,0
3691,39,0
3691,40,0
3691,41,0
3691,49,1
3691,50,1
3691,52,1
3691,53,1
3691,54,1
3691,56,1
3691,57,1
3691,59,1
3691,60,1
3691,61,1
3691,63,1
3691,64,1
3691,65,1
3691,66,1
3691,67,1
3691,72,1
3691,73,1
3691,74,1
3691,82,1
3691,83,1
3691,84,0
3691,86,1
3691,87,1
3691,88,1
3691,90,1
3691,91,1
3691,92,1
3691,93,1
3691,147,1
3691,148,0
3691,149,0
3691,150,0
3691,194,0
3691,196,0
3691,197,0
3691,198,0
3691,200,0
3691,201,1
3691,202,0
3691,203,0
3693,1,1
3693,2,1
3693,3,0
3693,5,1
3693,6,1
3693,7,1
3693,72,1
3693,73,1
3693,74,1
3693,82,1
3693,83,1
3693,84,1
3693,86,1
3693,87,1
3693,88,1
3693,90,1
3693,91,1
3693,92,1
3693,93,1
3693,147,1
3693,148,0
3693,149,0
3693,150,0
3693,194,0
3693,196,0
3693,197,0
3693,198,0
3693,200,0
3693,201,1
3693,202,0
3693,203,0
3694,1,1
3694,2,0
3694,3,1
3694,5,1
3694,6,1
3694,7,1
3694,56,0
3694,57,1
3694,59,1
3694,60,1
3694,61,1
3694,63,1
3694,64,1
3694,65,1
3694,66,1
3694,67,1
3694,72,1
3694,73,1
3694,74,1
3694,82,1
3694,83,1
3694,84,1
3694,86,1
3694,87,1
3694,88,1
3694,90,1
3694,91,1
3694,92,1
3694,93,1
3694,147,1
3694,148,0
3694,149,0
3694,150,0
3694,194,0
3694,196,0
3694,197,0
3694,198,0
3694,200,0
3694,201,0
3694,202,1
3694,203,0
3697,1,1
3697,5,1
3697,6,1
3697,7,1
3697,29,0
3697,30,0
3697,31,0
3697,32,0
3697,33,0
3697,34,0
3697,35,0
3697,36,0
3697,37,0
3697,39,1
3697,49,1
3697,50,1
3697,52,1
3697,53,1
3697,54,1
3697,56,1
3697,57,1
3697,59,1
3697,60,1
3697,61,1
3697,63,1
3697,64,1
3697,65,1
3697,66,1
3697,67,1
3697,72,1
3697,73,1
3697,74,1
3697,82,1
3697,83,1
3697,84,1
3697,86,1
3697,87,1
3697,88,1
3697,90,1
3697,91,1
3697,92,1
3697,93,1
3697,147,1
3697,148,0
3697,149,0
3697,150,0
3697,194,0
3697,196,0
3697,197,0
3697,198,0
3697,200,0
3697,201,1
3697,202,0
3697,203,0
3701,1,1
3701,2,0
3701,3,1
3701,5,1
3701,6,1
3701,7,1
3701,72,1
3701,73,1
3701,74,1
3701,82,1
3701,83,1
3701,84,1
3701,86,1
3701,87,1
3701,88,1
3701,90,1
3701,91,1
3701,92,1
3701,93,1
3701,147,1
3701,148,0
3701,149,0
3701,150,0
3701,194,0
3701,196,0
3701,197,0
3701,198,0
3701,200,0
3701,201,0
3701,202,0
3701,203,0
3703,1,1
3703,2,0
3703,3,1
3703,5,1
3703,6,1
3703,7,1
3703,49,1
3703,50,1
3703,52,1
3703,53,1
3703,54,1
3703,56,1
3703,57,1
3703,59,1
3703,60,1
3703,61,1
3703,63,1
3703,64,1
3703,65,1
3703,66,1
3703,67,1
3703,72,1
3703,73,1
3703,74,1
3703,82,1
3703,83,1
3703,84,1
3703,86,1
3703,87,1
3703,88,1
3703,90,1
3703,91,1
3703,92,1
3703,93,0
3703,147,1
3703,148,0
3703,149,0
3703,150,0
3703,194,0
3703,196,0
3703,197,0
3703,198,0
3703,200,0
3703,201,1
3703,202,0
3703,203,0
3708,1,1
3708,2,0
3708,3,1
3708,5,1
3708,6,1
3708,7,1
3708,49,1
3708,50,1
3708,52,1
3708,53,1
3708,54,1
3708,56,1
3708,57,1
3708,59,1
3708,60,1
3708,61,1
3708,63,1
3708,64,1
3708,65,1
3708,66,1
3708,67,1
3708,72,1
3708,73,1
3708,74,1
3708,82,1
3708,83,1
3708,84,1
3708,86,1
3708,87,1
3708,88,1
3708,90,1
3708,91,1
3708,92,1
3708,93,1
3708,147,0
3708,148,1
3708,149,0
3708,150,0
3708,152,0
3708,153,0
3708,154,0
3708,155,0
3708,157,0
3708,159,0
3708,160,0
3708,164,0
3708,170,1
3708,171,0
3708,172,0
3708,173,0
3708,174,0
3708,175,0
3708,176,0
3708,177,0
3708,178,0
3708,181,0
3708,182,0
3708,183,0
3708,184,0
3708,194,0
3708,196,0
3708,197,0
3708,198,0
3708,200,0
3708,201,1
3708,202,1
3708,203,0
3711,1,1
3711,5,1
3711,6,1
3711,7,1
3711,49,1
3711,50,1
3711,52,1
3711,53,1
3711,54,1
3711,56,1
3711,57,1
3711,59,1
3711,60,1
3711,61,1
3711,63,1
3711,64,1
3711,65,1
3711,66,1
3711,67,1
3711,72,1
3711,73,1
3711,74,1
3711,82,1
3711,83,1
3711,84,1
3711,86,1
3711,87,1
3711,88,1
3711,90,1
3711,91,1
3711,92,1
3711,93,1
3711,147,1
3711,148,0
3711,149,0
3711,150,0
3711,194,0
3711,196,0
3711,197,0
3711,198,0
3711,200,0
3711,201,0
3711,202,0
3711,203,0
3714,1,1
3714,2,0
3714,3,1
3714,5,1
3714,6,1
3714,7,1
3714,49,1
3714,50,1
3714,52,1
3714,53,1
3714,54,1
3714,56,1
3714,57,1
3714,59,1
3714,60,1
3714,61,1
3714,63,1
3714,64,1
3714,65,1
3714,66,1
3714,67,1
3714,72,1
3714,73,1
3714,74,1
3714,82,1
3714,83,1
3714,84,1
3714,86,1
3714,87,1
3714,88,1
3714,90,1
3714,91,1
3714,92,1
3714,93,1
3714,147,1
3714,148,0
3714,149,0
3714,150,0
3714,194,0
3714,196,0
3714,197,0
3714,198,0
3714,200,0
3714,201,1
3714,202,0
3714,203,0
3724,1,1
3724,2,0
3724,3,1
3724,5,1
3724,6,1
3724,7,1
3724,56,1
3724,57,1
3724,59,1
3724,60,1
3724,61,1
3724,63,0
3724,64,1
3724,65,1
3724,66,1
3724,67,1
3724,72,1
3724,73,1
3724,74,1
3724,82,1
3724,83,1
3724,84,1
3724,86,1
3724,87,1
3724,88,1
3724,90,1
3724,91,1
3724,92,1
3724,93,1
3724,147,1
3724,148,0
3724,149,0
3724,150,0
3724,194,0
3724,196,0
3724,197,0
3724,198,0
3724,200,0
3724,201,0
3724,202,0
3724,203,0
3726,1,1
3726,2,0
3726,3,1
3726,5,1
3726,6,1
3726,7,1
3726,29,1
3726,30,1
3726,31,0
3726,32,0
3726,33,0
3726,34,0
3726,35,0
3726,36,0
3726,37,0
3726,39,0
3726,40,0
3726,41,0
3726,49,1
3726,50,1
3726,52,1
3726,53,1
3726,54,1
3726,56,1
3726,57,1
3726,59,1
3726,60,1
3726,61,1
3726,63,1
3726,64,1
3726,65,1
3726,66,1
3726,67,1
3726,72,1
3726,73,1
3726,74,1
3726,82,1
3726,83,1
3726,84,1
3726,86,1
3726,87,1
3726,88,1
3726,90,1
3726,91,1
3726,92,1
3726,93,1
3726,147,1
3726,148,0
3726,149,0
3726,150,0
3726,194,0
3726,196,0
3726,197,0
3726,198,0
3726,200,0
3726,201,1
3726,202,0
3726,203,0
3732,1,1
3732,2,0
3732,3,1
3732,5,1
3732,6,1
3732,7,1
3732,29,0
3732,30,0
3732,31,0
3732,32,1
3732,35,0
3732,36,0
3732,37,0
3732,39,0
3732,40,0
3732,41,0
3732,49,1
3732,50,1
3732,52,1
3732,53,1
3732,54,1
3732,56,1
3732,57,1
3732,59,1
3732,60,1
3732,61,1
3732,63,1
3732,64,1
3732,65,1
3732,66,1
3732,67,1
3732,72,1
3732,73,1
3732,74,1
3732,82,1
3732,83,1
3732,84,1
3732,86,1
3732,87,1
3732,88,1
3732,90,1
3732,91,1
3732,92,1
3732,93,1
3732,147,1
3732,148,0
3732,149,0
3732,150,0
3732,194,0
3732,196,0
3732,197,0
3732,198,0
3732,200,0
3732,201,1
3732,202,0
3732,203,0
3734,1,1
3734,2,0
3734,3,1
3734,5,1
3734,6,1
3734,7,1
3734,49,1
3734,50,1
3734,52,1
3734,53,1
3734,54,1
3734,56,1
3734,57,1
3734,59,1
3734,60,1
3734,61,1
3734,63,1
3734,64,1
3734,65,1
3734,66,1
3734,67,1
3734,72,0
3734,73,0
3734,74,1
3734,82,0
3734,83,0
3734,84,0
3734,86,1
3734,87,1
3734,88,1
3734,90,1
3734,91,1
3734,92,1
3734,93,1
3734,147,1
3734,148,0
3734,149,0
3734,150,0
3734,194,0
3734,196,0
3734,197,0
3734,198,0
3734,200,0
3734,201,1
3734,202,0
3734,203,0
3736,1,1
3736,2,0
3736,3,1
3736,5,1
3736,6,1
3736,7,1
3736,49,1
3736,50,1
3736,52,1
3736,53,1
3736,54,1
3736,56,1
3736,57,1
3736,59,1
3736,60,1
3736,61,1
3736,63,1
3736,64,1
3736,65,1
3736,66,1
3736,67,1
3736,72,1
3736,73,1
3736,74,1
3736,82,1
3736,83,1
3736,84,1
3736,86,1
3736,87,1
3736,88,1
3736,90,1
3736,91,1
3736,92,1
3736,93,1
3736,147,1
3736,148,0
3736,149,0
3736,150,0
3736,194,0
3736,196,0
3736,197,0
3736,198,0
3736,200,0
3736,201,1
3736,202,0
3736,203,0
3738,1,1
3738,2,0
3738,3,1
3738,5,1
3738,6,1
3738,7,1
3738,9,0
3738,10,0
3738,11,1
3738,12,0
3738,29,0
3738,30,0
3738,31,0
3738,32,0
3738,33,0
3738,34,0
3738,35,0
3738,36,0
3738,37,0
3738,39,1
3738,49,1
3738,50,1
3738,52,1
3738,53,1
3738,54,1
3738,56,1
3738,57,1
3738,59,1
3738,60,1
3738,61,1
3738,63,1
3738,64,1
3738,65,1
3738,66,1
3738,67,1
3738,72,1
3738,73,1
3738,74,1
3738,82,0
3738,83,0
3738,84,0
3738,86,1
3738,87,1
3738,88,1
3738,90,1
3738,91,0
3738,92,0
3738,93,0
3738,147,0
3738,148,1
3738,149,0
3738,150,0
3738,152,1
3738,153,1
3738,154,0
3738,155,1
3738,157,1
3738,159,1
3738,160,0
3738,164,0
3738,170,0
3738,171,0
3738,172,0
3738,173,0
3738,174,0
3738,175,0
3738,176,0
3738,177,0
3738,178,0
3738,181,0
3738,182,0
3738,183,0
3738,184,0
3738,194,1
3738,196,0
3738,197,0
3738,198,0
3738,200,0
3738,201,1
3738,202,0
3738,203,0
3740,1,1
3740,2,0
3740,3,1
3740,5,1
3740,6,1
3740,7,1
3740,49,1
3740,50,1
3740,52,1
3740,53,1
3740,54,1
3740,56,1
3740,57,1
3740,59,1
3740,60,1
3740,61,1
3740,63,1
3740,64,1
3740,65,1
3740,66,1
3740,67,1
3740,72,0
3740,73,0
3740,74,1
3740,82,1
3740,83,1
3740,84,1
3740,86,1
3740,87,1
3740,88,1
3740,90,1
3740,91,1
3740,92,1
3740,93,1
3740,147,1
3740,148,0
3740,149,0
3740,150,0
3740,194,0
3740,196,0
3740,197,0
3740,198,0
3740,200,0
3740,201,1
3740,202,0
3740,203,0
3834,1,1
3834,2,0
3834,3,1
3834,5,1
3834,6,1
3834,7,1
3834,49,1
3834,50,1
3834,52,1
3834,53,1
3834,54,1
3834,56,1
3834,57,1
3834,59,1
3834,60,1
3834,61,1
3834,63,1
3834,64,1
3834,65,1
3834,66,1
3834,67,1
3834,72,1
3834,73,1
3834,74,1
3834,82,1
3834,83,1
3834,84,1
3834,86,1
3834,87,1
3834,88,1
3834,90,1
3834,91,1
3834,92,1
3834,93,1
3834,147,1
3834,148,0
3834,149,0
3834,150,0
3834,194,0
3834,196,0
3834,197,0
3834,198,0
3834,200,0
3834,201,1
3834,202,0
3834,203,0
4025,1,1
4025,2,0
4025,3,1
4025,5,1
4025,6,1
4025,7,1
4025,49,1
4025,50,1
4025,52,1
4025,53,1
4025,54,1
4025,56,1
4025,57,1
4025,59,1
4025,60,1
4025,61,1
4025,63,1
4025,64,1
4025,65,1
4025,66,1
4025,67,1
4025,72,1
4025,73,1
4025,74,1
4025,82,1
4025,83,0
4025,84,0
4025,86,1
4025,87,1
4025,88,1
4025,90,1
4025,91,1
4025,92,1
4025,93,1
4025,147,0
4025,148,1
4025,149,0
4025,150,0
4025,152,0
4025,153,0
4025,154,0
4025,155,0
4025,157,0
4025,159,0
4025,160,0
4025,164,0
4025,170,1
4025,171,1
4025,172,0
4025,173,0
4025,174,1
4025,175,0
4025,176,0
4025,177,0
4025,178,0
4025,181,0
4025,182,0
4025,183,0
4025,184,0
4025,194,1
4025,196,1
4025,197,0
4025,198,0
4025,200,0
4025,201,1
4025,202,0
4025,203,0
4029,1,1
4029,2,0
4029,3,1
4029,5,1
4029,6,1
4029,7,1
4029,9,1
4029,10,0
4029,11,0
4029,12,0
4029,29,0
4029,30,0
4029,31,0
4029,32,0
4029,33,0
4029,34,0
4029,35,1
4029,36,1
4029,37,0
4029,39,0
4029,40,0
4029,41,0
4029,49,1
4029,50,1
4029,52,1
4029,53,1
4029,54,1
4029,56,1
4029,57,1
4029,59,1
4029,60,1
4029,61,1
4029,63,1
4029,64,1
4029,65,1
4029,66,1
4029,67,1
4029,72,1
4029,73,1
4029,74,1
4029,82,1
4029,83,1
4029,84,1
4029,86,1
4029,87,1
4029,88,1
4029,90,1
4029,91,1
4029,92,1
4029,93,1
4029,147,0
4029,148,1
4029,149,0
4029,150,0
4029,152,1
4029,153,1
4029,154,0
4029,155,1
4029,157,0
4029,159,0
4029,160,0
4029,164,0
4029,170,0
4029,171,0
4029,172,0
4029,173,0
4029,174,0
4029,175,0
4029,176,0
4029,177,0
4029,178,0
4029,181,0
4029,182,0
4029,183,0
4029,184,0
4029,194,0
4029,196,0
4029,197,0
4029,198,0
4029,200,0
4029,201,0
4029,202,0
4029,203,0
4033,1,1
4033,2,0
4033,3,1
4033,5,1
4033,6,1
4033,7,1
4033,29,1
4033,32,0
4033,33,0
4033,34,0
4033,35,0
4033,36,0
4033,37,0
4033,39,0
4033,40,0
4033,41,0
4033,49,1
4033,50,1
4033,52,1
4033,53,1
4033,54,1
4033,56,1
4033,57,1
4033,59,1
4033,60,1
4033,61,1
4033,63,1
4033,64,1
4033,65,1
4033,66,1
4033,67,1
4033,72,0
4033,73,1
4033,74,1
4033,82,1
4033,83,1
4033,84,1
4033,86,1
4033,87,1
4033,88,1
4033,90,1
4033,91,1
4033,92,1
4033,93,1
4033,147,1
4033,148,0
4033,149,0
4033,150,0
4033,194,0
4033,196,0
4033,197,0
4033,198,0
4033,200,0
4033,201,0
4033,202,0
4033,203,0
4034,1,1
4034,2,0
4034,3,1
4034,5,1
4034,6,1
4034,7,1
4034,72,1
4034,73,1
4034,74,1
4034,82,1
4034,83,1
4034,84,1
4034,86,1
4034,87,1
4034,88,1
4034,90,1
4034,91,1
4034,92,1
4034,93,1
4034,147,1
4034,148,0
4034,149,0
4034,150,0
4034,194,0
4034,196,0
4034,197,0
4034,198,0
4034,200,0
4034,201,1
4034,202,0
4034,203,0
4035,1,1
4035,2,0
4035,3,1
4035,5,1
4035,6,1
4035,7,1
4035,56,1
4035,57,1
4035,59,1
4035,60,1
4035,61,1
4035,63,1
4035,64,1
4035,65,1
4035,66,1
4035,67,1
4035,72,1
4035,73,1
4035,74,1
4035,82,1
4035,83,1
4035,84,1
4035,86,1
4035,87,1
4035,88,1
4035,90,1
4035,91,1
4035,92,1
4035,93,1
4035,147,1
4035,148,0
4035,149,0
4035,150,0
4035,194,0
4035,196,0
4035,197,0
4035,198,0
4035,200,0
4035,201,0
4035,202,0
4035,203,0
4044,1,1
4044,2,0
4044,3,1
4044,5,1
4044,6,1
4044,7,1
4044,9,0
4044,10,0
4044,11,1
4044,12,0
4044,29,0
4044,30,0
4044,31,0
4044,32,0
4044,33,0
4044,34,0
4044,35,1
4044,39,0
4044,40,0
4044,41,0
4044,49,0
4044,50,1
4044,52,1
4044,53,1
4044,54,1
4044,56,1
4044,57,1
4044,59,1
4044,60,1
4044,61,1
4044,63,1
4044,64,1
4044,65,1
4044,66,1
4044,67,1
4044,72,1
4044,73,1
4044,74,1
4044,82,1
4044,83,1
4044,84,1
4044,86,1
4044,87,1
4044,88,1
4044,90,1
4044,91,1
4044,92,1
4044,93,1
4044,147,1
4044,148,0
4044,149,0
4044,150,0
4044,194,0
4044,196,0
4044,197,0
4044,198,0
4044,200,0
4044,201,1
4044,202,1
4044,203,0
4045,1,1
4045,2,0
4045,3,1
4045,5,1
4045,6,1
4045,7,1
4045,56,1
4045,57,1
4045,59,1
4045,60,1
4045,61,1
4045,63,1
4045,64,1
4045,65,1
4045,66,1
4045,67,1
4045,72,1
4045,73,1
4045,74,1
4045,82,1
4045,83,1
4045,84,1
4045,86,1
4045,87,1
4045,88,1
4045,90,1
4045,91,1
4045,92,1
4045,93,1
4045,147,1
4045,148,0
4045,149,0
4045,150,0
4045,194,0
4045,196,0
4045,197,0
4045,198,0
4045,200,0
4045,201,1
4045,202,0
4045,203,0
4046,1,1
4046,2,0
4046,3,1
4046,5,1
4046,6,1
4046,7,1
4046,29,1
4046,30,1
4046,31,0
4046,32,0
4046,33,0
4046,34,0
4046,35,0
4046,36,0
4046,37,0
4046,39,0
4046,40,0
4046,41,0
4046,49,1
4046,50,1
4046,52,1
4046,53,1
4046,54,1
4046,56,1
4046,57,1
4046,59,1
4046,60,1
4046,61,1
4046,63,1
4046,64,1
4046,65,1
4046,66,1
4046,67,1
4046,72,0
4046,73,1
4046,74,1
4046,82,1
4046,83,1
4046,84,1
4046,86,1
4046,87,1
4046,88,1
4046,90,1
4046,91,1
4046,92,1
4046,93,1
4046,147,1
4046,148,0
4046,149,0
4046,150,0
4046,194,0
4046,196,0
4046,197,0
4046,198,0
4046,200,0
4046,201,1
4046,202,0
4046,203,0
4057,1,1
4057,2,0
4057,3,1
4057,5,1
4057,6,1
4057,7,1
4057,49,1
4057,50,1
4057,52,1
4057,53,1
4057,54,1
4057,56,1
4057,57,1
4057,59,1
4057,60,1
4057,61,1
4057,63,1
4057,64,1
4057,65,1
4057,66,1
4057,67,1
4057,72,1
4057,73,1
4057,74,1
4057,82,1
4057,83,1
4057,84,1
4057,86,1
4057,87,1
4057,88,1
4057,90,1
4057,91,1
4057,92,1
4057,93,1
4057,147,1
4057,148,0
4057,149,0
4057,150,0
4057,194,0
4057,196,0
4057,197,0
4057,198,0
4057,200,0
4057,201,0
4057,202,0
4057,203,0
4058,1,1
4058,2,1
4058,3,0
4058,5,1
4058,6,1
4058,7,1
4058,49,1
4058,50,1
4058,52,1
4058,53,1
4058,54,1
4058,56,1
4058,57,1
4058,59,1
4058,60,1
4058,61,1
4058,63,1
4058,64,1
4058,65,1
4058,66,1
4058,67,1
4058,72,1
4058,73,1
4058,74,1
4058,82,1
4058,83,1
4058,84,1
4058,86,1
4058,87,1
4058,88,1
4058,90,1
4058,91,1
4058,92,1
4058,93,0
4058,147,1
4058,148,0
4058,149,0
4058,150,0
4058,194,0
4058,196,0
4058,197,0
4058,198,0
4058,200,0
4058,201,0
4058,202,0
4058,203,0
4059,1,1
4059,5,1
4059,6,1
4059,7,1
4059,9,1
4059,10,0
4059,11,0
4059,12,0
4059,29,0
4059,30,0
4059,31,0
4059,32,0
4059,33,0
4059,34,0
4059,35,0
4059,36,0
4059,37,0
4059,39,1
4059,49,1
4059,50,1
4059,52,1
4059,53,1
4059,54,1
4059,56,1
4059,57,1
4059,59,1
4059,60,1
4059,61,1
4059,63,1
4059,64,1
4059,65,1
4059,66,1
4059,67,1
4059,72,1
4059,73,1
4059,74,1
4059,82,1
4059,83,1
4059,84,1
4059,86,1
4059,87,1
4059,88,1
4059,90,1
4059,91,1
4059,92,1
4059,93,1
4059,147,1
4059,148,0
4059,149,0
4059,150,0
4059,194,0
4059,196,0
4059,197,0
4059,198,0
4059,200,0
4059,201,1
4059,202,1
4059,203,0
4060,1,1
4060,2,1
4060,3,0
4060,5,1
4060,6,1
4060,7,1
4060,9,0
4060,10,1
4060,11,0
4060,12,0
4060,29,0
4060,30,0
4060,31,0
4060,32,0
4060,33,0
4060,34,0
4060,35,1
4060,39,0
4060,40,0
4060,41,0
4060,49,1
4060,50,1
4060,52,1
4060,53,1
4060,54,1
4060,56,1
4060,57,1
4060,59,1
4060,60,1
4060,61,1
4060,63,1
4060,64,1
4060,65,1
4060,66,1
4060,67,1
4060,72,1
4060,73,1
4060,74,1
4060,82,1
4060,83,1
4060,84,1
4060,86,1
4060,87,1
4060,88,1
4060,90,1
4060,91,1
4060,92,1
4060,93,1
4060,147,0
4060,148,1
4060,149,0
4060,150,0
4060,152,1
4060,153,1
4060,154,0
4060,155,1
4060,157,0
4060,159,0
4060,160,0
4060,164,0
4060,170,0
4060,171,0
4060,172,0
4060,173,0
4060,174,0
4060,175,0
4060,176,0
4060,177,0
4060,178,0
4060,181,0
4060,182,0
4060,183,0
4060,184,0
4060,194,0
4060,196,0
4060,197,0
4060,198,0
4060,200,0
4060,201,1
4060,202,0
4060,203,0
4062,1,1
4062,2,0
4062,3,1
4062,5,1
4062,6,1
4062,7,1
4062,49,1
4062,50,1
4062,52,1
4062,53,1
4062,54,1
4062,56,1
4062,57,1
4062,59,1
4062,60,1
4062,61,1
4062,63,1
4062,64,1
4062,65,1
4062,66,1
4062,67,1
4062,72,0
4062,73,0
4062,74,0
4062,82,1
4062,83,1
4062,84,1
4062,86,1
4062,87,1
4062,88,1
4062,90,1
4062,91,1
4062,92,1
4062,93,0
4062,147,1
4062,148,0
4062,149,0
4062,150,0
4062,194,0
4062,196,0
4062,197,0
4062,198,0
4062,200,0
4062,201,1
4062,202,0
4062,203,0
4064,1,1
4064,2,0
4064,3,1
4064,5,1
4064,6,1
4064,7,1
4064,29,1
4064,30,1
4064,31,0
4064,32,0
4064,33,0
4064,34,0
4064,35,0
4064,36,0
4064,37,0
4064,39,0
4064,40,0
4064,41,0
4064,49,1
4064,50,1
4064,52,1
4064,53,1
4064,54,1
4064,56,1
4064,57,1
4064,59,1
4064,60,1
4064,61,1
4064,63,1
4064,64,1
4064,65,1
4064,66,1
4064,67,1
4064,72,1
4064,73,1
4064,74,1
4064,82,1
4064,83,1
4064,84,1
4064,86,1
4064,87,1
4064,88,1
4064,90,1
4064,91,1
4064,92,1
4064,93,1
4064,147,1
4064,148,0
4064,149,0
4064,150,0
4064,194,0
4064,196,0
4064,197,0
4064,198,0
4064,200,0
4064,201,1
4064,202,0
4064,203,0
4065,1,1
4065,2,0
4065,3,1
4065,5,1
4065,6,1
4065,7,1
4065,49,1
4065,50,1
4065,52,1
4065,53,1
4065,54,1
4065,56,1
4065,57,1
4065,59,1
4065,60,1
4065,61,1
4065,63,1
4065,64,1
4065,65,1
4065,66,1
4065,67,1
4065,72,1
4065,73,1
4065,74,1
4065,82,1
4065,83,1
4065,84,1
4065,86,1
4065,87,1
4065,88,1
4065,90,1
4065,91,1
4065,92,1
4065,93,1
4065,147,1
4065,148,0
4065,149,0
4065,150,0
4065,194,0
4065,196,0
4065,197,0
4065,198,0
4065,200,0
4065,201,0
4065,202,0
4065,203,0
4067,1,1
4067,2,0
4067,3,1
4067,5,1
4067,6,1
4067,7,1
4067,29,0
4067,30,0
4067,31,0
4067,32,0
4067,33,0
4067,34,0
4067,35,0
4067,36,0
4067,37,0
4067,39,1
4067,147,1
4067,148,0
4067,149,0
4067,150,0
4067,194,0
4067,196,0
4067,197,0
4067,198,0
4067,200,0
4067,201,1
4067,202,0
4067,203,0
4082,1,1
4082,2,0
4082,3,1
4082,5,1
4082,6,1
4082,7,1
4082,72,1
4082,73,1
4082,74,1
4082,82,1
4082,83,1
4082,84,1
4082,90,1
4082,91,1
4082,92,1
4082,93,1
4082,147,1
4082,148,0
4082,149,0
4082,150,0
4082,194,0
4082,196,0
4082,197,0
4082,198,0
4082,200,0
4082,201,0
4082,202,0
4082,203,0
4083,1,1
4083,2,1
4083,3,0
4083,5,1
4083,6,1
4083,7,1
4083,72,1
4083,73,1
4083,74,1
4083,82,1
4083,83,1
4083,84,1
4083,86,1
4083,87,1
4083,88,1
4083,90,1
4083,91,1
4083,92,1
4083,93,0
4083,147,1
4083,148,0
4083,149,0
4083,150,0
4083,194,0
4083,196,0
4083,197,0
4083,198,0
4083,200,0
4083,201,1
4083,202,0
4083,203,0
4084,1,1
4084,2,0
4084,3,1
4084,5,1
4084,6,1
4084,7,1
4084,49,1
4084,50,1
4084,52,1
4084,53,1
4084,54,1
4084,56,1
4084,57,1
4084,59,1
4084,60,1
4084,61,1
4084,63,1
4084,64,1
4084,65,1
4084,66,1
4084,67,1
4084,72,1
4084,73,1
4084,74,1
4084,82,1
4084,83,1
4084,84,1
4084,86,1
4084,87,1
4084,88,1
4084,90,1
4084,91,1
4084,92,1
4084,93,1
4084,147,1
4084,148,0
4084,149,0
4084,150,0
4084,194,0
4084,196,0
4084,197,0
4084,198,0
4084,200,0
4084,201,1
4084,202,0
4084,203,0
4086,1,1
4086,2,0
4086,3,0
4086,5,1
4086,6,1
4086,7,1
4086,49,1
4086,50,1
4086,52,1
4086,53,1
4086,54,1
4086,56,1
4086,57,1
4086,59,1
4086,60,1
4086,61,1
4086,63,1
4086,64,1
4086,65,1
4086,66,1
4086,67,1
4086,72,1
4086,73,1
4086,74,1
4086,82,1
4086,83,1
4086,84,1
4086,86,1
4086,87,1
4086,88,1
4086,90,1
4086,91,1
4086,92,1
4086,93,0
4086,147,1
4086,148,0
4086,149,0
4086,150,0
4086,194,0
4086,196,0
4086,197,0
4086,198,0
4086,200,0
4086,201,1
4086,202,0
4086,203,0
4090,1,1
4090,2,1
4090,3,0
4090,5,1
4090,6,1
4090,7,1
4090,72,1
4090,73,1
4090,74,1
4090,82,1
4090,83,1
4090,84,1
4090,90,1
4090,91,1
4090,92,1
4090,93,1
4090,147,1
4090,148,0
4090,149,0
4090,150,0
4090,194,0
4090,196,0
4090,197,0
4090,198,0
4090,200,0
4090,201,0
4090,202,0
4090,203,0
4093,1,1
4093,2,0
4093,3,1
4093,5,1
4093,6,1
4093,7,1
4093,29,1
4093,32,0
4093,33,0
4093,34,0
4093,35,0
4093,36,0
4093,37,0
4093,39,0
4093,40,0
4093,41,0
4093,49,1
4093,50,1
4093,52,1
4093,53,1
4093,54,1
4093,56,1
4093,57,1
4093,59,1
4093,60,1
4093,61,1
4093,63,0
4093,64,1
4093,65,1
4093,66,1
4093,67,1
4093,72,1
4093,73,1
4093,74,1
4093,82,1
4093,83,1
4093,84,1
4093,86,1
4093,87,1
4093,88,1
4093,90,1
4093,91,1
4093,92,1
4093,93,1
4093,147,1
4093,148,0
4093,149,0
4093,150,0
4093,194,0
4093,196,0
4093,197,0
4093,198,0
4093,200,0
4093,201,1
4093,202,0
4093,203,0
4094,1,1
4094,2,0
4094,3,1
4094,5,1
4094,6,1
4094,7,1
4094,56,1
4094,57,1
4094,59,1
4094,60,1
4094,61,1
4094,63,1
4094,64,1
4094,65,1
4094,66,1
4094,67,1
4094,72,1
4094,73,1
4094,74,1
4094,82,1
4094,83,1
4094,84,1
4094,86,1
4094,87,1
4094,88,1
4094,90,1
4094,91,1
4094,92,1
4094,93,1
4094,147,1
4094,148,0
4094,149,0
4094,150,0
4094,194,0
4094,196,0
4094,197,0
4094,198,0
4094,200,0
4094,201,0
4094,202,0
4094,203,0
4098,1,1
4098,2,0
4098,3,1
4098,5,1
4098,6,1
4098,7,1
4098,49,1
4098,50,1
4098,52,1
4098,53,1
4098,54,1
4098,56,1
4098,57,1
4098,59,1
4098,60,1
4098,61,1
4098,63,1
4098,64,1
4098,65,1
4098,66,1
4098,67,1
4098,72,1
4098,73,1
4098,74,1
4098,82,1
4098,83,1
4098,84,1
4098,86,1
4098,87,1
4098,88,1
4098,90,1
4098,91,1
4098,92,1
4098,93,1
4098,147,1
4098,148,0
4098,149,0
4098,150,0
4098,194,0
4098,196,0
4098,197,0
4098,198,0
4098,200,0
4098,201,0
4098,202,0
4098,203,0
4103,1,1
4103,2,0
4103,3,1
4103,5,1
4103,6,1
4103,7,1
4103,49,1
4103,50,1
4103,52,1
4103,53,1
4103,54,1
4103,56,1
4103,57,1
4103,59,1
4103,60,1
4103,61,1
4103,63,1
4103,64,1
4103,65,1
4103,66,1
4103,67,1
4103,72,0
4103,73,1
4103,74,1
4103,82,1
4103,83,1
4103,84,1
4103,86,1
4103,87,1
4103,88,1
4103,90,1
4103,91,1
4103,92,1
4103,93,1
4103,147,1
4103,148,0
4103,149,0
4103,150,0
4103,194,0
4103,196,0
4103,197,0
4103,198,0
4103,200,0
4103,201,0
4103,202,0
4103,203,0
4118,1,1
4118,2,0
4118,3,1
4118,5,1
4118,6,1
4118,7,1
4118,29,1
4118,30,1
4118,31,0
4118,32,0
4118,33,0
4118,34,0
4118,35,0
4118,36,0
4118,37,0
4118,39,0
4118,40,0
4118,41,0
4118,49,1
4118,50,1
4118,52,1
4118,53,1
4118,54,1
4118,56,1
4118,57,1
4118,59,1
4118,60,1
4118,61,1
4118,63,1
4118,64,1
4118,65,1
4118,66,1
4118,67,1
4118,72,1
4118,73,1
4118,74,1
4118,82,1
4118,83,1
4118,84,1
4118,86,1
4118,87,1
4118,88,1
4118,90,1
4118,91,1
4118,92,1
4118,93,1
4118,147,1
4118,148,0
4118,149,0
4118,150,0
4118,194,0
4118,196,0
4118,197,0
4118,198,0
4118,200,0
4118,201,0
4118,202,0
4118,203,0
4120,1,1
4120,2,0
4120,3,1
4120,5,1
4120,6,1
4120,7,1
4120,49,1
4120,50,1
4120,52,1
4120,53,1
4120,54,1
4120,56,1
4120,57,1
4120,59,1
4120,60,1
4120,61,1
4120,63,1
4120,64,1
4120,65,1
4120,66,1
4120,67,1
4120,72,1
4120,73,1
4120,74,1
4120,82,1
4120,83,1
4120,84,1
4120,86,1
4120,87,1
4120,88,1
4120,90,1
4120,91,1
4120,92,1
4120,93,1
4120,147,1
4120,148,0
4120,149,0
4120,150,0
4120,194,0
4120,196,0
4120,197,0
4120,198,0
4120,200,0
4120,201,1
4120,202,0
4120,203,0
4124,1,1
4124,2,0
4124,3,1
4124,5,1
4124,6,1
4124,7,1
4124,9,1
4124,10,0
4124,11,0
4124,12,0
4124,29,0
4124,30,0
4124,31,0
4124,32,0
4124,33,0
4124,34,0
4124,35,1
4124,36,1
4124,37,0
4124,39,0
4124,40,0
4124,41,0
4124,49,1
4124,50,1
4124,52,1
4124,53,1
4124,54,1
4124,56,1
4124,57,1
4124,59,1
4124,60,1
4124,61,1
4124,63,1
4124,64,1
4124,65,1
4124,66,1
4124,67,1
4124,72,1
4124,73,1
4124,74,1
4124,82,1
4124,83,1
4124,84,1
4124,86,1
4124,87,1
4124,88,1
4124,90,1
4124,91,1
4124,92,0
4124,93,0
4124,147,0
4124,148,1
4124,149,0
4124,150,0
4124,152,1
4124,153,1
4124,154,1
4124,155,0
4124,157,0
4124,159,0
4124,160,0
4124,164,0
4124,170,0
4124,171,0
4124,172,0
4124,173,0
4124,174,0
4124,175,0
4124,176,0
4124,177,0
4124,178,0
4124,181,0
4124,182,0
4124,183,0
4124,184,0
4124,194,0
4124,196,0
4124,197,0
4124,198,0
4124,200,0
4124,201,1
4124,202,0
4124,203,0
4125,1,1
4125,2,0
4125,3,1
4125,5,1
4125,6,1
4125,7,1
4125,9,0
4125,10,1
4125,11,0
4125,12,0
4125,29,0
4125,30,0
4125,31,0
4125,32,0
4125,33,0
4125,34,0
4125,35,1
4125,39,0
4125,40,0
4125,41,0
4125,49,1
4125,50,1
4125,52,1
4125,53,1
4125,54,1
4125,56,1
4125,57,1
4125,59,1
4125,60,1
4125,61,1
4125,63,1
4125,64,1
4125,65,1
4125,66,1
4125,67,1
4125,72,0
4125,73,1
4125,74,1
4125,82,1
4125,83,1
4125,84,1
4125,86,1
4125,87,1
4125,88,1
4125,90,1
4125,91,1
4125,92,1
4125,93,0
4125,147,0
4125,148,1
4125,149,0
4125,150,0
4125,152,1
4125,153,1
4125,154,0
4125,155,1
4125,157,0
4125,159,0
4125,160,0
4125,164,0
4125,170,0
4125,171,0
4125,172,0
4125,173,0
4125,174,0
4125,175,0
4125,176,0
4125,177,0
4125,178,0
4125,181,0
4125,182,0
4125,183,0
4125,184,0
4125,194,0
4125,196,0
4125,197,0
4125,198,0
4125,200,0
4125,201,1
4125,202,0
4125,203,0
4129,1,1
4129,2,0
4129,3,1
4129,5,1
4129,6,1
4129,7,1
4129,49,1
4129,50,1
4129,52,1
4129,53,1
4129,54,1
4129,56,1
4129,57,1
4129,59,1
4129,60,1
4129,61,1
4129,63,1
4129,64,1
4129,65,1
4129,66,1
4129,67,1
4129,72,1
4129,73,1
4129,74,1
4129,82,1
4129,83,1
4129,84,1
4129,86,1
4129,87,1
4129,88,1
4129,90,1
4129,91,1
4129,92,1
4129,93,1
4129,147,1
4129,148,0
4129,149,0
4129,150,0
4129,194,0
4129,196,1
4129,197,0
4129,198,0
4129,200,0
4129,201,1
4129,202,0
4129,203,0
4130,1,1
4130,2,1
4130,3,0
4130,5,1
4130,6,1
4130,7,1
4130,49,1
4130,50,1
4130,52,1
4130,53,1
4130,54,1
4130,56,1
4130,57,1
4130,59,1
4130,60,1
4130,61,1
4130,63,1
4130,64,1
4130,65,1
4130,66,1
4130,67,1
4130,72,1
4130,73,1
4130,74,1
4130,82,1
4130,83,1
4130,84,1
4130,86,1
4130,87,1
4130,88,1
4130,90,1
4130,91,1
4130,92,1
4130,93,0
4130,147,1
4130,148,0
4130,149,0
4130,150,0
4130,194,0
4130,196,0
4130,197,0
4130,198,0
4130,200,0
4130,201,0
4130,202,0
4130,203,0
4142,1,1
4142,2,0
4142,3,1
4142,5,1
4142,6,1
4142,7,1
4142,49,1
4142,50,1
4142,52,1
4142,53,1
4142,54,1
4142,56,1
4142,57,1
4142,59,1
4142,60,1
4142,61,1
4142,63,1
4142,64,1
4142,65,1
4142,66,1
4142,67,1
4142,72,1
4142,73,1
4142,74,1
4142,82,1
4142,83,1
4142,84,1
4142,86,1
4142,87,1
4142,88,1
4142,90,1
4142,91,1
4142,92,1
4142,93,0
4142,147,1
4142,148,0
4142,149,0
4142,150,0
4142,194,0
4142,196,0
4142,197,0
4142,198,0
4142,200,0
4142,201,1
4142,202,0
4142,203,0
4148,1,1
4148,2,1
4148,3,0
4148,5,1
4148,6,1
4148,7,1
4148,9,0
4148,10,1
4148,11,0
4148,12,0
4148,29,0
4148,30,0
4148,31,0
4148,32,0
4148,33,0
4148,34,0
4148,35,0
4148,36,0
4148,37,0
4148,39,1
4148,40,1
4148,41,0
4148,49,1
4148,50,1
4148,52,1
4148,53,1
4148,54,1
4148,56,1
4148,57,1
4148,59,1
4148,60,1
4148,61,1
4148,63,1
4148,64,1
4148,65,1
4148,66,1
4148,67,1
4148,72,1
4148,73,1
4148,74,1
4148,82,1
4148,83,1
4148,84,1
4148,86,1
4148,87,1
4148,88,1
4148,90,1
4148,91,1
4148,92,1
4148,93,1
4148,147,0
4148,148,1
4148,149,0
4148,150,0
4148,152,1
4148,153,1
4148,154,0
4148,155,1
4148,157,0
4148,159,0
4148,160,0
4148,164,0
4148,170,1
4148,171,0
4148,172,0
4148,173,0
4148,174,0
4148,175,0
4148,176,0
4148,177,0
4148,178,0
4148,181,0
4148,182,0
4148,183,0
4148,184,0
4148,194,0
4148,196,1
4148,197,0
4148,198,0
4148,200,0
4148,201,1
4148,202,0
4148,203,0
4149,1,1
4149,2,0
4149,3,1
4149,5,1
4149,6,1
4149,7,1
4149,56,1
4149,57,1
4149,59,1
4149,60,1
4149,61,1
4149,63,1
4149,64,1
4149,65,1
4149,66,1
4149,67,1
4149,72,1
4149,73,1
4149,74,1
4149,82,1
4149,83,1
4149,84,1
4149,86,1
4149,87,1
4149,88,1
4149,90,1
4149,91,1
4149,92,1
4149,93,1
4149,147,1
4149,148,0
4149,149,0
4149,150,0
4149,194,0
4149,196,0
4149,197,0
4149,198,0
4149,200,0
4149,201,0
4149,202,0
4149,203,0
4150,1,1
4150,2,0
4150,3,1
4150,5,1
4150,6,1
4150,7,1
4150,29,1
4150,30,1
4150,31,0
4150,32,0
4150,33,0
4150,34,0
4150,35,0
4150,36,0
4150,37,0
4150,39,0
4150,40,0
4150,41,0
4150,49,1
4150,50,1
4150,52,1
4150,53,1
4150,54,1
4150,56,1
4150,57,1
4150,59,1
4150,60,1
4150,61,1
4150,63,1
4150,64,1
4150,65,1
4150,66,1
4150,67,1
4150,72,1
4150,73,1
4150,74,1
4150,82,1
4150,83,1
4150,84,1
4150,86,1
4150,87,1
4150,88,1
4150,90,1
4150,91,1
4150,92,1
4150,93,1
4150,147,1
4150,148,0
4150,149,0
4150,150,0
4150,194,0
4150,196,0
4150,197,0
4150,198,0
4150,200,0
4150,201,1
4150,202,0
4150,203,0
4161,1,1
4161,2,0
4161,3,1
4161,5,1
4161,6,1
4161,7,1
4161,9,0
4161,10,1
4161,11,0
4161,12,0
4161,29,1
4161,30,1
4161,31,0
4161,32,0
4161,33,0
4161,34,0
4161,35,0
4161,36,0
4161,37,0
4161,39,0
4161,40,0
4161,41,0
4161,49,1
4161,50,1
4161,52,1
4161,53,1
4161,54,1
4161,56,1
4161,57,1
4161,59,1
4161,60,1
4161,61,1
4161,63,1
4161,64,1
4161,65,1
4161,66,1
4161,67,1
4161,72,1
4161,73,1
4161,74,1
4161,82,1
4161,83,1
4161,84,1
4161,86,1
4161,87,1
4161,88,1
4161,90,1
4161,91,1
4161,92,1
4161,93,1
4161,147,1
4161,148,0
4161,149,0
4161,150,0
4161,194,0
4161,196,0
4161,197,0
4161,198,0
4161,200,0
4161,201,1
4161,202,0
4161,203,0
4164,1,1
4164,2,1
4164,3,0
4164,5,1
4164,6,1
4164,7,1
4164,9,0
4164,10,1
4164,11,0
4164,12,0
4164,29,0
4164,30,0
4164,31,0
4164,32,1
4164,35,0
4164,36,0
4164,37,0
4164,39,0
4164,40,0
4164,41,0
4164,72,1
4164,73,1
4164,74,1
4164,82,1
4164,83,1
4164,84,1
4164,86,1
4164,87,1
4164,88,1
4164,90,1
4164,91,1
4164,92,1
4164,93,0
4164,147,1
4164,148,0
4164,149,0
4164,150,0
4164,194,0
4164,196,0
4164,197,0
4164,198,0
4164,200,0
4164,201,0
4164,202,0
4164,203,0
4166,1,1
4166,2,0
4166,3,1
4166,5,1
4166,6,1
4166,7,1
4166,72,1
4166,73,1
4166,74,1
4166,82,1
4166,83,1
4166,84,1
4166,86,1
4166,87,1
4166,88,1
4166,90,1
4166,91,1
4166,92,1
4166,93,0
4166,147,1
4166,148,0
4166,149,0
4166,150,0
4166,194,0
4166,196,0
4166,197,0
4166,198,0
4166,200,0
4166,201,0
4166,202,0
4166,203,0
4174,1,1
4174,2,0
4174,3,1
4174,5,1
4174,6,1
4174,7,1
4174,9,1
4174,10,0
4174,11,0
4174,12,0
4174,29,0
4174,30,0
4174,31,0
4174,32,1
4174,33,0
4174,34,1
4174,35,0
4174,36,0
4174,37,0
4174,39,0
4174,40,0
4174,41,0
4174,49,1
4174,50,1
4174,52,1
4174,53,1
4174,54,1
4174,56,1
4174,57,1
4174,59,1
4174,60,1
4174,61,1
4174,63,1
4174,64,1
4174,65,1
4174,66,1
4174,67,1
4174,72,0
4174,73,1
4174,74,1
4174,82,1
4174,83,1
4174,84,1
4174,86,1
4174,87,1
4174,88,1
4174,90,1
4174,91,1
4174,92,0
4174,93,0
4174,147,0
4174,148,1
4174,149,0
4174,150,0
4174,152,1
4174,153,1
4174,154,0
4174,155,1
4174,157,0
4174,159,0
4174,160,0
4174,164,0
4174,170,0
4174,171,0
4174,172,0
4174,173,0
4174,174,0
4174,175,0
4174,176,0
4174,177,0
4174,178,0
4174,181,0
4174,182,0
4174,183,0
4174,184,0
4174,194,0
4174,196,0
4174,197,0
4174,198,0
4174,200,0
4174,201,1
4174,202,1
4174,203,0
4175,1,1
4175,2,0
4175,3,1
4175,5,1
4175,6,1
4175,7,1
4175,72,1
4175,73,1
4175,74,1
4175,82,1
4175,83,1
4175,84,1
4175,86,1
4175,87,1
4175,88,1
4175,90,1
4175,91,1
4175,92,1
4175,93,1
4175,147,1
4175,148,0
4175,149,0
4175,150,0
4175,194,0
4175,196,0
4175,197,0
4175,198,0
4175,200,0
4175,201,1
4175,202,0
4175,203,0
4177,1,1
4177,2,0
4177,3,1
4177,5,1
4177,6,1
4177,7,1
4177,49,1
4177,50,1
4177,52,1
4177,53,1
4177,54,1
4177,56,1
4177,57,1
4177,59,1
4177,60,1
4177,61,1
4177,63,1
4177,64,1
4177,65,1
4177,66,1
4177,67,1
4177,72,1
4177,73,1
4177,74,1
4177,82,1
4177,83,1
4177,84,1
4177,86,1
4177,87,1
4177,88,1
4177,90,1
4177,91,1
4177,92,1
4177,93,1
4177,147,1
4177,148,0
4177,149,0
4177,150,0
4177,194,0
4177,196,0
4177,197,0
4177,198,0
4177,200,0
4177,201,1
4177,202,0
4177,203,0
4179,1,1
4179,2,0
4179,3,1
4179,5,1
4179,6,1
4179,7,1
4179,56,0
4179,57,1
4179,59,1
4179,60,1
4179,61,1
4179,63,1
4179,64,1
4179,65,1
4179,66,1
4179,67,1
4179,72,1
4179,73,1
4179,74,1
4179,82,1
4179,83,1
4179,84,1
4179,86,1
4179,87,1
4179,88,1
4179,90,1
4179,91,1
4179,92,1
4179,93,0
4179,147,1
4179,148,0
4179,149,0
4179,150,0
4179,194,0
4179,196,0
4179,197,0
4179,198,0
4179,200,0
4179,201,1
4179,202,0
4179,203,0
4181,1,1
4181,2,0
4181,3,1
4181,5,1
4181,6,1
4181,7,1
4181,49,1
4181,50,1
4181,52,1
4181,53,1
4181,54,1
4181,56,1
4181,57,1
4181,59,1
4181,60,1
4181,61,1
4181,63,1
4181,64,1
4181,65,1
4181,66,1
4181,67,1
4181,72,1
4181,73,1
4181,74,1
4181,82,1
4181,83,1
4181,84,1
4181,86,1
4181,87,1
4181,88,1
4181,90,1
4181,91,1
4181,92,1
4181,93,1
4181,147,1
4181,148,0
4181,149,0
4181,150,0
4181,194,0
4181,196,0
4181,197,0
4181,198,0
4181,200,0
4181,201,1
4181,202,0
4181,203,0
4184,1,1
4184,2,0
4184,3,1
4184,5,1
4184,6,1
4184,7,1
4184,29,1
4184,30,1
4184,31,0
4184,32,0
4184,33,0
4184,34,0
4184,35,0
4184,36,0
4184,37,0
4184,39,0
4184,40,0
4184,41,0
4184,49,1
4184,50,1
4184,52,1
4184,53,1
4184,54,1
4184,56,1
4184,57,1
4184,59,1
4184,60,1
4184,61,1
4184,63,1
4184,64,1
4184,65,1
4184,66,1
4184,67,1
4184,72,1
4184,73,1
4184,74,1
4184,82,1
4184,83,1
4184,84,1
4184,86,1
4184,87,1
4184,88,1
4184,90,1
4184,91,1
4184,92,1
4184,93,1
4184,147,0
4184,148,1
4184,149,0
4184,150,0
4184,152,0
4184,153,0
4184,154,0
4184,155,0
4184,157,1
4184,159,0
4184,160,0
4184,164,0
4184,170,0
4184,171,0
4184,172,0
4184,173,0
4184,174,0
4184,175,0
4184,176,0
4184,177,0
4184,178,0
4184,181,0
4184,182,0
4184,183,0
4184,184,0
4184,194,0
4184,196,0
4184,197,0
4184,198,0
4184,200,0
4184,201,1
4184,202,0
4184,203,0
4186,1,1
4186,2,0
4186,3,1
4186,5,1
4186,6,1
4186,7,1
4186,49,0
4186,50,0
4186,52,1
4186,53,1
4186,54,1
4186,56,0
4186,57,1
4186,59,1
4186,60,1
4186,61,1
4186,63,1
4186,64,1
4186,65,1
4186,66,1
4186,67,1
4186,72,1
4186,73,1
4186,74,1
4186,82,1
4186,83,1
4186,84,1
4186,86,1
4186,87,1
4186,88,1
4186,90,1
4186,91,1
4186,92,1
4186,93,1
4186,147,1
4186,148,0
4186,149,0
4186,150,0
4186,194,0
4186,196,0
4186,197,0
4186,198,0
4186,200,1
4186,201,1
4186,202,0
4186,203,0
4260,1,1
4260,2,0
4260,3,1
4260,5,1
4260,6,1
4260,7,1
4260,29,1
4260,30,1
4260,31,0
4260,32,0
4260,33,0
4260,34,0
4260,35,0
4260,36,0
4260,37,0
4260,39,0
4260,40,0
4260,41,0
4260,56,1
4260,57,1
4260,59,1
4260,60,1
4260,61,1
4260,63,1
4260,64,1
4260,65,1
4260,66,1
4260,67,1
4260,72,1
4260,73,1
4260,74,1
4260,82,1
4260,83,1
4260,84,1
4260,86,1
4260,87,1
4260,88,1
4260,90,1
4260,91,1
4260,92,1
4260,93,1
4260,147,1
4260,148,0
4260,149,0
4260,150,0
4260,194,0
4260,196,0
4260,197,0
4260,198,0
4260,200,0
4260,201,1
4260,202,0
4260,203,0
4430,1,1
4430,2,1
4430,3,0
4430,5,1
4430,6,1
4430,7,1
4430,9,1
4430,10,0
4430,11,0
4430,12,0
4430,29,1
4430,30,0
4430,31,1
4430,32,0
4430,33,0
4430,34,0
4430,35,0
4430,36,0
4430,37,0
4430,39,0
4430,40,0
4430,41,0
4430,49,1
4430,50,1
4430,52,1
4430,53,1
4430,54,1
4430,56,1
4430,57,1
4430,59,1
4430,60,1
4430,61,1
4430,63,1
4430,64,1
4430,65,1
4430,66,1
4430,67,1
4430,72,0
4430,73,1
4430,74,1
4430,82,1
4430,83,1
4430,84,1
4430,86,1
4430,87,1
4430,88,1
4430,90,1
4430,91,1
4430,92,1
4430,93,1
4430,147,1
4430,148,0
4430,149,0
4430,150,0
4430,194,0
4430,196,0
4430,197,0
4430,198,0
4430,200,0
4430,201,1
4430,202,0
4430,203,1
4431,1,1
4431,2,0
4431,3,1
4431,5,1
4431,6,1
4431,7,1
4431,9,1
4431,10,0
4431,11,0
4431,12,0
4431,29,0
4431,30,0
4431,31,0
4431,32,0
4431,33,0
4431,34,0
4431,35,0
4431,36,0
4431,37,0
4431,39,1
4431,49,1
4431,50,1
4431,52,1
4431,53,1
4431,54,1
4431,56,1
4431,57,1
4431,59,1
4431,60,1
4431,61,1
4431,63,1
4431,64,1
4431,65,1
4431,66,1
4431,67,1
4431,72,1
4431,73,1
4431,74,1
4431,82,1
4431,83,1
4431,84,1
4431,86,1
4431,87,1
4431,88,1
4431,90,1
4431,91,1
4431,92,1
4431,93,0
4431,147,0
4431,148,1
4431,149,0
4431,150,0
4431,152,1
4431,153,1
4431,154,0
4431,155,1
4431,157,0
4431,159,0
4431,160,0
4431,164,0
4431,170,1
4431,171,0
4431,172,0
4431,173,0
4431,174,0
4431,175,0
4431,176,0
4431,177,0
4431,178,0
4431,181,0
4431,182,0
4431,183,0
4431,184,0
4431,194,1
4431,196,0
4431,197,0
4431,198,0
4431,200,0
4431,201,1
4431,202,0
4431,203,0
4438,1,1
4438,2,1
4438,3,0
4438,5,1
4438,6,1
4438,7,1
4438,9,0
4438,10,0
4438,11,1
4438,12,0
4438,49,1
4438,50,1
4438,52,1
4438,53,1
4438,54,1
4438,56,1
4438,57,1
4438,59,1
4438,60,1
4438,61,1
4438,63,1
4438,64,1
4438,65,1
4438,66,1
4438,67,1
4438,72,0
4438,73,1
4438,74,1
4438,82,1
4438,83,1
4438,84,1
4438,86,1
4438,87,1
4438,88,1
4438,90,1
4438,91,1
4438,92,1
4438,93,1
4438,147,1
4438,148,0
4438,149,0
4438,150,0
4438,194,0
4438,196,1
4438,197,0
4438,198,0
4438,200,0
4438,201,1
4438,202,1
4438,203,1
4450,1,1
4450,2,0
4450,3,1
4450,5,1
4450,6,1
4450,7,1
4450,9,0
4450,10,1
4450,11,0
4450,12,0
4450,29,0
4450,30,0
4450,31,0
4450,32,0
4450,33,0
4450,34,0
4450,35,0
4450,36,0
4450,37,0
4450,39,1
4450,49,1
4450,50,1
4450,52,1
4450,53,1
4450,54,1
4450,56,0
4450,57,1
4450,59,1
4450,60,1
4450,61,1
4450,63,1
4450,64,1
4450,65,1
4450,66,1
4450,67,1
4450,72,1
4450,73,1
4450,74,1
4450,82,1
4450,83,1
4450,84,1
4450,86,1
4450,87,1
4450,88,1
4450,90,1
4450,91,1
4450,92,1
4450,93,1
4450,147,0
4450,148,0
4450,149,1
4450,150,0
4450,152,1
4450,153,1
4450,154,0
4450,155,1
4450,157,1
4450,159,0
4450,160,1
4450,164,0
4450,170,0
4450,171,0
4450,172,0
4450,173,0
4450,174,0
4450,175,0
4450,176,0
4450,177,0
4450,178,0
4450,181,0
4450,182,0
4450,183,0
4450,184,0
4450,194,0
4450,196,0
4450,197,0
4450,198,0
4450,200,0
4450,201,1
4450,202,0
4450,203,0
4452,1,1
4452,2,0
4452,3,1
4452,5,1
4452,6,1
4452,7,1
4452,29,1
4452,30,1
4452,31,0
4452,32,0
4452,33,0
4452,34,0
4452,35,0
4452,36,0
4452,37,0
4452,39,0
4452,40,0
4452,41,0
4452,49,1
4452,50,1
4452,52,1
4452,53,1
4452,54,1
4452,56,1
4452,57,1
4452,59,1
4452,60,1
4452,61,1
4452,63,1
4452,64,1
4452,65,1
4452,66,1
4452,67,1
4452,72,1
4452,73,1
4452,74,1
4452,82,1
4452,83,1
4452,84,1
4452,86,1
4452,87,1
4452,88,1
4452,90,1
4452,91,1
4452,92,1
4452,93,1
4452,147,1
4452,148,0
4452,149,0
4452,150,0
4452,194,0
4452,196,0
4452,197,0
4452,198,0
4452,200,0
4452,201,0
4452,202,0
4452,203,1
4454,1,1
4454,2,0
4454,3,1
4454,5,1
4454,6,1
4454,7,1
4454,56,1
4454,57,1
4454,59,1
4454,60,1
4454,61,1
4454,63,1
4454,64,1
4454,65,1
4454,66,1
4454,67,1
4454,72,1
4454,73,1
4454,74,1
4454,82,1
4454,83,1
4454,84,1
4454,86,1
4454,87,1
4454,88,1
4454,90,1
4454,91,1
4454,92,1
4454,93,1
4454,147,1
4454,148,0
4454,149,0
4454,150,0
4454,194,0
4454,196,0
4454,197,0
4454,198,0
4454,200,0
4454,201,0
4454,202,0
4454,203,0
4455,1,1
4455,5,1
4455,6,1
4455,7,1
4455,49,0
4455,50,1
4455,52,1
4455,53,1
4455,54,1
4455,56,1
4455,57,1
4455,59,1
4455,60,1
4455,61,1
4455,63,1
4455,64,1
4455,65,1
4455,66,1
4455,67,1
4455,72,1
4455,73,1
4455,74,1
4455,82,1
4455,83,1
4455,84,1
4455,86,1
4455,87,1
4455,88,1
4455,90,1
4455,91,1
4455,92,1
4455,93,1
4455,147,0
4455,148,1
4455,149,0
4455,150,0
4455,152,1
4455,153,1
4455,154,0
4455,155,1
4455,157,0
4455,159,0
4455,160,0
4455,164,0
4455,170,0
4455,171,0
4455,172,0
4455,173,0
4455,174,0
4455,175,0
4455,176,0
4455,177,0
4455,178,0
4455,181,0
4455,182,0
4455,183,0
4455,184,0
4455,194,0
4455,196,0
4455,197,0
4455,198,1
4455,200,0
4455,201,1
4455,202,0
4455,203,0
4466,1,1
4466,2,1
4466,3,0
4466,5,1
4466,6,1
4466,7,1
4466,49,1
4466,50,1
4466,52,1
4466,53,1
4466,54,1
4466,56,1
4466,57,1
4466,59,1
4466,60,1
4466,61,1
4466,63,1
4466,64,1
4466,65,1
4466,66,1
4466,67,1
4466,72,1
4466,73,1
4466,74,1
4466,82,1
4466,83,1
4466,84,1
4466,86,1
4466,87,1
4466,88,1
4466,90,1
4466,91,1
4466,92,1
4466,93,1
4466,147,1
4466,148,0
4466,149,0
4466,150,0
4466,194,0
4466,196,0
4466,197,0
4466,198,0
4466,200,0
4466,201,0
4466,202,0
4466,203,0
4467,1,1
4467,2,0
4467,3,1
4467,29,0
4467,30,0
4467,31,0
4467,32,0
4467,33,0
4467,34,0
4467,35,0
4467,36,0
4467,37,0
4467,39,1
4467,49,1
4467,50,1
4467,52,1
4467,53,1
4467,54,1
4467,56,1
4467,57,1
4467,59,1
4467,60,1
4467,61,1
4467,63,1
4467,64,1
4467,65,1
4467,66,1
4467,67,1
4467,72,1
4467,73,1
4467,74,1
4467,82,1
4467,83,1
4467,84,1
4467,86,1
4467,87,1
4467,88,1
4467,90,0
4467,91,0
4467,92,0
4467,93,0
4467,147,1
4467,148,0
4467,149,0
4467,150,0
4471,1,1
4471,2,1
4471,3,0
4471,5,1
4471,6,1
4471,7,1
4471,9,0
4471,10,0
4471,11,0
4471,12,1
4471,49,1
4471,50,1
4471,52,1
4471,53,1
4471,54,1
4471,56,1
4471,57,1
4471,59,1
4471,60,1
4471,61,1
4471,63,1
4471,64,1
4471,65,1
4471,66,1
4471,67,1
4471,72,1
4471,73,1
4471,74,1
4471,82,1
4471,83,1
4471,84,1
4471,86,1
4471,87,1
4471,88,1
4471,90,1
4471,91,1
4471,92,1
4471,93,1
4471,147,1
4471,148,0
4471,149,0
4471,150,0
4471,194,0
4471,196,0
4471,197,0
4471,198,0
4471,200,0
4471,201,1
4471,202,0
4471,203,0
4472,1,1
4472,2,1
4472,3,0
4472,5,1
4472,6,1
4472,7,1
4472,72,1
4472,73,1
4472,74,1
4472,82,1
4472,83,1
4472,84,1
4472,86,1
4472,87,1
4472,88,1
4472,90,0
4472,91,0
4472,92,0
4472,93,0
4472,147,1
4472,148,0
4472,149,0
4472,150,0
4472,194,0
4472,196,0
4472,197,0
4472,198,0
4472,200,0
4472,201,0
4472,202,0
4472,203,0
4473,1,1
4473,2,0
4473,3,1
4473,5,1
4473,6,1
4473,7,1
4473,29,1
4473,30,0
4473,31,1
4473,32,0
4473,33,0
4473,34,0
4473,35,0
4473,36,0
4473,37,0
4473,39,0
4473,40,0
4473,41,0
4473,49,1
4473,50,1
4473,52,1
4473,53,1
4473,54,1
4473,56,1
4473,57,1
4473,59,1
4473,60,1
4473,61,1
4473,63,1
4473,64,1
4473,65,1
4473,66,1
4473,67,1
4473,72,1
4473,73,1
4473,74,1
4473,82,1
4473,83,1
4473,84,1
4473,86,1
4473,87,1
4473,88,1
4473,90,1
4473,91,1
4473,92,1
4473,93,1
4473,147,1
4473,148,0
4473,149,0
4473,150,0
4473,194,0
4473,196,0
4473,197,0
4473,198,0
4473,200,0
4473,201,1
4473,202,0
4473,203,0
4474,1,1
4474,2,1
4474,3,0
4474,5,1
4474,6,1
4474,7,1
4474,49,1
4474,50,1
4474,52,1
4474,53,1
4474,54,1
4474,56,1
4474,57,1
4474,59,1
4474,60,1
4474,61,1
4474,63,1
4474,64,1
4474,65,1
4474,66,1
4474,67,1
4474,72,1
4474,73,1
4474,74,1
4474,82,1
4474,83,1
4474,84,1
4474,86,1
4474,87,1
4474,88,1
4474,90,1
4474,91,1
4474,92,1
4474,93,1
4474,147,1
4474,148,0
4474,149,0
4474,150,0
4474,194,0
4474,196,0
4474,197,0
4474,198,0
4474,200,0
4474,201,1
4474,202,0
4474,203,0
4477,1,1
4477,2,1
4477,3,0
4477,5,1
4477,6,1
4477,7,1
4477,72,1
4477,73,1
4477,74,1
4477,82,1
4477,83,1
4477,84,1
4477,86,1
4477,87,1
4477,88,1
4477,90,1
4477,91,1
4477,92,1
4477,93,1
4477,147,1
4477,148,0
4477,149,0
4477,150,0
4477,194,0
4477,196,0
4477,197,0
4477,198,0
4477,200,0
4477,201,1
4477,202,0
4477,203,0
4481,1,1
4481,2,0
4481,3,1
4481,5,1
4481,6,1
4481,7,1
4481,56,1
4481,57,1
4481,59,1
4481,60,1
4481,61,1
4481,63,1
4481,64,1
4481,65,1
4481,66,1
4481,67,1
4481,72,1
4481,73,1
4481,74,1
4481,82,1
4481,83,1
4481,84,1
4481,86,1
4481,87,1
4481,88,1
4481,90,1
4481,91,1
4481,92,1
4481,93,1
4481,147,1
4481,148,0
4481,149,0
4481,150,0
4481,194,0
4481,196,0
4481,197,0
4481,198,0
4481,200,0
4481,201,1
4481,202,0
4481,203,0
4492,1,1
4492,2,0
4492,3,1
4492,5,1
4492,6,1
4492,7,1
4492,49,1
4492,50,1
4492,52,1
4492,53,1
4492,54,1
4492,56,1
4492,57,1
4492,59,1
4492,60,1
4492,61,1
4492,63,1
4492,64,1
4492,65,1
4492,66,1
4492,67,1
4492,72,1
4492,73,1
4492,74,1
4492,82,1
4492,83,1
4492,84,1
4492,86,1
4492,87,1
4492,88,1
4492,90,1
4492,91,1
4492,92,1
4492,93,1
4492,147,1
4492,148,0
4492,149,0
4492,150,0
4492,194,0
4492,196,0
4492,197,0
4492,198,0
4492,200,0
4492,201,0
4492,202,0
4492,203,0
4497,1,1
4497,2,0
4497,3,1
4497,5,1
4497,6,1
4497,7,1
4497,56,1
4497,57,1
4497,59,1
4497,60,1
4497,61,1
4497,63,1
4497,64,1
4497,65,1
4497,66,1
4497,67,1
4497,72,1
4497,73,1
4497,74,1
4497,82,1
4497,83,1
4497,84,1
4497,86,1
4497,87,1
4497,88,1
4497,90,1
4497,91,1
4497,92,1
4497,93,1
4497,147,1
4497,148,0
4497,149,0
4497,150,0
4497,194,0
4497,196,0
4497,197,0
4497,198,0
4497,200,0
4497,201,0
4497,202,0
4497,203,0
4501,1,1
4501,2,0
4501,3,1
4501,5,1
4501,6,1
4501,7,1
4501,56,1
4501,57,1
4501,59,1
4501,60,1
4501,61,1
4501,63,1
4501,64,1
4501,65,1
4501,66,1
4501,67,1
4501,72,1
4501,73,1
4501,74,1
4501,82,1
4501,83,1
4501,84,1
4501,86,1
4501,87,1
4501,88,1
4501,90,1
4501,91,1
4501,92,1
4501,93,1
4501,147,1
4501,148,0
4501,149,0
4501,150,0
4501,194,0
4501,196,0
4501,197,0
4501,198,0
4501,200,0
4501,201,0
4501,202,0
4501,203,0
4504,1,1
4504,2,0
4504,3,1
4504,5,1
4504,6,1
4504,7,1
4504,72,1
4504,73,1
4504,74,1
4504,82,1
4504,83,1
4504,84,1
4504,86,1
4504,87,1
4504,88,1
4504,90,1
4504,91,1
4504,92,0
4504,93,0
4504,147,1
4504,148,0
4504,149,0
4504,150,0
4504,194,0
4504,196,0
4504,197,0
4504,198,0
4504,200,0
4504,201,0
4504,202,0
4504,203,0
4512,1,1
4512,5,1
4512,6,1
4512,7,1
4512,147,1
4512,148,0
4512,149,0
4512,150,0
4512,194,0
4512,196,0
4512,197,0
4512,198,0
4512,200,0
4512,201,0
4512,202,0
4512,203,0
4516,1,1
4516,2,0
4516,3,1
4516,5,1
4516,6,1
4516,7,1
4516,56,1
4516,57,1
4516,59,1
4516,60,1
4516,61,1
4516,63,1
4516,64,1
4516,65,1
4516,66,1
4516,67,1
4516,72,1
4516,73,1
4516,74,1
4516,82,1
4516,83,1
4516,84,1
4516,86,1
4516,87,1
4516,88,1
4516,90,1
4516,91,1
4516,92,1
4516,93,1
4516,147,1
4516,148,0
4516,149,0
4516,150,0
4516,194,0
4516,196,0
4516,197,0
4516,198,0
4516,200,0
4516,201,1
4516,202,0
4516,203,0
4518,1,1
4518,2,0
4518,3,1
4518,5,1
4518,6,1
4518,7,1
4518,29,0
4518,30,0
4518,31,0
4518,32,0
4518,33,0
4518,34,0
4518,35,1
4518,36,0
4518,37,1
4518,39,0
4518,40,0
4518,41,0
4518,147,1
4518,148,0
4518,149,0
4518,150,0
4518,194,0
4518,196,0
4518,197,0
4518,198,0
4518,200,0
4518,201,0
4518,202,1
4518,203,0
4520,1,1
4520,2,0
4520,3,1
4520,5,1
4520,6,1
4520,7,1
4520,29,1
4520,30,1
4520,31,0
4520,32,0
4520,33,0
4520,34,0
4520,35,0
4520,36,0
4520,37,0
4520,39,0
4520,40,0
4520,41,0
4520,49,1
4520,50,1
4520,52,1
4520,53,1
4520,54,1
4520,56,1
4520,57,1
4520,59,1
4520,60,1
4520,61,1
4520,63,1
4520,64,1
4520,65,1
4520,66,1
4520,67,1
4520,72,1
4520,73,1
4520,74,1
4520,82,1
4520,83,1
4520,84,1
4520,86,1
4520,87,1
4520,88,1
4520,90,1
4520,91,1
4520,92,1
4520,93,1
4520,147,1
4520,148,0
4520,149,0
4520,150,0
4520,194,0
4520,196,0
4520,197,0
4520,198,0
4520,200,0
4520,201,1
4520,202,0
4520,203,0
4599,1,1
4599,2,0
4599,3,1
4599,5,1
4599,6,1
4599,7,1
4599,49,1
4599,50,1
4599,52,1
4599,53,1
4599,54,1
4599,56,1
4599,57,1
4599,59,1
4599,60,1
4599,61,1
4599,63,1
4599,64,1
4599,65,1
4599,66,1
4599,67,1
4599,72,1
4599,73,1
4599,74,1
4599,82,1
4599,83,1
4599,84,1
4599,86,1
4599,87,1
4599,88,1
4599,90,1
4599,91,1
4599,92,1
4599,93,1
4599,147,1
4599,148,0
4599,149,0
4599,150,0
4599,194,0
4599,196,0
4599,197,0
4599,198,0
4599,200,0
4599,201,1
4599,202,0
4599,203,0
4786,1,1
4786,2,0
4786,3,1
4786,5,1
4786,6,1
4786,7,1
4786,29,1
4786,30,1
4786,31,0
4786,32,0
4786,33,0
4786,34,0
4786,35,0
4786,36,0
4786,37,0
4786,39,0
4786,40,0
4786,41,0
4786,49,0
4786,50,1
4786,52,1
4786,53,1
4786,54,1
4786,56,1
4786,57,1
4786,59,1
4786,60,1
4786,61,1
4786,63,1
4786,64,1
4786,65,1
4786,66,1
4786,67,1
4786,72,1
4786,73,1
4786,74,1
4786,82,1
4786,83,1
4786,84,1
4786,86,1
4786,87,1
4786,88,1
4786,90,1
4786,91,1
4786,92,1
4786,93,0
4786,147,1
4786,148,0
4786,149,0
4786,150,0
4786,194,0
4786,196,0
4786,197,0
4786,198,0
4786,200,0
4786,201,1
4786,202,1
4786,203,0
4787,1,1
4787,2,0
4787,3,1
4787,5,1
4787,6,1
4787,7,1
4787,29,0
4787,30,0
4787,31,0
4787,32,1
4787,33,0
4787,34,0
4787,35,0
4787,36,0
4787,37,0
4787,39,1
4787,40,0
4787,41,0
4787,49,1
4787,50,1
4787,52,1
4787,53,1
4787,54,1
4787,56,1
4787,57,1
4787,59,1
4787,60,1
4787,61,1
4787,63,1
4787,64,1
4787,65,1
4787,66,1
4787,67,1
4787,72,1
4787,73,1
4787,74,1
4787,82,1
4787,83,0
4787,84,0
4787,86,1
4787,87,1
4787,88,1
4787,90,0
4787,91,0
4787,92,0
4787,93,0
4787,147,0
4787,148,0
4787,149,0
4787,150,1
4787,152,1
4787,153,1
4787,154,0
4787,155,1
4787,157,0
4787,159,0
4787,160,0
4787,164,0
4787,170,0
4787,171,0
4787,172,0
4787,173,0
4787,174,0
4787,175,0
4787,176,0
4787,177,0
4787,178,0
4787,181,0
4787,182,0
4787,183,0
4787,184,0
4787,194,0
4787,196,0
4787,197,0
4787,198,0
4787,200,0
4787,201,1
4787,202,0
4787,203,0
4791,1,1
4791,2,0
4791,3,1
4791,5,1
4791,6,1
4791,7,1
4791,9,0
4791,10,1
4791,11,0
4791,12,0
4791,49,0
4791,50,0
4791,52,0
4791,53,0
4791,54,1
4791,56,0
4791,57,0
4791,59,0
4791,60,0
4791,61,1
4791,63,0
4791,64,0
4791,65,0
4791,66,0
4791,67,0
4791,72,1
4791,73,1
4791,74,1
4791,82,1
4791,83,1
4791,84,1
4791,86,1
4791,87,1
4791,88,1
4791,90,1
4791,91,1
4791,92,1
4791,93,1
4791,147,0
4791,148,0
4791,149,1
4791,150,0
4791,152,1
4791,153,1
4791,154,1
4791,155,0
4791,157,0
4791,159,0
4791,160,0
4791,164,0
4791,170,0
4791,171,0
4791,172,0
4791,173,0
4791,174,0
4791,175,0
4791,176,0
4791,177,0
4791,178,0
4791,181,0
4791,182,0
4791,183,0
4791,184,0
4791,194,0
4791,196,0
4791,197,0
4791,198,0
4791,200,0
4791,201,1
4791,202,0
4791,203,0
4799,1,1
4799,2,0
4799,3,1
4799,5,1
4799,6,1
4799,7,1
4799,72,1
4799,73,1
4799,74,1
4799,82,1
4799,83,1
4799,84,1
4799,86,1
4799,87,1
4799,88,1
4799,90,1
4799,91,1
4799,92,1
4799,93,1
4799,147,1
4799,148,0
4799,149,0
4799,150,0
4799,194,0
4799,196,0
4799,197,0
4799,198,0
4799,200,0
4799,201,0
4799,202,0
4799,203,0
4800,1,1
4800,2,0
4800,3,1
4800,5,1
4800,6,1
4800,7,1
4800,29,1
4800,30,0
4800,31,1
4800,32,0
4800,33,0
4800,34,0
4800,35,0
4800,36,0
4800,37,0
4800,39,0
4800,40,0
4800,41,0
4800,49,1
4800,50,1
4800,52,1
4800,53,1
4800,54,1
4800,56,1
4800,57,1
4800,59,1
4800,60,1
4800,61,1
4800,63,1
4800,64,1
4800,65,1
4800,66,1
4800,67,1
4800,72,1
4800,73,1
4800,74,1
4800,82,1
4800,83,1
4800,84,1
4800,86,1
4800,87,1
4800,88,1
4800,90,1
4800,91,1
4800,92,1
4800,93,1
4800,147,1
4800,148,0
4800,149,0
4800,150,0
4800,194,0
4800,196,0
4800,197,0
4800,198,0
4800,200,0
4800,201,0
4800,202,0
4800,203,0
4806,1,1
4806,2,1
4806,3,0
4806,5,1
4806,6,1
4806,7,1
4806,49,1
4806,50,1
4806,52,1
4806,53,1
4806,54,1
4806,56,1
4806,57,1
4806,59,1
4806,60,1
4806,61,1
4806,63,1
4806,64,1
4806,65,1
4806,66,1
4806,67,1
4806,72,0
4806,73,0
4806,74,1
4806,82,1
4806,83,1
4806,84,1
4806,86,1
4806,87,1
4806,88,1
4806,90,1
4806,91,1
4806,92,1
4806,93,0
4806,147,1
4806,148,0
4806,149,0
4806,150,0
4806,194,0
4806,196,0
4806,197,0
4806,198,0
4806,200,0
4806,201,1
4806,202,1
4806,203,0
4812,1,1
4812,2,0
4812,3,1
4812,5,1
4812,6,1
4812,7,1
4812,49,1
4812,50,1
4812,52,1
4812,53,1
4812,54,1
4812,72,0
4812,73,1
4812,74,1
4812,82,1
4812,83,1
4812,84,1
4812,86,1
4812,87,1
4812,88,1
4812,90,1
4812,91,1
4812,92,1
4812,93,1
4812,147,1
4812,148,0
4812,149,0
4812,150,0
4812,194,1
4812,196,0
4812,197,0
4812,198,0
4812,200,0
4812,201,1
4812,202,0
4812,203,0
4814,1,1
4814,2,0
4814,3,1
4814,5,1
4814,6,1
4814,7,1
4814,147,1
4814,148,0
4814,149,0
4814,150,0
4814,194,0
4814,196,0
4814,197,0
4814,198,0
4814,200,0
4814,201,0
4814,202,0
4814,203,0
4820,1,1
4820,2,0
4820,3,1
4820,5,1
4820,6,1
4820,7,1
4820,29,0
4820,30,0
4820,31,0
4820,32,0
4820,33,0
4820,34,0
4820,35,1
4820,36,0
4820,37,1
4820,39,0
4820,40,0
4820,41,0
4820,49,1
4820,50,1
4820,52,1
4820,53,1
4820,54,1
4820,56,1
4820,57,1
4820,59,1
4820,60,1
4820,61,1
4820,63,1
4820,64,1
4820,65,1
4820,66,1
4820,67,1
4820,72,1
4820,73,1
4820,74,1
4820,82,1
4820,83,1
4820,84,1
4820,86,1
4820,87,1
4820,88,1
4820,90,1
4820,91,1
4820,92,1
4820,93,1
4820,147,1
4820,148,0
4820,149,0
4820,150,0
4820,194,1
4820,196,1
4820,197,0
4820,198,0
4820,200,0
4820,201,1
4820,202,0
4820,203,0
4823,1,1
4823,2,0
4823,3,1
4823,5,1
4823,6,1
4823,7,1
4823,9,1
4823,10,0
4823,11,0
4823,12,0
4823,29,0
4823,30,0
4823,31,0
4823,32,0
4823,33,0
4823,34,0
4823,35,1
4823,36,0
4823,37,1
4823,39,0
4823,40,0
4823,41,0
4823,49,1
4823,50,1
4823,52,1
4823,53,1
4823,54,1
4823,56,1
4823,57,1
4823,59,1
4823,60,1
4823,61,1
4823,63,1
4823,64,1
4823,65,1
4823,66,1
4823,67,1
4823,72,1
4823,73,1
4823,74,1
4823,82,1
4823,83,1
4823,84,1
4823,86,1
4823,87,1
4823,88,1
4823,90,1
4823,91,1
4823,92,1
4823,93,1
4823,147,0
4823,148,1
4823,149,0
4823,150,0
4823,152,1
4823,153,1
4823,154,1
4823,155,0
4823,157,0
4823,159,0
4823,160,0
4823,164,0
4823,170,1
4823,171,0
4823,172,0
4823,173,0
4823,174,0
4823,175,0
4823,176,0
4823,177,0
4823,178,0
4823,181,0
4823,182,0
4823,183,0
4823,184,0
4823,194,0
4823,196,0
4823,197,0
4823,198,0
4823,200,0
4823,201,1
4823,202,0
4823,203,1
4824,1,1
4824,2,0
4824,3,1
4824,5,1
4824,6,1
4824,7,1
4824,29,0
4824,30,0
4824,31,0
4824,32,0
4824,33,0
4824,34,0
4824,35,0
4824,36,0
4824,37,0
4824,39,1
4824,49,1
4824,50,1
4824,52,1
4824,53,1
4824,54,1
4824,56,1
4824,57,1
4824,59,1
4824,60,1
4824,61,1
4824,63,0
4824,64,1
4824,65,1
4824,66,1
4824,67,1
4824,72,1
4824,73,1
4824,74,1
4824,82,1
4824,83,1
4824,84,1
4824,86,1
4824,87,1
4824,88,1
4824,90,1
4824,91,1
4824,92,1
4824,93,1
4824,147,1
4824,148,0
4824,149,0
4824,150,0
4824,194,0
4824,196,0
4824,197,0
4824,198,0
4824,200,0
4824,201,0
4824,202,0
4824,203,0
4830,1,1
4830,2,0
4830,3,1
4830,5,1
4830,6,1
4830,7,1
4830,56,1
4830,57,1
4830,59,1
4830,60,1
4830,61,1
4830,63,1
4830,64,1
4830,65,1
4830,66,1
4830,67,1
4830,72,1
4830,73,1
4830,74,1
4830,82,1
4830,83,1
4830,84,1
4830,86,1
4830,87,1
4830,88,1
4830,90,1
4830,91,1
4830,92,1
4830,93,1
4830,147,1
4830,148,0
4830,149,0
4830,150,0
4830,194,0
4830,196,0
4830,197,0
4830,198,0
4830,200,0
4830,201,0
4830,202,0
4830,203,0
4836,1,1
4836,2,1
4836,3,0
4836,5,1
4836,6,1
4836,7,1
4836,9,1
4836,10,0
4836,11,0
4836,12,0
4836,29,0
4836,30,0
4836,31,0
4836,32,0
4836,33,0
4836,34,0
4836,35,1
4836,36,1
4836,37,0
4836,39,0
4836,40,0
4836,41,0
4836,49,1
4836,50,1
4836,52,1
4836,53,1
4836,54,1
4836,56,1
4836,57,1
4836,59,1
4836,60,1
4836,61,1
4836,63,1
4836,64,1
4836,65,1
4836,66,1
4836,67,1
4836,72,1
4836,73,1
4836,74,1
4836,82,1
4836,83,1
4836,84,1
4836,86,1
4836,87,1
4836,88,1
4836,90,1
4836,91,1
4836,92,1
4836,93,0
4836,147,0
4836,148,1
4836,149,0
4836,150,0
4836,152,1
4836,153,1
4836,154,0
4836,155,1
4836,157,0
4836,159,0
4836,160,0
4836,164,0
4836,170,0
4836,171,0
4836,172,0
4836,173,0
4836,174,0
4836,175,0
4836,176,0
4836,177,0
4836,178,0
4836,181,0
4836,182,0
4836,183,0
4836,184,0
4836,194,0
4836,196,0
4836,197,0
4836,198,0
4836,200,0
4836,201,1
4836,202,0
4836,203,1
4841,1,1
4841,2,0
4841,3,1
4841,5,1
4841,6,1
4841,7,1
4841,29,1
4841,30,1
4841,31,0
4841,32,0
4841,33,0
4841,34,0
4841,35,0
4841,36,0
4841,37,0
4841,39,0
4841,40,0
4841,41,0
4841,49,1
4841,50,1
4841,52,1
4841,53,1
4841,54,1
4841,56,1
4841,57,1
4841,59,1
4841,60,1
4841,61,1
4841,63,1
4841,64,1
4841,65,1
4841,66,1
4841,67,1
4841,72,1
4841,73,1
4841,74,1
4841,82,1
4841,83,1
4841,84,1
4841,86,1
4841,87,1
4841,88,1
4841,90,1
4841,91,1
4841,92,1
4841,93,1
4841,147,1
4841,148,0
4841,149,0
4841,150,0
4841,194,0
4841,196,0
4841,197,0
4841,198,0
4841,200,0
4841,201,1
4841,202,0
4841,203,0
4865,1,1
4865,2,0
4865,3,1
4865,5,1
4865,6,1
4865,7,1
4865,72,1
4865,73,1
4865,74,1
4865,82,1
4865,83,1
4865,84,1
4865,86,1
4865,87,1
4865,88,1
4865,90,1
4865,91,1
4865,92,1
4865,93,1
4865,147,1
4865,148,0
4865,149,0
4865,150,0
4865,194,0
4865,196,0
4865,197,0
4865,198,0
4865,200,0
4865,201,0
4865,202,0
4865,203,0
4877,1,1
4877,2,0
4877,3,1
4877,5,1
4877,6,1
4877,7,1
4877,49,1
4877,50,1
4877,52,1
4877,53,1
4877,54,1
4877,56,1
4877,57,1
4877,59,1
4877,60,1
4877,61,1
4877,63,1
4877,64,1
4877,65,1
4877,66,1
4877,67,1
4877,72,1
4877,73,1
4877,74,1
4877,82,1
4877,83,1
4877,84,1
4877,86,1
4877,87,1
4877,88,1
4877,90,1
4877,91,1
4877,92,1
4877,93,1
4877,147,1
4877,148,0
4877,149,0
4877,150,0
4877,194,0
4877,196,0
4877,197,0
4877,198,0
4877,200,0
4877,201,1
4877,202,0
4877,203,0
4879,1,1
4879,2,0
4879,3,1
4879,5,1
4879,6,1
4879,7,1
4879,72,1
4879,73,1
4879,74,1
4879,82,1
4879,83,1
4879,84,1
4879,86,1
4879,87,1
4879,88,1
4879,90,1
4879,91,1
4879,92,1
4879,93,1
4879,147,1
4879,148,0
4879,149,0
4879,150,0
4879,194,0
4879,196,0
4879,197,0
4879,198,0
4879,200,0
4879,201,0
4879,202,0
4879,203,0
4880,1,1
4880,2,1
4880,3,0
4880,5,1
4880,6,1
4880,7,1
4880,49,1
4880,50,1
4880,52,1
4880,53,1
4880,54,1
4880,56,1
4880,57,1
4880,59,1
4880,60,1
4880,61,1
4880,63,1
4880,64,1
4880,65,1
4880,66,1
4880,67,1
4880,72,0
4880,73,1
4880,74,1
4880,82,1
4880,83,1
4880,84,1
4880,86,1
4880,87,1
4880,88,1
4880,90,1
4880,91,1
4880,92,1
4880,93,1
4880,147,1
4880,148,0
4880,149,0
4880,150,0
4880,194,0
4880,196,0
4880,197,0
4880,198,0
4880,200,0
4880,201,1
4880,202,0
4880,203,0
5005,1,1
5005,2,0
5005,3,1
5005,5,1
5005,6,1
5005,7,1
5005,9,0
5005,10,1
5005,11,0
5005,12,0
5005,29,1
5005,30,1
5005,31,0
5005,32,0
5005,33,0
5005,34,0
5005,35,0
5005,36,0
5005,37,0
5005,39,0
5005,40,0
5005,41,0
5005,49,1
5005,50,1
5005,52,1
5005,53,1
5005,54,1
5005,56,1
5005,57,1
5005,59,1
5005,60,1
5005,61,1
5005,63,1
5005,64,1
5005,65,1
5005,66,1
5005,67,1
5005,72,1
5005,73,1
5005,74,1
5005,82,1
5005,83,1
5005,84,1
5005,86,1
5005,87,1
5005,88,1
5005,90,1
5005,91,1
5005,92,1
5005,93,1
5005,147,1
5005,148,0
5005,149,0
5005,150,0
5005,194,0
5005,196,0
5005,197,0
5005,198,0
5005,200,0
5005,201,1
5005,202,0
5005,203,0
5006,1,1
5006,2,0
5006,3,1
5006,5,1
5006,6,1
5006,7,1
5006,49,0
5006,50,1
5006,52,1
5006,53,1
5006,54,1
5006,56,1
5006,57,1
5006,59,1
5006,60,1
5006,61,1
5006,63,1
5006,64,1
5006,65,1
5006,66,1
5006,67,1
5006,72,1
5006,73,1
5006,74,1
5006,82,1
5006,83,1
5006,84,1
5006,86,1
5006,87,1
5006,88,1
5006,90,1
5006,91,1
5006,92,1
5006,93,1
5006,147,1
5006,148,0
5006,149,0
5006,150,0
5006,194,0
5006,196,0
5006,197,0
5006,198,0
5006,200,0
5006,201,1
5006,202,0
5006,203,0
5007,1,1
5007,2,1
5007,3,0
5007,5,1
5007,6,1
5007,7,1
5007,49,1
5007,50,1
5007,52,1
5007,53,1
5007,54,1
5007,56,1
5007,57,1
5007,59,1
5007,60,1
5007,61,1
5007,63,1
5007,64,1
5007,65,1
5007,66,1
5007,67,1
5007,72,0
5007,73,1
5007,74,1
5007,82,1
5007,83,1
5007,84,1
5007,86,1
5007,87,1
5007,88,1
5007,90,1
5007,91,1
5007,92,1
5007,93,1
5007,147,1
5007,148,0
5007,149,0
5007,150,0
5007,194,0
5007,196,0
5007,197,0
5007,198,0
5007,200,0
5007,201,1
5007,202,0
5007,203,0
5008,1,1
5008,2,0
5008,3,1
5008,5,1
5008,6,1
5008,7,1
5008,49,1
5008,50,1
5008,52,1
5008,53,1
5008,54,1
5008,56,1
5008,57,1
5008,59,1
5008,60,1
5008,61,1
5008,63,1
5008,64,1
5008,65,1
5008,66,1
5008,67,1
5008,72,1
5008,73,1
5008,74,1
5008,82,1
5008,83,1
5008,84,1
5008,86,1
5008,87,1
5008,88,1
5008,90,1
5008,91,1
5008,92,1
5008,93,1
5008,147,1
5008,148,0
5008,149,0
5008,150,0
5008,194,0
5008,196,0
5008,197,0
5008,198,0
5008,200,0
5008,201,0
5008,202,0
5008,203,0
5014,1,1
5014,2,1
5014,3,0
5014,5,1
5014,6,1
5014,7,1
5014,49,1
5014,50,1
5014,52,1
5014,53,1
5014,54,1
5014,56,1
5014,57,1
5014,59,1
5014,60,1
5014,61,1
5014,63,1
5014,64,1
5014,65,1
5014,66,1
5014,67,1
5014,72,1
5014,73,1
5014,74,1
5014,82,1
5014,83,1
5014,84,1
5014,86,1
5014,87,1
5014,88,1
5014,90,1
5014,91,1
5014,92,1
5014,93,1
5014,147,1
5014,148,0
5014,149,0
5014,150,0
5014,194,0
5014,196,0
5014,197,0
5014,198,0
5014,200,0
5014,201,1
5014,202,0
5014,203,1
5026,1,1
5026,5,1
5026,6,1
5026,7,1
5026,72,1
5026,73,1
5026,74,1
5026,82,1
5026,83,1
5026,84,1
5026,86,1
5026,87,1
5026,88,1
5026,90,1
5026,91,1
5026,92,1
5026,93,1
5026,147,1
5026,148,0
5026,149,0
5026,150,0
5026,194,0
5026,196,0
5026,197,0
5026,198,0
5026,200,0
5026,201,1
5026,202,0
5026,203,0
5032,1,1
5032,2,0
5032,3,1
5032,5,1
5032,6,1
5032,7,1
5032,49,1
5032,50,1
5032,52,1
5032,53,1
5032,54,1
5032,56,1
5032,57,1
5032,59,1
5032,60,1
5032,61,1
5032,63,1
5032,64,1
5032,65,1
5032,66,1
5032,67,1
5032,72,1
5032,73,1
5032,74,1
5032,82,1
5032,83,1
5032,84,1
5032,86,1
5032,87,1
5032,88,1
5032,90,1
5032,91,1
5032,92,1
5032,93,1
5032,147,1
5032,148,0
5032,149,0
5032,150,0
5032,194,0
5032,196,0
5032,197,0
5032,198,0
5032,200,1
5032,201,1
5032,202,0
5032,203,1
5033,1,1
5033,2,0
5033,3,1
5033,5,1
5033,6,1
5033,7,1
5033,29,0
5033,30,0
5033,31,0
5033,32,0
5033,33,0
5033,34,0
5033,35,0
5033,36,0
5033,37,0
5033,39,1
5033,49,1
5033,50,1
5033,52,1
5033,53,1
5033,54,1
5033,56,1
5033,57,1
5033,59,1
5033,60,1
5033,61,1
5033,63,1
5033,64,1
5033,65,1
5033,66,1
5033,67,1
5033,72,1
5033,73,1
5033,74,1
5033,82,1
5033,83,1
5033,84,1
5033,86,1
5033,87,1
5033,88,1
5033,90,1
5033,91,1
5033,92,1
5033,93,1
5033,147,1
5033,148,0
5033,149,0
5033,150,0
5033,194,0
5033,196,0
5033,197,0
5033,198,0
5033,200,0
5033,201,1
5033,202,0
5033,203,0
5037,1,1
5037,2,0
5037,3,1
5037,5,1
5037,6,1
5037,7,1
5037,49,1
5037,50,1
5037,52,1
5037,53,1
5037,54,1
5037,56,1
5037,57,1
5037,59,1
5037,60,1
5037,61,1
5037,63,1
5037,64,1
5037,65,1
5037,66,1
5037,67,1
5037,72,1
5037,73,1
5037,74,1
5037,82,1
5037,83,1
5037,84,1
5037,86,1
5037,87,1
5037,88,1
5037,90,1
5037,91,1
5037,92,1
5037,93,1
5037,147,1
5037,148,0
5037,149,0
5037,150,0
5037,194,0
5037,196,0
5037,197,0
5037,198,0
5037,200,0
5037,201,0
5037,202,0
5037,203,0
5044,1,1
5044,2,1
5044,3,0
5044,5,1
5044,6,1
5044,7,1
5044,9,0
5044,10,1
5044,11,0
5044,12,0
5044,29,0
5044,30,0
5044,31,0
5044,32,0
5044,33,0
5044,34,0
5044,35,0
5044,36,0
5044,37,0
5044,39,1
5044,49,1
5044,50,1
5044,52,1
5044,53,1
5044,54,1
5044,56,1
5044,57,1
5044,59,1
5044,60,1
5044,61,1
5044,63,1
5044,64,1
5044,65,1
5044,66,1
5044,67,1
5044,72,0
5044,73,1
5044,74,1
5044,82,1
5044,83,1
5044,84,1
5044,86,1
5044,87,1
5044,88,1
5044,90,1
5044,91,1
5044,92,1
5044,93,0
5044,147,0
5044,148,0
5044,149,1
5044,150,0
5044,152,1
5044,153,1
5044,154,1
5044,155,0
5044,157,1
5044,159,1
5044,160,0
5044,164,0
5044,170,0
5044,171,0
5044,172,0
5044,173,0
5044,174,0
5044,175,0
5044,176,0
5044,177,0
5044,178,0
5044,181,0
5044,182,0
5044,183,0
5044,184,0
5044,194,0
5044,196,0
5044,197,0
5044,198,0
5044,200,0
5044,201,0
5044,202,0
5044,203,0
5049,1,1
5049,2,1
5049,3,0
5049,5,1
5049,6,1
5049,7,1
5049,49,1
5049,50,1
5049,52,1
5049,53,1
5049,54,1
5049,56,1
5049,57,1
5049,59,1
5049,60,1
5049,61,1
5049,63,1
5049,64,1
5049,65,1
5049,66,1
5049,67,1
5049,72,1
5049,73,1
5049,74,1
5049,82,1
5049,83,1
5049,84,1
5049,86,1
5049,87,1
5049,88,1
5049,90,1
5049,91,1
5049,92,1
5049,93,1
5049,147,1
5049,148,0
5049,149,0
5049,150,0
5049,194,1
5049,196,0
5049,197,0
5049,198,0
5049,200,0
5049,201,1
5049,202,0
5049,203,0
5055,1,1
5055,2,0
5055,3,1
5055,5,1
5055,6,1
5055,7,1
5055,9,0
5055,10,0
5055,11,0
5055,12,0
5055,29,0
5055,30,0
5055,31,0
5055,32,0
5055,33,0
5055,34,0
5055,35,1
5055,36,0
5055,37,1
5055,39,0
5055,40,0
5055,41,0
5055,49,1
5055,50,1
5055,52,1
5055,53,1
5055,54,1
5055,56,1
5055,57,1
5055,59,1
5055,60,1
5055,61,1
5055,63,1
5055,64,1
5055,65,1
5055,66,1
5055,67,1
5055,72,1
5055,73,1
5055,74,1
5055,82,1
5055,83,1
5055,84,1
5055,86,1
5055,87,1
5055,88,1
5055,90,1
5055,91,1
5055,92,1
5055,93,1
5055,147,0
5055,148,0
5055,149,1
5055,150,0
5055,152,1
5055,153,1
5055,154,0
5055,155,1
5055,157,0
5055,159,0
5055,160,0
5055,164,0
5055,170,1
5055,171,0
5055,172,0
5055,173,0
5055,174,0
5055,175,0
5055,176,0
5055,177,0
5055,178,0
5055,181,0
5055,182,0
5055,183,0
5055,184,0
5055,194,1
5055,196,1
5055,197,0
5055,198,0
5055,200,0
5055,201,1
5055,202,0
5055,203,0
5057,1,1
5057,2,0
5057,3,1
5057,5,1
5057,6,1
5057,7,1
5057,49,1
5057,50,1
5057,52,1
5057,53,1
5057,54,1
5057,56,1
5057,57,1
5057,59,1
5057,60,1
5057,61,1
5057,63,1
5057,64,1
5057,65,1
5057,66,1
5057,67,1
5057,72,1
5057,73,1
5057,74,1
5057,82,1
5057,83,1
5057,84,1
5057,86,1
5057,87,1
5057,88,1
5057,90,1
5057,91,1
5057,92,1
5057,93,1
5057,147,1
5057,148,0
5057,149,0
5057,150,0
5057,194,0
5057,196,0
5057,197,0
5057,198,0
5057,200,0
5057,201,1
5057,202,0
5057,203,0
5064,1,1
5064,2,0
5064,3,1
5064,5,1
5064,6,1
5064,7,1
5064,56,1
5064,57,1
5064,59,1
5064,60,1
5064,61,1
5064,63,1
5064,64,1
5064,65,1
5064,66,1
5064,67,1
5064,72,1
5064,73,1
5064,74,1
5064,82,1
5064,83,1
5064,84,1
5064,86,1
5064,87,1
5064,88,1
5064,90,1
5064,91,1
5064,92,1
5064,93,1
5064,147,1
5064,148,0
5064,149,0
5064,150,0
5064,194,0
5064,196,0
5064,197,0
5064,198,0
5064,200,0
5064,201,1
5064,202,0
5064,203,0
5066,1,1
5066,2,0
5066,3,1
5066,5,1
5066,6,1
5066,7,1
5066,56,1
5066,57,1
5066,59,1
5066,60,1
5066,61,1
5066,63,1
5066,64,1
5066,65,1
5066,66,1
5066,67,1
5066,72,1
5066,73,1
5066,74,1
5066,82,1
5066,83,1
5066,84,1
5066,86,1
5066,87,1
5066,88,1
5066,90,1
5066,91,0
5066,92,0
5066,93,0
5066,147,1
5066,148,0
5066,149,0
5066,150,0
5066,194,0
5066,196,0
5066,197,0
5066,198,0
5066,200,0
5066,201,1
5066,202,0
5066,203,0
5067,1,1
5067,2,1
5067,3,0
5067,5,1
5067,6,1
5067,7,1
5067,72,1
5067,73,1
5067,74,1
5067,82,1
5067,83,1
5067,84,1
5067,86,1
5067,87,1
5067,88,1
5067,90,1
5067,91,1
5067,92,1
5067,93,1
5067,147,1
5067,148,0
5067,149,0
5067,150,0
5067,194,0
5067,196,1
5067,197,0
5067,198,0
5067,200,0
5067,201,0
5067,202,0
5067,203,0
5081,1,1
5081,2,0
5081,3,1
5081,5,1
5081,6,1
5081,7,1
5081,49,1
5081,50,1
5081,52,1
5081,53,1
5081,54,1
5081,56,1
5081,57,1
5081,59,1
5081,60,1
5081,61,1
5081,63,1
5081,64,1
5081,65,1
5081,66,1
5081,67,1
5081,72,0
5081,73,1
5081,74,1
5081,82,1
5081,83,1
5081,84,1
5081,86,1
5081,87,1
5081,88,1
5081,90,1
5081,91,1
5081,92,1
5081,93,1
5081,147,1
5081,148,0
5081,149,0
5081,150,0
5081,194,0
5081,196,0
5081,197,0
5081,198,0
5081,200,0
5081,201,1
5081,202,0
5081,203,0
5084,1,1
5084,2,0
5084,3,1
5084,5,1
5084,6,1
5084,7,1
5084,49,0
5084,50,0
5084,52,0
5084,53,0
5084,54,1
5084,56,0
5084,57,0
5084,59,1
5084,60,1
5084,61,1
5084,63,1
5084,64,1
5084,65,1
5084,66,1
5084,67,1
5084,72,1
5084,73,1
5084,74,1
5084,82,1
5084,83,1
5084,84,1
5084,86,1
5084,87,1
5084,88,1
5084,90,1
5084,91,1
5084,92,1
5084,93,1
5084,147,1
5084,148,0
5084,149,0
5084,150,0
5084,194,0
5084,196,0
5084,197,0
5084,198,0
5084,200,0
5084,201,1
5084,202,0
5084,203,0
5085,1,1
5085,2,0
5085,3,1
5085,5,1
5085,6,1
5085,7,1
5085,29,1
5085,30,1
5085,31,0
5085,32,0
5085,33,0
5085,34,0
5085,35,0
5085,36,0
5085,37,0
5085,39,0
5085,40,0
5085,41,0
5085,49,1
5085,50,1
5085,52,1
5085,53,1
5085,54,1
5085,56,1
5085,57,1
5085,59,1
5085,60,1
5085,61,1
5085,63,1
5085,64,1
5085,65,1
5085,66,1
5085,67,1
5085,72,1
5085,73,1
5085,74,1
5085,82,1
5085,83,1
5085,84,1
5085,86,1
5085,87,1
5085,88,1
5085,90,1
5085,91,1
5085,92,1
5085,93,1
5085,147,1
5085,148,0
5085,149,0
5085,150,0
5085,194,0
5085,196,0
5085,197,0
5085,198,0
5085,200,0
5085,201,1
5085,202,0
5085,203,0
5087,1,1
5087,2,0
5087,3,1
5087,5,1
5087,6,1
5087,7,1
5087,9,0
5087,10,1
5087,11,0
5087,12,0
5087,29,0
5087,30,0
5087,31,0
5087,32,0
5087,33,0
5087,34,0
5087,35,0
5087,36,0
5087,37,0
5087,39,1
5087,49,1
5087,50,1
5087,52,1
5087,53,1
5087,54,1
5087,56,1
5087,57,1
5087,59,1
5087,60,1
5087,61,1
5087,63,1
5087,64,1
5087,65,1
5087,66,1
5087,67,1
5087,72,1
5087,73,1
5087,74,1
5087,82,1
5087,83,1
5087,84,1
5087,86,1
5087,87,1
5087,88,1
5087,90,1
5087,91,1
5087,92,1
5087,93,1
5087,147,1
5087,148,0
5087,149,0
5087,150,0
5087,194,1
5087,196,1
5087,197,0
5087,198,0
5087,200,0
5087,201,1
5087,202,0
5087,203,0
5368,1,1
5368,2,1
5368,3,0
5368,5,1
5368,6,1
5368,7,1
5368,29,1
5368,30,1
5368,31,0
5368,32,0
5368,33,0
5368,34,0
5368,35,0
5368,36,0
5368,37,0
5368,39,0
5368,40,0
5368,41,0
5368,49,0
5368,50,0
5368,52,0
5368,53,0
5368,54,1
5368,56,1
5368,57,1
5368,59,1
5368,60,1
5368,61,1
5368,63,1
5368,64,1
5368,65,1
5368,66,1
5368,67,1
5368,72,1
5368,73,1
5368,74,1
5368,82,1
5368,83,1
5368,84,1
5368,86,1
5368,87,1
5368,88,1
5368,90,1
5368,91,1
5368,92,1
5368,93,1
5368,147,1
5368,148,0
5368,149,0
5368,150,0
5368,194,0
5368,196,0
5368,197,0
5368,198,0
5368,200,0
5368,201,0
5368,202,0
5368,203,0
5385,1,1
5385,2,0
5385,3,1
5385,5,1
5385,6,1
5385,7,1
5385,49,1
5385,50,1
5385,52,1
5385,53,1
5385,54,1
5385,56,1
5385,57,1
5385,59,1
5385,60,1
5385,61,1
5385,63,1
5385,64,1
5385,65,1
5385,66,1
5385,67,1
5385,72,1
5385,73,1
5385,74,1
5385,82,1
5385,83,1
5385,84,1
5385,86,1
5385,87,1
5385,88,1
5385,90,1
5385,91,1
5385,92,1
5385,93,1
5385,147,1
5385,148,0
5385,149,0
5385,150,0
5385,194,0
5385,196,0
5385,197,0
5385,198,0
5385,200,0
5385,201,1
5385,202,0
5385,203,0
5387,1,1
5387,2,0
5387,3,1
5387,5,1
5387,6,1
5387,7,1
5387,49,1
5387,50,1
5387,52,1
5387,53,1
5387,54,1
5387,56,1
5387,57,1
5387,59,1
5387,60,1
5387,61,1
5387,63,0
5387,64,1
5387,65,1
5387,66,1
5387,67,1
5387,72,1
5387,73,1
5387,74,1
5387,82,1
5387,83,1
5387,84,1
5387,86,1
5387,87,1
5387,88,1
5387,90,1
5387,91,1
5387,92,1
5387,93,1
5387,147,1
5387,148,0
5387,149,0
5387,150,0
5387,194,0
5387,196,0
5387,197,0
5387,198,0
5387,200,0
5387,201,1
5387,202,0
5387,203,0
5390,1,1
5390,2,0
5390,3,1
5390,5,1
5390,6,1
5390,7,1
5390,9,0
5390,10,0
5390,11,0
5390,12,1
5390,29,0
5390,30,0
5390,31,0
5390,32,0
5390,33,0
5390,34,0
5390,35,1
5390,36,0
5390,37,1
5390,39,0
5390,40,0
5390,41,0
5390,72,1
5390,73,1
5390,74,1
5390,82,1
5390,83,1
5390,84,1
5390,86,1
5390,87,1
5390,88,1
5390,90,1
5390,91,1
5390,92,1
5390,93,1
5390,147,1
5390,148,0
5390,149,0
5390,150,0
5390,194,0
5390,196,0
5390,197,0
5390,198,0
5390,200,0
5390,201,0
5390,202,0
5390,203,0
5392,1,1
5392,2,0
5392,3,1
5392,5,1
5392,6,1
5392,7,1
5392,9,1
5392,10,0
5392,11,0
5392,12,0
5392,49,1
5392,50,1
5392,52,1
5392,53,1
5392,54,1
5392,56,1
5392,57,1
5392,59,1
5392,60,1
5392,61,1
5392,63,1
5392,64,1
5392,65,1
5392,66,1
5392,67,1
5392,72,1
5392,73,1
5392,74,1
5392,82,1
5392,83,1
5392,84,1
5392,86,1
5392,87,1
5392,88,1
5392,90,1
5392,91,1
5392,92,1
5392,93,1
5392,147,1
5392,148,0
5392,149,0
5392,150,0
5392,194,0
5392,196,0
5392,197,0
5392,198,0
5392,200,0
5392,201,1
5392,202,0
5392,203,0
5403,1,1
5403,2,0
5403,3,1
5403,5,1
5403,6,1
5403,7,1
5403,72,1
5403,73,1
5403,74,1
5403,82,1
5403,83,1
5403,84,1
5403,90,1
5403,91,1
5403,92,1
5403,93,1
5403,147,1
5403,148,0
5403,149,0
5403,150,0
5403,194,0
5403,196,0
5403,197,0
5403,198,0
5403,200,0
5403,201,0
5403,202,0
5403,203,0
5405,1,1
5405,2,0
5405,3,0
5405,5,1
5405,6,1
5405,7,1
5405,49,1
5405,50,1
5405,52,1
5405,53,1
5405,54,1
5405,56,1
5405,57,1
5405,59,1
5405,60,1
5405,61,1
5405,63,0
5405,64,1
5405,65,1
5405,66,1
5405,67,1
5405,72,0
5405,73,1
5405,74,1
5405,82,1
5405,83,1
5405,84,1
5405,86,1
5405,87,1
5405,88,1
5405,90,1
5405,91,1
5405,92,1
5405,93,1
5405,147,0
5405,148,1
5405,149,0
5405,150,0
5405,152,1
5405,153,0
5405,154,0
5405,155,0
5405,157,0
5405,159,0
5405,160,0
5405,164,0
5405,170,0
5405,171,0
5405,172,0
5405,173,0
5405,174,0
5405,175,0
5405,176,0
5405,177,0
5405,178,0
5405,181,0
5405,182,0
5405,183,0
5405,184,0
5405,194,0
5405,196,1
5405,197,0
5405,198,0
5405,200,0
5405,201,0
5405,202,0
5405,203,0
5406,1,1
5406,2,0
5406,3,1
5406,5,1
5406,6,1
5406,7,1
5406,9,0
5406,10,0
5406,11,1
5406,12,0
5406,29,0
5406,30,0
5406,31,0
5406,32,0
5406,33,0
5406,34,0
5406,35,1
5406,36,1
5406,37,0
5406,39,0
5406,40,0
5406,41,0
5406,49,1
5406,50,1
5406,52,1
5406,53,1
5406,54,1
5406,56,1
5406,57,1
5406,59,1
5406,60,1
5406,61,1
5406,63,1
5406,64,1
5406,65,1
5406,66,1
5406,67,1
5406,72,0
5406,73,1
5406,74,1
5406,82,1
5406,83,1
5406,84,1
5406,86,1
5406,87,1
5406,88,1
5406,90,1
5406,91,1
5406,92,1
5406,93,1
5406,147,0
5406,148,1
5406,149,0
5406,150,0
5406,152,1
5406,153,1
5406,154,0
5406,155,1
5406,157,0
5406,159,0
5406,160,0
5406,164,0
5406,170,0
5406,171,0
5406,172,0
5406,173,0
5406,174,0
5406,175,0
5406,176,0
5406,177,0
5406,178,0
5406,181,0
5406,182,0
5406,183,0
5406,184,0
5406,194,0
5406,196,0
5406,197,0
5406,198,0
5406,200,0
5406,201,1
5406,202,0
5406,203,1
5408,1,1
5408,2,1
5408,3,0
5408,5,1
5408,6,1
5408,7,1
5408,49,1
5408,50,1
5408,52,1
5408,53,1
5408,54,1
5408,56,1
5408,57,1
5408,59,1
5408,60,1
5408,61,1
5408,63,1
5408,64,1
5408,65,1
5408,66,1
5408,67,1
5408,72,1
5408,73,1
5408,74,1
5408,82,1
5408,83,1
5408,84,1
5408,86,1
5408,87,1
5408,88,1
5408,90,1
5408,91,1
5408,92,1
5408,93,0
5408,147,1
5408,148,0
5408,149,0
5408,150,0
5408,194,0
5408,196,0
5408,197,0
5408,198,0
5408,200,0
5408,201,0
5408,202,0
5408,203,0
5409,1,1
5409,2,0
5409,3,1
5409,5,1
5409,6,1
5409,7,1
5409,9,1
5409,10,0
5409,11,0
5409,12,0
5409,29,1
5409,32,0
5409,33,0
5409,34,0
5409,35,0
5409,36,0
5409,37,0
5409,39,0
5409,40,0
5409,41,0
5409,49,1
5409,50,1
5409,52,1
5409,53,1
5409,54,1
5409,56,0
5409,57,0
5409,59,1
5409,60,1
5409,61,1
5409,63,0
5409,64,1
5409,65,1
5409,66,1
5409,67,1
5409,72,1
5409,73,1
5409,74,1
5409,82,1
5409,83,1
5409,84,1
5409,86,1
5409,87,1
5409,88,1
5409,90,1
5409,91,1
5409,92,1
5409,93,1
5409,147,1
5409,148,0
5409,149,0
5409,150,0
5409,194,0
5409,196,0
5409,197,0
5409,198,0
5409,200,0
5409,201,1
5409,202,1
5409,203,0
5412,1,1
5412,5,1
5412,6,1
5412,7,1
5412,49,1
5412,50,1
5412,52,1
5412,53,1
5412,54,1
5412,56,1
5412,57,1
5412,59,1
5412,60,1
5412,61,1
5412,63,1
5412,64,1
5412,65,1
5412,66,1
5412,67,1
5412,72,1
5412,73,1
5412,74,1
5412,82,1
5412,83,1
5412,84,1
5412,86,1
5412,87,1
5412,88,1
5412,90,1
5412,91,1
5412,92,1
5412,93,1
5412,147,0
5412,148,1
5412,149,0
5412,150,0
5412,152,1
5412,153,1
5412,154,0
5412,155,1
5412,157,0
5412,159,0
5412,160,0
5412,164,0
5412,170,0
5412,171,0
5412,172,0
5412,173,0
5412,174,0
5412,175,0
5412,176,0
5412,177,0
5412,178,0
5412,181,0
5412,182,0
5412,183,0
5412,184,0
5412,194,1
5412,196,0
5412,197,0
5412,198,0
5412,200,0
5412,201,1
5412,202,0
5412,203,0
5415,1,1
5415,2,1
5415,3,0
5415,5,1
5415,6,1
5415,7,1
5415,49,1
5415,50,1
5415,52,1
5415,53,1
5415,54,1
5415,56,1
5415,57,1
5415,59,1
5415,60,1
5415,61,1
5415,63,1
5415,64,1
5415,65,1
5415,66,1
5415,67,1
5415,72,1
5415,73,1
5415,74,1
5415,82,1
5415,83,1
5415,84,1
5415,86,1
5415,87,1
5415,88,1
5415,90,1
5415,91,1
5415,92,1
5415,93,0
5415,147,1
5415,148,0
5415,149,0
5415,150,0
5415,194,0
5415,196,0
5415,197,0
5415,198,0
5415,200,0
5415,201,1
5415,202,0
5415,203,0
5426,1,1
5426,2,1
5426,3,0
5426,5,1
5426,6,1
5426,7,1
5426,49,1
5426,50,1
5426,52,1
5426,53,1
5426,54,1
5426,56,1
5426,57,1
5426,59,1
5426,60,1
5426,61,1
5426,63,1
5426,64,1
5426,65,1
5426,66,1
5426,67,1
5426,72,1
5426,73,1
5426,74,1
5426,82,1
5426,83,1
5426,84,1
5426,86,1
5426,87,1
5426,88,1
5426,90,1
5426,91,1
5426,92,1
5426,93,1
5426,147,1
5426,148,0
5426,149,0
5426,150,0
5426,194,0
5426,196,0
5426,197,0
5426,198,0
5426,200,0
5426,201,0
5426,202,0
5426,203,0
5428,1,1
5428,2,0
5428,3,1
5428,5,1
5428,6,1
5428,7,1
5428,56,1
5428,57,1
5428,59,1
5428,60,1
5428,61,1
5428,63,1
5428,64,1
5428,65,1
5428,66,1
5428,67,1
5428,72,1
5428,73,1
5428,74,1
5428,82,1
5428,83,1
5428,84,1
5428,86,1
5428,87,1
5428,88,1
5428,90,1
5428,91,1
5428,92,1
5428,93,1
5428,147,1
5428,148,0
5428,149,0
5428,150,0
5428,194,0
5428,196,0
5428,197,0
5428,198,0
5428,200,0
5428,201,0
5428,202,0
5428,203,0
5442,1,1
5442,5,1
5442,6,1
5442,7,1
5442,49,0
5442,50,0
5442,52,0
5442,53,0
5442,54,0
5442,56,1
5442,57,1
5442,59,1
5442,60,1
5442,61,1
5442,63,1
5442,64,1
5442,65,1
5442,66,1
5442,67,1
5442,72,0
5442,73,0
5442,74,0
5442,82,1
5442,83,1
5442,84,1
5442,86,1
5442,87,1
5442,88,1
5442,90,1
5442,91,1
5442,92,1
5442,93,0
5442,147,1
5442,148,0
5442,149,0
5442,150,0
5442,194,0
5442,196,0
5442,197,0
5442,198,0
5442,200,0
5442,201,0
5442,202,0
5442,203,0
5447,1,1
5447,2,0
5447,3,1
5447,5,1
5447,6,1
5447,7,1
5447,29,1
5447,30,0
5447,31,1
5447,32,0
5447,33,0
5447,34,0
5447,35,0
5447,36,0
5447,37,0
5447,39,0
5447,40,0
5447,41,0
5447,72,1
5447,73,1
5447,74,1
5447,82,1
5447,83,1
5447,84,1
5447,86,1
5447,87,1
5447,88,1
5447,90,1
5447,91,1
5447,92,1
5447,93,1
5447,147,1
5447,148,0
5447,149,0
5447,150,0
5447,194,0
5447,196,0
5447,197,0
5447,198,0
5447,200,0
5447,201,0
5447,202,0
5447,203,0
5449,1,1
5449,2,0
5449,3,1
5449,5,1
5449,6,1
5449,7,1
5449,29,1
5449,32,0
5449,33,0
5449,34,0
5449,35,0
5449,36,0
5449,37,0
5449,39,0
5449,40,0
5449,41,0
5449,49,1
5449,50,1
5449,52,1
5449,53,1
5449,54,1
5449,56,1
5449,57,1
5449,59,1
5449,60,1
5449,61,1
5449,63,1
5449,64,1
5449,65,1
5449,66,1
5449,67,1
5449,72,1
5449,73,1
5449,74,1
5449,82,1
5449,83,1
5449,84,1
5449,86,1
5449,87,1
5449,88,1
5449,90,1
5449,91,1
5449,92,1
5449,93,1
5449,147,1
5449,148,0
5449,149,0
5449,150,0
5449,194,0
5449,196,0
5449,197,0
5449,198,0
5449,200,0
5449,201,1
5449,202,0
5449,203,0
5458,1,1
5458,2,0
5458,3,1
5458,5,1
5458,6,1
5458,7,1
5458,29,0
5458,30,0
5458,31,0
5458,32,0
5458,33,0
5458,34,0
5458,35,0
5458,36,0
5458,37,0
5458,39,1
5458,49,1
5458,50,1
5458,52,1
5458,53,1
5458,54,1
5458,56,0
5458,57,1
5458,59,1
5458,60,1
5458,61,1
5458,63,1
5458,64,1
5458,65,1
5458,66,1
5458,67,1
5458,72,1
5458,73,1
5458,74,1
5458,82,1
5458,83,1
5458,84,1
5458,86,1
5458,87,1
5458,88,1
5458,90,1
5458,91,1
5458,92,1
5458,93,1
5458,147,1
5458,148,0
5458,149,0
5458,150,0
5458,194,1
5458,196,0
5458,197,0
5458,198,0
5458,200,0
5458,201,1
5458,202,0
5458,203,0
5459,1,1
5459,2,0
5459,3,1
5459,5,1
5459,6,1
5459,7,1
5459,72,1
5459,73,1
5459,74,1
5459,82,1
5459,83,1
5459,84,1
5459,86,1
5459,87,1
5459,88,1
5459,90,1
5459,91,1
5459,92,1
5459,93,1
5459,147,1
5459,148,0
5459,149,0
5459,150,0
5459,194,0
5459,196,0
5459,197,0
5459,198,0
5459,200,0
5459,201,1
5459,202,0
5459,203,0
5465,1,1
5465,2,0
5465,3,1
5465,5,1
5465,6,1
5465,7,1
5465,9,1
5465,10,0
5465,11,0
5465,12,0
5465,49,1
5465,50,1
5465,52,1
5465,53,1
5465,54,1
5465,56,1
5465,57,1
5465,59,1
5465,60,1
5465,61,1
5465,63,1
5465,64,1
5465,65,1
5465,66,1
5465,67,1
5465,72,1
5465,73,1
5465,74,1
5465,82,1
5465,83,1
5465,84,1
5465,86,1
5465,87,1
5465,88,1
5465,90,1
5465,91,1
5465,92,1
5465,93,1
5465,147,1
5465,148,0
5465,149,0
5465,150,0
5465,194,0
5465,196,0
5465,197,0
5465,198,0
5465,200,0
5465,201,1
5465,202,0
5465,203,0
5471,1,1
5471,2,0
5471,3,1
5471,5,1
5471,6,1
5471,7,1
5471,29,1
5471,32,0
5471,33,0
5471,34,0
5471,35,0
5471,36,0
5471,37,0
5471,39,0
5471,40,0
5471,41,0
5471,49,1
5471,50,1
5471,52,1
5471,53,1
5471,54,1
5471,56,1
5471,57,1
5471,59,1
5471,60,1
5471,61,1
5471,63,1
5471,64,1
5471,65,1
5471,66,1
5471,67,1
5471,72,1
5471,73,1
5471,74,1
5471,82,1
5471,83,1
5471,84,1
5471,86,1
5471,87,1
5471,88,1
5471,90,1
5471,91,1
5471,92,1
5471,93,1
5471,147,1
5471,148,0
5471,149,0
5471,150,0
5471,194,0
5471,196,0
5471,197,0
5471,198,0
5471,200,0
5471,201,1
5471,202,0
5471,203,0
5474,1,1
5474,2,0
5474,3,1
5474,5,1
5474,6,1
5474,7,1
5474,9,0
5474,10,1
5474,11,0
5474,12,0
5474,29,0
5474,30,0
5474,31,0
5474,32,0
5474,33,0
5474,34,0
5474,35,0
5474,36,0
5474,37,0
5474,39,1
5474,49,1
5474,50,1
5474,52,1
5474,53,1
5474,54,1
5474,56,1
5474,57,1
5474,59,1
5474,60,1
5474,61,1
5474,63,1
5474,64,1
5474,65,1
5474,66,1
5474,67,1
5474,72,1
5474,73,1
5474,74,1
5474,82,1
5474,83,1
5474,84,1
5474,86,1
5474,87,1
5474,88,1
5474,90,1
5474,91,1
5474,92,1
5474,93,1
5474,147,0
5474,148,0
5474,149,0
5474,150,1
5474,152,1
5474,153,1
5474,154,0
5474,155,1
5474,157,1
5474,159,0
5474,160,0
5474,164,0
5474,170,1
5474,171,1
5474,172,0
5474,173,0
5474,174,0
5474,175,1
5474,176,0
5474,177,0
5474,178,0
5474,181,0
5474,182,0
5474,183,0
5474,184,0
5474,194,0
5474,196,0
5474,197,0
5474,198,0
5474,200,0
5474,201,1
5474,202,0
5474,203,0
5475,1,1
5475,2,0
5475,3,1
5475,5,1
5475,6,1
5475,7,1
5475,29,0
5475,30,0
5475,31,0
5475,32,0
5475,33,0
5475,34,0
5475,35,1
5475,36,1
5475,37,0
5475,39,0
5475,40,0
5475,41,0
5475,56,1
5475,57,1
5475,59,1
5475,60,1
5475,61,1
5475,63,1
5475,64,1
5475,65,1
5475,66,1
5475,67,1
5475,72,1
5475,73,1
5475,74,1
5475,82,1
5475,83,1
5475,84,1
5475,86,1
5475,87,1
5475,88,1
5475,90,1
5475,91,1
5475,92,1
5475,93,0
5475,147,1
5475,148,0
5475,149,0
5475,150,0
5475,194,0
5475,196,0
5475,197,0
5475,198,0
5475,200,0
5475,201,1
5475,202,0
5475,203,0
5479,1,1
5479,2,1
5479,3,0
5479,5,1
5479,6,1
5479,7,1
5479,49,1
5479,50,1
5479,52,1
5479,53,1
5479,54,1
5479,56,1
5479,57,1
5479,59,1
5479,60,1
5479,61,1
5479,63,1
5479,64,1
5479,65,1
5479,66,1
5479,67,1
5479,72,1
5479,73,1
5479,74,1
5479,82,1
5479,83,1
5479,84,1
5479,86,1
5479,87,1
5479,88,1
5479,90,1
5479,91,1
5479,92,1
5479,93,1
5479,147,1
5479,148,0
5479,149,0
5479,150,0
5479,194,0
5479,196,0
5479,197,0
5479,198,0
5479,200,0
5479,201,1
5479,202,0
5479,203,0
5621,1,1
5621,2,0
5621,3,1
5621,5,1
5621,6,1
5621,7,1
5621,9,0
5621,10,0
5621,11,0
5621,12,1
5621,49,0
5621,50,0
5621,52,0
5621,53,0
5621,54,0
5621,56,0
5621,57,0
5621,59,0
5621,60,0
5621,61,0
5621,63,1
5621,64,1
5621,65,1
5621,66,1
5621,67,1
5621,72,1
5621,73,1
5621,74,1
5621,82,1
5621,83,1
5621,84,1
5621,86,1
5621,87,1
5621,88,1
5621,90,1
5621,91,1
5621,92,1
5621,93,1
5621,147,1
5621,148,0
5621,149,0
5621,150,0
5621,194,1
5621,196,0
5621,197,0
5621,198,0
5621,200,0
5621,201,1
5621,202,0
5621,203,0
5771,1,1
5771,2,0
5771,3,1
5771,5,1
5771,6,1
5771,7,1
5771,9,0
5771,10,0
5771,11,1
5771,12,0
5771,29,0
5771,30,0
5771,31,0
5771,32,0
5771,33,0
5771,34,0
5771,35,0
5771,36,0
5771,37,0
5771,39,1
5771,49,1
5771,50,1
5771,52,1
5771,53,1
5771,54,1
5771,56,1
5771,57,1
5771,59,1
5771,60,1
5771,61,1
5771,63,1
5771,64,1
5771,65,1
5771,66,1
5771,67,1
5771,72,0
5771,73,1
5771,74,1
5771,82,1
5771,83,1
5771,84,1
5771,86,1
5771,87,1
5771,88,1
5771,90,1
5771,91,1
5771,92,1
5771,93,1
5771,147,0
5771,148,0
5771,149,1
5771,150,0
5771,152,0
5771,153,0
5771,154,0
5771,155,0
5771,157,0
5771,159,0
5771,160,0
5771,164,0
5771,170,1
5771,171,1
5771,172,0
5771,173,1
5771,174,0
5771,175,1
5771,176,0
5771,177,0
5771,178,0
5771,181,0
5771,182,0
5771,183,0
5771,184,0
5771,194,1
5771,196,0
5771,197,0
5771,198,0
5771,200,0
5771,201,1
5771,202,0
5771,203,0
5774,1,1
5774,2,0
5774,3,1
5774,5,1
5774,6,1
5774,7,1
5774,9,1
5774,10,0
5774,11,0
5774,12,0
5774,29,0
5774,30,0
5774,31,0
5774,32,0
5774,33,0
5774,34,0
5774,35,0
5774,36,0
5774,37,0
5774,39,1
5774,49,1
5774,50,1
5774,52,1
5774,53,1
5774,54,1
5774,56,0
5774,57,0
5774,59,1
5774,60,1
5774,61,1
5774,63,0
5774,64,1
5774,65,1
5774,66,1
5774,67,1
5774,72,1
5774,73,1
5774,74,1
5774,82,1
5774,83,1
5774,84,1
5774,86,1
5774,87,1
5774,88,1
5774,90,1
5774,91,1
5774,92,0
5774,93,0
5774,147,0
5774,148,0
5774,149,1
5774,150,0
5774,152,1
5774,153,1
5774,154,0
5774,155,1
5774,157,1
5774,159,1
5774,160,0
5774,164,0
5774,170,1
5774,171,0
5774,172,0
5774,173,0
5774,174,0
5774,175,0
5774,176,0
5774,177,1
5774,178,1
5774,181,0
5774,182,0
5774,183,0
5774,184,0
5774,194,0
5774,196,0
5774,197,0
5774,198,0
5774,200,0
5774,201,1
5774,202,0
5774,203,0
5780,1,1
5780,2,0
5780,3,1
5780,5,1
5780,6,1
5780,7,1
5780,49,1
5780,50,1
5780,52,1
5780,53,1
5780,54,1
5780,56,1
5780,57,1
5780,59,1
5780,60,1
5780,61,1
5780,63,1
5780,64,1
5780,65,1
5780,66,1
5780,67,1
5780,72,1
5780,73,1
5780,74,1
5780,82,1
5780,83,1
5780,84,1
5780,86,1
5780,87,1
5780,88,1
5780,90,1
5780,91,1
5780,92,1
5780,93,1
5780,147,1
5780,148,0
5780,149,0
5780,150,0
5780,194,0
5780,196,0
5780,197,0
5780,198,0
5780,200,0
5780,201,1
5780,202,0
5780,203,0
5783,1,1
5783,2,0
5783,3,1
5783,5,1
5783,6,1
5783,7,1
5783,29,1
5783,32,0
5783,33,0
5783,34,0
5783,35,0
5783,36,0
5783,37,0
5783,39,0
5783,40,0
5783,41,0
5783,72,1
5783,73,1
5783,74,1
5783,82,1
5783,83,1
5783,84,1
5783,86,1
5783,87,1
5783,88,1
5783,90,1
5783,91,1
5783,92,1
5783,93,1
5783,147,1
5783,148,0
5783,149,0
5783,150,0
5783,194,0
5783,196,0
5783,197,0
5783,198,0
5783,200,0
5783,201,0
5783,202,0
5783,203,0
5785,1,1
5785,2,0
5785,3,1
5785,5,1
5785,6,1
5785,7,1
5785,56,1
5785,57,1
5785,59,1
5785,60,1
5785,61,1
5785,63,1
5785,64,1
5785,65,1
5785,66,1
5785,67,1
5785,72,1
5785,73,1
5785,74,1
5785,82,1
5785,83,1
5785,84,1
5785,86,1
5785,87,1
5785,88,1
5785,90,1
5785,91,1
5785,92,1
5785,93,1
5785,147,1
5785,148,0
5785,149,0
5785,150,0
5785,194,0
5785,196,0
5785,197,0
5785,198,0
5785,200,0
5785,201,0
5785,202,0
5785,203,0
5793,1,1
5793,2,0
5793,3,1
5793,5,1
5793,6,1
5793,7,1
5793,29,0
5793,30,0
5793,31,0
5793,32,1
5793,33,0
5793,34,1
5793,35,0
5793,36,0
5793,37,0
5793,39,0
5793,40,0
5793,41,0
5793,49,0
5793,50,1
5793,52,1
5793,53,1
5793,54,1
5793,56,1
5793,57,1
5793,59,1
5793,60,1
5793,61,1
5793,63,1
5793,64,1
5793,65,1
5793,66,1
5793,67,1
5793,72,1
5793,73,1
5793,74,1
5793,82,1
5793,83,1
5793,84,1
5793,86,1
5793,87,1
5793,88,1
5793,90,1
5793,91,1
5793,92,1
5793,93,0
5793,147,1
5793,148,0
5793,149,0
5793,150,0
5793,194,0
5793,196,0
5793,197,0
5793,198,0
5793,200,0
5793,201,1
5793,202,0
5793,203,0
5794,1,1
5794,2,1
5794,3,0
5794,5,1
5794,6,1
5794,7,1
5794,9,0
5794,10,0
5794,11,0
5794,12,1
5794,29,0
5794,30,0
5794,31,0
5794,32,0
5794,33,0
5794,34,0
5794,35,1
5794,36,0
5794,37,1
5794,39,0
5794,40,0
5794,41,0
5794,49,1
5794,50,1
5794,52,1
5794,53,1
5794,54,1
5794,56,0
5794,57,0
5794,59,1
5794,60,1
5794,61,1
5794,63,1
5794,64,1
5794,65,1
5794,66,1
5794,67,1
5794,72,0
5794,73,1
5794,74,1
5794,82,1
5794,83,1
5794,84,1
5794,86,1
5794,87,1
5794,88,1
5794,90,1
5794,91,1
5794,92,1
5794,93,1
5794,147,1
5794,148,0
5794,149,0
5794,150,0
5794,194,0
5794,196,0
5794,197,0
5794,198,0
5794,200,0
5794,201,1
5794,202,0
5794,203,0
5795,1,1
5795,2,1
5795,3,0
5795,5,1
5795,6,1
5795,7,1
5795,9,0
5795,10,0
5795,11,0
5795,12,1
5795,29,1
5795,30,1
5795,31,0
5795,32,0
5795,33,0
5795,34,0
5795,35,0
5795,36,0
5795,37,0
5795,39,0
5795,40,0
5795,41,0
5795,49,1
5795,50,1
5795,52,1
5795,53,1
5795,54,1
5795,56,1
5795,57,1
5795,59,1
5795,60,1
5795,61,1
5795,63,1
5795,64,1
5795,65,1
5795,66,1
5795,67,1
5795,72,1
5795,73,1
5795,74,1
5795,82,1
5795,83,1
5795,84,1
5795,86,1
5795,87,1
5795,88,1
5795,90,1
5795,91,1
5795,92,1
5795,93,1
5795,147,0
5795,148,1
5795,149,0
5795,150,0
5795,152,0
5795,153,0
5795,154,0
5795,155,0
5795,157,1
5795,159,0
5795,160,0
5795,164,0
5795,170,0
5795,171,0
5795,172,0
5795,173,0
5795,174,0
5795,175,0
5795,176,0
5795,177,0
5795,178,0
5795,181,0
5795,182,0
5795,183,0
5795,184,0
5795,194,0
5795,196,0
5795,197,0
5795,198,0
5795,200,0
5795,201,1
5795,202,0
5795,203,0
5796,1,1
5796,2,0
5796,3,1
5796,5,1
5796,6,1
5796,7,1
5796,56,1
5796,57,1
5796,59,1
5796,60,1
5796,61,1
5796,63,1
5796,64,1
5796,65,1
5796,66,1
5796,67,1
5796,72,1
5796,73,1
5796,74,1
5796,82,1
5796,83,1
5796,84,1
5796,86,1
5796,87,1
5796,88,1
5796,90,1
5796,91,1
5796,92,1
5796,93,1
5796,147,1
5796,148,0
5796,149,0
5796,150,0
5796,194,0
5796,196,0
5796,197,0
5796,198,0
5796,200,0
5796,201,1
5796,202,0
5796,203,0
5798,1,1
5798,2,0
5798,3,1
5798,5,1
5798,6,1
5798,7,1
5798,9,0
5798,10,0
5798,11,0
5798,12,1
5798,49,1
5798,50,1
5798,52,1
5798,53,1
5798,54,1
5798,56,1
5798,57,1
5798,59,1
5798,60,1
5798,61,1
5798,63,1
5798,64,1
5798,65,1
5798,66,1
5798,67,1
5798,72,1
5798,73,1
5798,74,1
5798,82,1
5798,83,1
5798,84,1
5798,86,1
5798,87,1
5798,88,1
5798,90,1
5798,91,1
5798,92,1
5798,93,1
5798,147,1
5798,148,0
5798,149,0
5798,150,0
5798,194,0
5798,196,0
5798,197,0
5798,198,0
5798,200,0
5798,201,1
5798,202,0
5798,203,0
5801,1,1
5801,2,0
5801,3,1
5801,5,1
5801,6,1
5801,7,1
5801,49,1
5801,50,1
5801,52,1
5801,53,1
5801,54,1
5801,56,1
5801,57,1
5801,59,1
5801,60,1
5801,61,1
5801,63,1
5801,64,1
5801,65,1
5801,66,1
5801,67,1
5801,72,1
5801,73,1
5801,74,1
5801,82,1
5801,83,1
5801,84,1
5801,86,1
5801,87,1
5801,88,1
5801,90,1
5801,91,1
5801,92,1
5801,93,1
5801,147,1
5801,148,0
5801,149,0
5801,150,0
5801,194,0
5801,196,0
5801,197,0
5801,198,0
5801,200,0
5801,201,1
5801,202,0
5801,203,0
5825,1,1
5825,2,0
5825,3,1
5825,5,1
5825,6,1
5825,7,1
5825,9,1
5825,10,0
5825,11,0
5825,12,0
5825,29,0
5825,30,0
5825,31,0
5825,32,0
5825,33,0
5825,34,0
5825,35,0
5825,36,0
5825,37,0
5825,39,1
5825,49,1
5825,50,1
5825,52,1
5825,53,1
5825,54,1
5825,56,1
5825,57,1
5825,59,1
5825,60,1
5825,61,1
5825,63,1
5825,64,1
5825,65,1
5825,66,1
5825,67,1
5825,72,0
5825,73,0
5825,74,1
5825,82,1
5825,83,1
5825,84,1
5825,86,1
5825,87,1
5825,88,1
5825,90,1
5825,91,1
5825,92,1
5825,93,1
5825,147,0
5825,148,0
5825,149,1
5825,150,0
5825,152,0
5825,153,0
5825,154,0
5825,155,0
5825,157,0
5825,159,0
5825,160,0
5825,164,0
5825,170,1
5825,171,1
5825,172,1
5825,173,0
5825,174,0
5825,175,1
5825,176,0
5825,177,0
5825,178,0
5825,181,0
5825,182,0
5825,183,0
5825,184,0
5825,194,1
5825,196,0
5825,197,0
5825,198,0
5825,200,0
5825,201,1
5825,202,0
5825,203,0
5829,1,1
5829,2,0
5829,3,1
5829,5,1
5829,6,1
5829,7,1
5829,72,1
5829,73,1
5829,74,1
5829,82,1
5829,83,1
5829,84,1
5829,86,1
5829,87,1
5829,88,1
5829,90,1
5829,91,1
5829,92,1
5829,93,1
5829,147,1
5829,148,0
5829,149,0
5829,150,0
5829,194,0
5829,196,0
5829,197,0
5829,198,0
5829,200,0
5829,201,0
5829,202,0
5829,203,0
5833,1,1
5833,2,0
5833,3,1
5833,5,1
5833,6,1
5833,7,1
5833,9,0
5833,10,0
5833,11,0
5833,12,1
5833,49,1
5833,50,1
5833,52,1
5833,53,1
5833,54,1
5833,56,1
5833,57,1
5833,59,1
5833,60,1
5833,61,1
5833,63,1
5833,64,1
5833,65,1
5833,66,1
5833,67,1
5833,72,1
5833,73,1
5833,74,1
5833,82,1
5833,83,1
5833,84,1
5833,86,1
5833,87,1
5833,88,1
5833,90,1
5833,91,1
5833,92,1
5833,93,1
5833,147,1
5833,148,0
5833,149,0
5833,150,0
5833,194,0
5833,196,0
5833,197,0
5833,198,0
5833,200,0
5833,201,0
5833,202,0
5833,203,0
5834,1,1
5834,2,0
5834,3,1
5834,5,1
5834,6,1
5834,7,1
5834,29,1
5834,30,1
5834,31,0
5834,32,0
5834,33,0
5834,34,0
5834,35,0
5834,36,0
5834,37,0
5834,39,0
5834,40,0
5834,41,0
5834,49,1
5834,50,1
5834,52,1
5834,53,1
5834,54,1
5834,56,1
5834,57,1
5834,59,1
5834,60,1
5834,61,1
5834,63,1
5834,64,1
5834,65,1
5834,66,1
5834,67,1
5834,72,1
5834,73,1
5834,74,1
5834,82,1
5834,83,1
5834,84,1
5834,86,1
5834,87,1
5834,88,1
5834,90,1
5834,91,1
5834,92,1
5834,93,0
5834,147,1
5834,148,0
5834,149,0
5834,150,0
5834,194,0
5834,196,1
5834,197,0
5834,198,0
5834,200,0
5834,201,0
5834,202,0
5834,203,0
5838,1,1
5838,2,0
5838,3,1
5838,5,1
5838,6,1
5838,7,1
5838,9,1
5838,10,0
5838,11,0
5838,12,0
5838,49,1
5838,50,1
5838,52,1
5838,53,1
5838,54,1
5838,56,1
5838,57,1
5838,59,1
5838,60,1
5838,61,1
5838,63,1
5838,64,1
5838,65,1
5838,66,1
5838,67,1
5838,72,0
5838,73,1
5838,74,1
5838,82,1
5838,83,1
5838,84,1
5838,86,1
5838,87,1
5838,88,1
5838,90,1
5838,91,1
5838,92,1
5838,93,1
5838,147,0
5838,148,1
5838,149,0
5838,150,0
5838,152,0
5838,153,0
5838,154,0
5838,155,0
5838,157,0
5838,159,0
5838,160,0
5838,164,0
5838,170,1
5838,171,1
5838,172,0
5838,173,0
5838,174,1
5838,175,0
5838,176,0
5838,177,0
5838,178,0
5838,181,0
5838,182,0
5838,183,0
5838,184,0
5838,194,0
5838,196,0
5838,197,0
5838,198,0
5838,200,0
5838,201,1
5838,202,0
5838,203,0
5840,1,1
5840,2,0
5840,3,1
5840,5,1
5840,6,1
5840,7,1
5840,49,1
5840,50,1
5840,52,1
5840,53,1
5840,54,1
5840,56,1
5840,57,1
5840,59,1
5840,60,1
5840,61,1
5840,63,1
5840,64,1
5840,65,1
5840,66,1
5840,67,1
5840,72,0
5840,73,1
5840,74,1
5840,82,1
5840,83,1
5840,84,1
5840,86,1
5840,87,1
5840,88,1
5840,90,1
5840,91,1
5840,92,1
5840,93,1
5840,147,1
5840,148,0
5840,149,0
5840,150,0
5840,194,0
5840,196,0
5840,197,0
5840,198,0
5840,200,0
5840,201,0
5840,202,1
5840,203,0
5847,1,1
5847,2,0
5847,3,1
5847,5,1
5847,6,1
5847,7,1
5847,29,1
5847,30,1
5847,31,0
5847,32,0
5847,33,0
5847,34,0
5847,35,0
5847,36,0
5847,37,0
5847,39,0
5847,40,0
5847,41,0
5847,49,1
5847,50,1
5847,52,1
5847,53,1
5847,54,1
5847,56,1
5847,57,1
5847,59,1
5847,60,1
5847,61,1
5847,63,1
5847,64,1
5847,65,1
5847,66,1
5847,67,1
5847,72,0
5847,73,0
5847,74,1
5847,82,1
5847,83,1
5847,84,1
5847,86,1
5847,87,1
5847,88,1
5847,90,1
5847,91,1
5847,92,1
5847,93,1
5847,147,1
5847,148,0
5847,149,0
5847,150,0
5847,194,0
5847,196,1
5847,197,0
5847,198,0
5847,200,0
5847,201,0
5847,202,0
5847,203,0
5848,1,1
5848,2,0
5848,3,1
5848,5,1
5848,6,1
5848,7,1
5848,9,0
5848,10,1
5848,11,0
5848,12,0
5848,29,0
5848,30,0
5848,31,0
5848,32,0
5848,33,0
5848,34,0
5848,35,0
5848,36,0
5848,37,0
5848,39,1
5848,49,1
5848,50,1
5848,52,1
5848,53,1
5848,54,1
5848,56,1
5848,57,1
5848,59,1
5848,60,1
5848,61,1
5848,63,1
5848,64,1
5848,65,1
5848,66,1
5848,67,1
5848,72,1
5848,73,1
5848,74,1
5848,82,1
5848,83,1
5848,84,1
5848,86,1
5848,87,1
5848,88,1
5848,90,1
5848,91,1
5848,92,1
5848,93,1
5848,147,0
5848,148,0
5848,149,0
5848,150,1
5848,152,1
5848,153,1
5848,154,0
5848,155,1
5848,157,0
5848,159,0
5848,160,0
5848,164,0
5848,170,1
5848,171,1
5848,172,1
5848,173,0
5848,174,0
5848,175,1
5848,176,0
5848,177,0
5848,178,0
5848,181,0
5848,182,0
5848,183,0
5848,184,0
5848,194,1
5848,196,0
5848,197,0
5848,198,0
5848,200,0
5848,201,1
5848,202,0
5848,203,0
5849,1,1
5849,2,0
5849,3,1
5849,5,1
5849,6,1
5849,7,1
5849,29,1
5849,30,0
5849,31,1
5849,32,0
5849,33,0
5849,34,0
5849,35,0
5849,36,0
5849,37,0
5849,39,0
5849,40,0
5849,41,0
5849,49,1
5849,50,1
5849,52,1
5849,53,1
5849,54,1
5849,56,1
5849,57,1
5849,59,1
5849,60,1
5849,61,1
5849,63,1
5849,64,1
5849,65,1
5849,66,1
5849,67,1
5849,72,0
5849,73,1
5849,74,1
5849,82,1
5849,83,1
5849,84,1
5849,86,1
5849,87,1
5849,88,1
5849,90,1
5849,91,1
5849,92,1
5849,93,1
5849,147,1
5849,148,0
5849,149,0
5849,150,0
5849,194,0
5849,196,0
5849,197,0
5849,198,0
5849,200,0
5849,201,1
5849,202,0
5849,203,0
5851,1,1
5851,2,0
5851,3,1
5851,5,1
5851,6,1
5851,7,1
5851,49,1
5851,50,1
5851,52,1
5851,53,1
5851,54,1
5851,56,1
5851,57,1
5851,59,1
5851,60,1
5851,61,1
5851,63,1
5851,64,1
5851,65,1
5851,66,1
5851,67,1
5851,72,1
5851,73,1
5851,74,1
5851,82,1
5851,83,1
5851,84,1
5851,86,1
5851,87,1
5851,88,1
5851,90,1
5851,91,1
5851,92,1
5851,93,1
5851,147,1
5851,148,0
5851,149,0
5851,150,0
5851,194,0
5851,196,0
5851,197,0
5851,198,0
5851,200,0
5851,201,0
5851,202,0
5851,203,0
5856,1,1
5856,2,0
5856,3,1
5856,5,1
5856,6,1
5856,7,1
5856,49,1
5856,50,1
5856,52,1
5856,53,1
5856,54,1
5856,56,1
5856,57,1
5856,59,1
5856,60,1
5856,61,1
5856,63,1
5856,64,1
5856,65,1
5856,66,1
5856,67,1
5856,72,1
5856,73,1
5856,74,1
5856,82,1
5856,83,1
5856,84,1
5856,86,1
5856,87,1
5856,88,1
5856,90,1
5856,91,1
5856,92,1
5856,93,1
5856,147,1
5856,148,0
5856,149,0
5856,150,0
5856,194,0
5856,196,0
5856,197,0
5856,198,0
5856,200,0
5856,201,0
5856,202,1
5856,203,0
5864,1,1
5864,2,0
5864,3,1
5864,5,1
5864,6,1
5864,7,1
5864,29,1
5864,30,1
5864,31,0
5864,32,0
5864,33,0
5864,34,0
5864,35,0
5864,36,0
5864,37,0
5864,39,0
5864,40,0
5864,41,0
5864,56,1
5864,57,1
5864,59,1
5864,60,1
5864,61,1
5864,63,1
5864,64,1
5864,65,1
5864,66,1
5864,67,1
5864,72,1
5864,73,1
5864,74,1
5864,82,1
5864,83,1
5864,84,1
5864,86,1
5864,87,1
5864,88,1
5864,90,1
5864,91,1
5864,92,0
5864,93,0
5864,147,1
5864,148,0
5864,149,0
5864,150,0
5864,194,0
5864,196,0
5864,197,0
5864,198,0
5864,200,0
5864,201,0
5864,202,0
5864,203,0
5868,1,1
5868,2,0
5868,3,1
5868,5,1
5868,6,1
5868,7,1
5868,29,1
5868,32,0
5868,33,0
5868,34,0
5868,35,0
5868,36,0
5868,37,0
5868,39,0
5868,40,0
5868,41,0
5868,49,0
5868,50,1
5868,52,1
5868,53,1
5868,54,1
5868,56,1
5868,57,1
5868,59,1
5868,60,1
5868,61,1
5868,63,0
5868,64,0
5868,65,0
5868,66,1
5868,67,1
5868,72,0
5868,73,1
5868,74,1
5868,82,1
5868,83,1
5868,84,1
5868,86,1
5868,87,1
5868,88,1
5868,90,1
5868,91,1
5868,92,1
5868,93,1
5868,147,1
5868,148,0
5868,149,0
5868,150,0
5868,194,0
5868,196,0
5868,197,0
5868,198,0
5868,200,0
5868,201,1
5868,202,0
5868,203,0
5869,1,1
5869,2,0
5869,3,1
5869,5,1
5869,6,1
5869,7,1
5869,9,1
5869,10,0
5869,11,0
5869,12,0
5869,29,1
5869,32,0
5869,33,0
5869,34,0
5869,35,0
5869,36,0
5869,37,0
5869,39,0
5869,40,0
5869,41,0
5869,49,1
5869,50,1
5869,52,1
5869,53,1
5869,54,1
5869,56,1
5869,57,1
5869,59,1
5869,60,1
5869,61,1
5869,63,1
5869,64,1
5869,65,1
5869,66,1
5869,67,1
5869,72,1
5869,73,1
5869,74,1
5869,82,1
5869,83,1
5869,84,1
5869,86,1
5869,87,1
5869,88,1
5869,90,1
5869,91,1
5869,92,1
5869,93,1
5869,147,0
5869,148,1
5869,149,0
5869,150,0
5869,152,0
5869,153,0
5869,154,0
5869,155,0
5869,157,1
5869,159,1
5869,160,0
5869,164,0
5869,170,0
5869,171,0
5869,172,0
5869,173,0
5869,174,0
5869,175,0
5869,176,0
5869,177,0
5869,178,0
5869,181,0
5869,182,0
5869,183,0
5869,184,0
5869,194,0
5869,196,1
5869,197,0
5869,198,0
5869,200,0
5869,201,1
5869,202,0
5869,203,0
5884,1,1
5884,2,1
5884,3,0
5884,5,1
5884,6,1
5884,7,1
5884,49,1
5884,50,1
5884,52,1
5884,53,1
5884,54,1
5884,56,1
5884,57,1
5884,59,1
5884,60,1
5884,61,1
5884,63,1
5884,64,1
5884,65,1
5884,66,1
5884,67,1
5884,72,1
5884,73,1
5884,74,1
5884,82,1
5884,83,1
5884,84,1
5884,86,1
5884,87,1
5884,88,1
5884,90,1
5884,91,1
5884,92,1
5884,93,1
5884,147,1
5884,148,0
5884,149,0
5884,150,0
5884,194,0
5884,196,0
5884,197,0
5884,198,0
5884,200,0
5884,201,0
5884,202,0
5884,203,0
5885,1,1
5885,2,0
5885,3,1
5885,5,1
5885,6,1
5885,7,1
5885,49,1
5885,50,1
5885,52,1
5885,53,1
5885,54,1
5885,56,1
5885,57,1
5885,59,1
5885,60,1
5885,61,1
5885,63,1
5885,64,1
5885,65,1
5885,66,1
5885,67,1
5885,72,1
5885,73,1
5885,74,1
5885,82,1
5885,83,1
5885,84,1
5885,90,1
5885,91,1
5885,92,1
5885,93,1
5885,147,1
5885,148,0
5885,149,0
5885,150,0
5885,194,0
5885,196,0
5885,197,0
5885,198,0
5885,200,0
5885,201,0
5885,202,0
5885,203,0
5886,1,1
5886,2,1
5886,3,0
5886,5,1
5886,6,1
5886,7,1
5886,72,1
5886,73,1
5886,74,1
5886,82,1
5886,83,1
5886,84,1
5886,90,1
5886,91,1
5886,92,1
5886,93,1
5886,147,1
5886,148,0
5886,149,0
5886,150,0
5886,194,0
5886,196,0
5886,197,0
5886,198,0
5886,200,0
5886,201,0
5886,202,0
5886,203,0
5895,1,1
5895,5,1
5895,6,1
5895,7,1
5895,29,0
5895,30,0
5895,31,0
5895,32,0
5895,33,0
5895,34,0
5895,35,0
5895,36,0
5895,37,0
5895,39,1
5895,56,1
5895,57,1
5895,59,1
5895,60,1
5895,61,1
5895,63,1
5895,64,1
5895,65,1
5895,66,1
5895,67,1
5895,72,1
5895,73,1
5895,74,1
5895,82,1
5895,83,1
5895,84,1
5895,86,1
5895,87,1
5895,88,1
5895,90,1
5895,91,1
5895,92,1
5895,93,1
5895,147,1
5895,148,0
5895,149,0
5895,150,0
5895,194,0
5895,196,0
5895,197,0
5895,198,0
5895,200,0
5895,201,1
5895,202,0
5895,203,0
5896,1,1
5896,2,1
5896,3,0
5896,5,1
5896,6,1
5896,7,1
5896,29,1
5896,30,0
5896,31,1
5896,32,0
5896,33,0
5896,34,0
5896,35,0
5896,36,0
5896,37,0
5896,39,0
5896,40,0
5896,41,0
5896,49,1
5896,50,1
5896,52,1
5896,53,1
5896,54,1
5896,56,1
5896,57,1
5896,59,1
5896,60,1
5896,61,1
5896,63,1
5896,64,1
5896,65,1
5896,66,1
5896,67,1
5896,72,1
5896,73,1
5896,74,1
5896,82,1
5896,83,1
5896,84,1
5896,86,1
5896,87,1
5896,88,1
5896,90,1
5896,91,1
5896,92,1
5896,93,1
5896,147,1
5896,148,0
5896,149,0
5896,150,0
5896,194,0
5896,196,0
5896,197,0
5896,198,0
5896,200,0
5896,201,0
5896,202,0
5896,203,0
5897,1,1
5897,2,0
5897,3,1
5897,5,1
5897,6,1
5897,7,1
5897,49,1
5897,50,1
5897,52,1
5897,53,1
5897,54,1
5897,56,1
5897,57,1
5897,59,1
5897,60,1
5897,61,1
5897,63,1
5897,64,1
5897,65,1
5897,66,1
5897,67,1
5897,72,0
5897,73,1
5897,74,1
5897,82,1
5897,83,1
5897,84,1
5897,86,1
5897,87,1
5897,88,1
5897,90,1
5897,91,1
5897,92,1
5897,93,1
5897,147,1
5897,148,0
5897,149,0
5897,150,0
5897,194,0
5897,196,0
5897,197,0
5897,198,0
5897,200,0
5897,201,0
5897,202,0
5897,203,0
5901,1,1
5901,2,0
5901,3,1
5901,5,1
5901,6,1
5901,7,1
5901,29,1
5901,30,1
5901,31,0
5901,32,0
5901,33,0
5901,34,0
5901,35,0
5901,36,0
5901,37,0
5901,39,0
5901,40,0
5901,41,0
5901,72,1
5901,73,1
5901,74,1
5901,82,1
5901,83,1
5901,84,1
5901,86,1
5901,87,1
5901,88,1
5901,90,1
5901,91,1
5901,92,1
5901,93,1
5901,147,1
5901,148,0
5901,149,0
5901,150,0
5901,194,0
5901,196,0
5901,197,0
5901,198,0
5901,200,0
5901,201,0
5901,202,0
5901,203,0
5909,1,1
5909,2,0
5909,3,1
5909,5,1
5909,6,1
5909,7,1
5909,9,1
5909,10,0
5909,11,0
5909,12,0
5909,29,0
5909,30,0
5909,31,0
5909,32,0
5909,33,0
5909,34,0
5909,35,1
5909,36,0
5909,37,1
5909,39,0
5909,40,0
5909,41,0
5909,49,1
5909,50,1
5909,52,1
5909,53,1
5909,54,1
5909,56,1
5909,57,1
5909,59,1
5909,60,1
5909,61,1
5909,63,1
5909,64,1
5909,65,1
5909,66,1
5909,67,1
5909,72,1
5909,73,1
5909,74,1
5909,82,1
5909,83,1
5909,84,1
5909,86,1
5909,87,1
5909,88,1
5909,90,1
5909,91,1
5909,92,1
5909,93,1
5909,147,0
5909,148,1
5909,149,0
5909,150,0
5909,152,1
5909,153,0
5909,154,0
5909,155,0
5909,157,0
5909,159,0
5909,160,0
5909,164,0
5909,170,0
5909,171,0
5909,172,0
5909,173,0
5909,174,0
5909,175,0
5909,176,0
5909,177,0
5909,178,0
5909,181,0
5909,182,0
5909,183,0
5909,184,0
5909,194,0
5909,196,0
5909,197,0
5909,198,0
5909,200,0
5909,201,1
5909,202,0
5909,203,0
5929,1,1
5929,2,0
5929,3,1
5929,5,1
5929,6,1
5929,7,1
5929,9,0
5929,10,1
5929,11,0
5929,12,0
5929,29,0
5929,30,0
5929,31,0
5929,32,1
5929,35,0
5929,36,0
5929,37,0
5929,39,0
5929,40,0
5929,41,0
5929,49,0
5929,50,1
5929,52,1
5929,53,1
5929,54,1
5929,56,1
5929,57,1
5929,59,1
5929,60,1
5929,61,1
5929,63,1
5929,64,1
5929,65,1
5929,66,1
5929,67,1
5929,72,1
5929,73,1
5929,74,1
5929,82,1
5929,83,1
5929,84,1
5929,86,1
5929,87,1
5929,88,1
5929,90,1
5929,91,1
5929,92,1
5929,93,1
5929,147,1
5929,148,0
5929,149,0
5929,150,0
5929,194,0
5929,196,0
5929,197,0
5929,198,0
5929,200,0
5929,201,0
5929,202,0
5929,203,0
5936,1,1
5936,2,0
5936,3,0
5936,5,1
5936,6,1
5936,7,1
5936,9,1
5936,10,0
5936,11,0
5936,12,0
5936,49,1
5936,50,1
5936,52,1
5936,53,1
5936,54,1
5936,56,1
5936,57,1
5936,59,1
5936,60,1
5936,61,1
5936,63,1
5936,64,1
5936,65,1
5936,66,1
5936,67,1
5936,72,1
5936,73,1
5936,74,1
5936,82,1
5936,83,1
5936,84,1
5936,86,1
5936,87,1
5936,88,1
5936,90,1
5936,91,1
5936,92,1
5936,93,1
5936,147,0
5936,148,1
5936,149,0
5936,150,0
5936,152,1
5936,153,1
5936,154,0
5936,155,1
5936,157,0
5936,159,0
5936,160,0
5936,164,0
5936,170,0
5936,171,0
5936,172,0
5936,173,0
5936,174,0
5936,175,0
5936,176,0
5936,177,0
5936,178,0
5936,181,0
5936,182,0
5936,183,0
5936,184,0
5936,194,0
5936,196,0
5936,197,0
5936,198,0
5936,200,0
5936,201,1
5936,202,0
5936,203,0
5940,1,1
5940,2,0
5940,3,1
5940,5,1
5940,6,1
5940,7,1
5940,56,1
5940,57,1
5940,59,1
5940,60,1
5940,61,1
5940,63,1
5940,64,1
5940,65,1
5940,66,1
5940,67,1
5940,72,1
5940,73,1
5940,74,1
5940,82,1
5940,83,1
5940,84,1
5940,86,1
5940,87,1
5940,88,1
5940,90,1
5940,91,1
5940,92,1
5940,93,1
5940,147,1
5940,148,0
5940,149,0
5940,150,0
5940,194,0
5940,196,0
5940,197,0
5940,198,0
5940,200,0
5940,201,1
5940,202,0
5940,203,0
5948,1,1
5948,2,1
5948,3,0
5948,5,1
5948,6,1
5948,7,1
5948,49,1
5948,50,1
5948,52,1
5948,53,1
5948,54,1
5948,56,1
5948,57,1
5948,59,1
5948,60,1
5948,61,1
5948,63,1
5948,64,1
5948,65,1
5948,66,1
5948,67,1
5948,72,1
5948,73,1
5948,74,1
5948,82,1
5948,83,1
5948,84,1
5948,86,1
5948,87,1
5948,88,1
5948,90,1
5948,91,0
5948,92,0
5948,93,0
5948,147,1
5948,148,0
5948,149,0
5948,150,0
5948,194,0
5948,196,0
5948,197,0
5948,198,0
5948,200,0
5948,201,0
5948,202,0
5948,203,0
5956,1,1
5956,2,0
5956,3,1
5956,5,1
5956,6,1
5956,7,1
5956,56,1
5956,57,1
5956,59,1
5956,60,1
5956,61,1
5956,63,1
5956,64,1
5956,65,1
5956,66,1
5956,67,1
5956,72,0
5956,73,1
5956,74,1
5956,82,1
5956,83,1
5956,84,1
5956,86,1
5956,87,1
5956,88,1
5956,90,1
5956,91,1
5956,92,1
5956,93,1
5956,147,1
5956,148,0
5956,149,0
5956,150,0
5956,194,0
5956,196,0
5956,197,0
5956,198,0
5956,200,0
5956,201,1
5956,202,0
5956,203,0
5962,1,1
5962,2,1
5962,3,0
5962,5,1
5962,6,1
5962,7,1
5962,49,1
5962,50,1
5962,52,1
5962,53,1
5962,54,1
5962,56,1
5962,57,1
5962,59,1
5962,60,1
5962,61,1
5962,63,1
5962,64,1
5962,65,1
5962,66,1
5962,67,1
5962,72,1
5962,73,1
5962,74,1
5962,82,1
5962,83,1
5962,84,1
5962,86,1
5962,87,1
5962,88,1
5962,90,1
5962,91,1
5962,92,1
5962,93,1
5962,147,1
5962,148,0
5962,149,0
5962,150,0
5962,194,0
5962,196,0
5962,197,0
5962,198,0
5962,200,0
5962,201,0
5962,202,0
5962,203,0
5964,1,1
5964,2,0
5964,3,1
5964,5,1
5964,6,1
5964,7,1
5964,29,0
5964,30,0
5964,31,0
5964,32,0
5964,33,0
5964,34,0
5964,35,0
5964,36,0
5964,37,0
5964,39,1
5964,72,1
5964,73,1
5964,74,1
5964,82,1
5964,83,1
5964,84,1
5964,86,1
5964,87,1
5964,88,1
5964,90,1
5964,91,1
5964,92,1
5964,93,1
5964,147,1
5964,148,0
5964,149,0
5964,150,0
5964,194,0
5964,196,0
5964,197,0
5964,198,0
5964,200,0
5964,201,1
5964,202,0
5964,203,0
5968,1,1
5968,2,0
5968,3,1
5968,5,1
5968,6,1
5968,7,1
5968,9,0
5968,10,1
5968,11,0
5968,12,0
5968,29,0
5968,30,0
5968,31,0
5968,32,0
5968,33,0
5968,34,0
5968,35,0
5968,36,0
5968,37,0
5968,39,1
5968,49,1
5968,50,1
5968,52,1
5968,53,1
5968,54,1
5968,56,1
5968,57,1
5968,59,1
5968,60,1
5968,61,1
5968,63,1
5968,64,1
5968,65,1
5968,66,1
5968,67,1
5968,72,1
5968,73,1
5968,74,1
5968,82,1
5968,83,1
5968,84,0
5968,86,1
5968,87,1
5968,88,1
5968,90,1
5968,91,1
5968,92,1
5968,93,1
5968,147,0
5968,148,0
5968,149,1
5968,150,0
5968,152,0
5968,153,0
5968,154,0
5968,155,0
5968,157,0
5968,159,0
5968,160,0
5968,164,0
5968,170,1
5968,171,1
5968,172,0
5968,173,0
5968,174,1
5968,175,1
5968,176,0
5968,177,0
5968,178,0
5968,181,0
5968,182,0
5968,183,0
5968,184,0
5968,194,0
5968,196,0
5968,197,0
5968,198,0
5968,200,0
5968,201,1
5968,202,0
5968,203,0
5969,1,1
5969,2,0
5969,3,1
5969,5,1
5969,6,1
5969,7,1
5969,9,0
5969,10,1
5969,11,0
5969,12,0
5969,29,0
5969,30,0
5969,31,0
5969,32,1
5969,35,0
5969,36,0
5969,37,0
5969,39,0
5969,40,0
5969,41,0
5969,49,1
5969,50,1
5969,52,1
5969,53,1
5969,54,1
5969,56,1
5969,57,1
5969,59,1
5969,60,1
5969,61,1
5969,63,1
5969,64,1
5969,65,1
5969,66,1
5969,67,1
5969,72,1
5969,73,1
5969,74,1
5969,82,1
5969,83,1
5969,84,1
5969,86,1
5969,87,1
5969,88,1
5969,90,1
5969,91,1
5969,92,1
5969,93,1
5969,147,0
5969,148,1
5969,149,0
5969,150,0
5969,152,1
5969,153,1
5969,154,0
5969,155,1
5969,157,1
5969,159,1
5969,160,0
5969,164,0
5969,170,0
5969,171,0
5969,172,0
5969,173,0
5969,174,0
5969,175,0
5969,176,0
5969,177,0
5969,178,0
5969,181,0
5969,182,0
5969,183,0
5969,184,0
5969,194,0
5969,196,0
5969,197,0
5969,198,0
5969,200,0
5969,201,1
5969,202,0
5969,203,0
5970,1,1
5970,2,1
5970,3,0
5970,5,1
5970,6,1
5970,7,1
5970,29,1
5970,32,0
5970,33,0
5970,34,0
5970,35,0
5970,36,0
5970,37,0
5970,39,0
5970,40,0
5970,41,0
5970,49,1
5970,50,1
5970,52,1
5970,53,1
5970,54,1
5970,56,1
5970,57,1
5970,59,1
5970,60,1
5970,61,1
5970,63,1
5970,64,1
5970,65,1
5970,66,1
5970,67,1
5970,72,1
5970,73,1
5970,74,1
5970,82,1
5970,83,1
5970,84,1
5970,86,1
5970,87,1
5970,88,1
5970,90,1
5970,91,1
5970,92,1
5970,93,1
5970,147,1
5970,148,0
5970,149,0
5970,150,0
5970,194,0
5970,196,0
5970,197,0
5970,198,0
5970,200,0
5970,201,0
5970,202,0
5970,203,0
5971,1,1
5971,2,1
5971,3,0
5971,5,1
5971,6,1
5971,7,1
5971,9,1
5971,10,0
5971,11,0
5971,12,0
5971,29,0
5971,30,0
5971,31,0
5971,32,0
5971,33,0
5971,34,0
5971,35,0
5971,36,0
5971,37,0
5971,39,1
5971,49,1
5971,50,1
5971,52,1
5971,53,1
5971,54,1
5971,56,1
5971,57,1
5971,59,1
5971,60,1
5971,61,1
5971,63,1
5971,64,1
5971,65,1
5971,66,1
5971,67,1
5971,72,1
5971,73,1
5971,74,1
5971,82,1
5971,83,1
5971,84,1
5971,86,1
5971,87,1
5971,88,1
5971,90,1
5971,91,1
5971,92,1
5971,93,1
5971,147,0
5971,148,1
5971,149,0
5971,150,0
5971,152,0
5971,153,0
5971,154,0
5971,155,0
5971,157,0
5971,159,0
5971,160,0
5971,164,0
5971,170,1
5971,171,1
5971,172,0
5971,173,0
5971,174,0
5971,175,1
5971,176,0
5971,177,0
5971,178,0
5971,181,0
5971,182,0
5971,183,0
5971,184,0
5971,194,1
5971,196,1
5971,197,0
5971,198,0
5971,200,0
5971,201,1
5971,202,0
5971,203,0
5972,1,1
5972,2,1
5972,3,0
5972,5,1
5972,6,1
5972,7,1
5972,9,0
5972,10,1
5972,11,0
5972,12,0
5972,29,0
5972,30,0
5972,31,0
5972,32,0
5972,33,0
5972,34,0
5972,35,1
5972,36,0
5972,37,1
5972,39,0
5972,40,0
5972,41,0
5972,49,1
5972,50,1
5972,52,1
5972,53,1
5972,54,1
5972,56,1
5972,57,1
5972,59,1
5972,60,1
5972,61,1
5972,63,1
5972,64,1
5972,65,1
5972,66,1
5972,67,1
5972,72,1
5972,73,1
5972,74,1
5972,82,1
5972,83,1
5972,84,1
5972,86,1
5972,87,1
5972,88,1
5972,90,1
5972,91,1
5972,92,1
5972,93,1
5972,147,0
5972,148,1
5972,149,0
5972,150,0
5972,152,1
5972,153,1
5972,154,0
5972,155,1
5972,157,0
5972,159,0
5972,160,0
5972,164,0
5972,170,0
5972,171,0
5972,172,0
5972,173,0
5972,174,0
5972,175,0
5972,176,0
5972,177,0
5972,178,0
5972,181,0
5972,182,0
5972,183,0
5972,184,0
5972,194,0
5972,196,0
5972,197,0
5972,198,0
5972,200,0
5972,201,1
5972,202,0
5972,203,0
5974,1,1
5974,2,0
5974,3,1
5974,5,1
5974,6,1
5974,7,1
5974,49,0
5974,50,1
5974,52,1
5974,53,1
5974,54,1
5974,56,1
5974,57,1
5974,59,1
5974,60,1
5974,61,1
5974,63,1
5974,64,1
5974,65,1
5974,66,1
5974,67,1
5974,72,1
5974,73,1
5974,74,1
5974,82,1
5974,83,1
5974,84,1
5974,86,1
5974,87,1
5974,88,1
5974,90,1
5974,91,1
5974,92,1
5974,93,1
5974,147,1
5974,148,0
5974,149,0
5974,150,0
5974,194,0
5974,196,0
5974,197,0
5974,198,0
5974,200,0
5974,201,1
5974,202,0
5974,203,0
5976,1,1
5976,2,0
5976,3,1
5976,5,1
5976,6,1
5976,7,1
5976,29,0
5976,30,0
5976,31,0
5976,32,0
5976,33,0
5976,34,0
5976,35,0
5976,36,0
5976,37,0
5976,39,1
5976,49,1
5976,50,1
5976,52,1
5976,53,1
5976,54,1
5976,56,1
5976,57,1
5976,59,1
5976,60,1
5976,61,1
5976,63,1
5976,64,1
5976,65,1
5976,66,1
5976,67,1
5976,72,1
5976,73,1
5976,74,1
5976,82,1
5976,83,1
5976,84,1
5976,86,1
5976,87,1
5976,88,1
5976,90,1
5976,91,1
5976,92,1
5976,93,1
5976,147,1
5976,148,0
5976,149,0
5976,150,0
5976,194,0
5976,196,0
5976,197,0
5976,198,0
5976,200,0
5976,201,1
5976,202,0
5976,203,0
5982,1,1
5982,2,0
5982,3,1
5982,5,1
5982,6,1
5982,7,1
5982,56,1
5982,57,1
5982,59,1
5982,60,1
5982,61,1
5982,63,1
5982,64,1
5982,65,1
5982,66,1
5982,67,1
5982,72,1
5982,73,1
5982,74,1
5982,82,1
5982,83,1
5982,84,1
5982,86,1
5982,87,1
5982,88,1
5982,90,1
5982,91,1
5982,92,1
5982,93,0
5982,147,1
5982,148,0
5982,149,0
5982,150,0
5982,194,0
5982,196,0
5982,197,0
5982,198,0
5982,200,0
5982,201,0
5982,202,0
5982,203,0
5984,1,1
5984,2,0
5984,3,1
5984,5,1
5984,6,1
5984,7,1
5984,9,0
5984,10,1
5984,11,0
5984,12,0
5984,29,0
5984,30,0
5984,31,0
5984,32,0
5984,33,0
5984,34,0
5984,35,0
5984,36,0
5984,37,0
5984,39,1
5984,49,1
5984,50,1
5984,52,1
5984,53,1
5984,54,1
5984,56,1
5984,57,1
5984,59,1
5984,60,1
5984,61,1
5984,63,1
5984,64,1
5984,65,1
5984,66,1
5984,67,1
5984,72,1
5984,73,1
5984,74,1
5984,82,1
5984,83,1
5984,84,1
5984,86,1
5984,87,1
5984,88,1
5984,90,1
5984,91,1
5984,92,1
5984,93,1
5984,147,1
5984,148,0
5984,149,0
5984,150,0
5984,194,0
5984,196,0
5984,197,0
5984,198,0
5984,200,0
5984,201,0
5984,202,0
5984,203,0
5988,1,1
5988,2,0
5988,3,1
5988,5,1
5988,6,1
5988,7,1
5988,9,0
5988,10,1
5988,11,0
5988,12,0
5988,29,1
5988,30,0
5988,31,1
5988,32,0
5988,33,0
5988,34,0
5988,35,0
5988,36,0
5988,37,0
5988,39,0
5988,40,0
5988,41,0
5988,49,1
5988,50,1
5988,52,1
5988,53,1
5988,54,1
5988,56,1
5988,57,1
5988,59,1
5988,60,1
5988,61,1
5988,63,1
5988,64,1
5988,65,1
5988,66,1
5988,67,1
5988,72,1
5988,73,1
5988,74,1
5988,82,1
5988,83,1
5988,84,1
5988,86,1
5988,87,1
5988,88,1
5988,90,1
5988,91,1
5988,92,1
5988,93,1
5988,147,1
5988,148,0
5988,149,0
5988,150,0
5988,194,0
5988,196,0
5988,197,0
5988,198,0
5988,200,0
5988,201,1
5988,202,0
5988,203,0
6241,1,1
6241,2,0
6241,3,1
6241,5,1
6241,6,1
6241,7,1
6241,49,1
6241,50,1
6241,52,1
6241,53,1
6241,54,1
6241,56,1
6241,57,1
6241,59,1
6241,60,1
6241,61,1
6241,63,1
6241,64,1
6241,65,1
6241,66,1
6241,67,1
6241,72,1
6241,73,1
6241,74,1
6241,82,1
6241,83,1
6241,84,1
6241,86,1
6241,87,1
6241,88,1
6241,90,1
6241,91,1
6241,92,1
6241,93,0
6241,147,1
6241,148,0
6241,149,0
6241,150,0
6241,194,0
6241,196,0
6241,197,0
6241,198,0
6241,200,0
6241,201,1
6241,202,0
6241,203,0
6246,1,1
6246,2,0
6246,3,1
6246,5,1
6246,6,1
6246,7,1
6246,56,1
6246,57,1
6246,59,1
6246,60,1
6246,61,1
6246,63,1
6246,64,1
6246,65,1
6246,66,1
6246,67,1
6246,72,1
6246,73,1
6246,74,1
6246,82,1
6246,83,1
6246,84,1
6246,86,1
6246,87,1
6246,88,1
6246,90,1
6246,91,1
6246,92,1
6246,93,1
6246,147,1
6246,148,0
6246,149,0
6246,150,0
6246,194,0
6246,196,0
6246,197,0
6246,198,0
6246,200,0
6246,201,0
6246,202,0
6246,203,0
6257,1,1
6257,2,0
6257,3,1
6257,5,1
6257,6,1
6257,7,1
6257,29,1
6257,30,1
6257,31,0
6257,32,0
6257,33,0
6257,34,0
6257,35,0
6257,36,0
6257,37,0
6257,39,0
6257,40,0
6257,41,0
6257,49,1
6257,50,1
6257,52,1
6257,53,1
6257,54,1
6257,56,1
6257,57,1
6257,59,1
6257,60,1
6257,61,1
6257,63,1
6257,64,1
6257,65,1
6257,66,1
6257,67,1
6257,72,1
6257,73,1
6257,74,1
6257,82,1
6257,83,1
6257,84,1
6257,86,1
6257,87,1
6257,88,1
6257,90,1
6257,91,1
6257,92,1
6257,93,1
6257,147,1
6257,148,0
6257,149,0
6257,150,0
6257,194,0
6257,196,0
6257,197,0
6257,198,0
6257,200,0
6257,201,1
6257,202,0
6257,203,0
6267,1,1
6267,2,0
6267,3,1
6267,5,1
6267,6,1
6267,7,1
6267,49,0
6267,50,1
6267,52,1
6267,53,1
6267,54,1
6267,56,1
6267,57,1
6267,59,1
6267,60,1
6267,61,1
6267,63,1
6267,64,1
6267,65,1
6267,66,1
6267,67,1
6267,72,1
6267,73,1
6267,74,1
6267,82,1
6267,83,1
6267,84,1
6267,86,1
6267,87,1
6267,88,1
6267,90,1
6267,91,1
6267,92,1
6267,93,1
6267,147,1
6267,148,0
6267,149,0
6267,150,0
6267,194,0
6267,196,0
6267,197,0
6267,198,0
6267,200,0
6267,201,1
6267,202,0
6267,203,0
6277,1,1
6277,2,0
6277,3,1
6277,5,1
6277,6,1
6277,7,1
6277,56,1
6277,57,1
6277,59,1
6277,60,1
6277,61,1
6277,63,1
6277,64,1
6277,65,1
6277,66,1
6277,67,1
6277,72,1
6277,73,1
6277,74,1
6277,82,1
6277,83,1
6277,84,1
6277,86,1
6277,87,1
6277,88,1
6277,90,1
6277,91,1
6277,92,1
6277,93,0
6277,147,1
6277,148,0
6277,149,0
6277,150,0
6277,194,0
6277,196,0
6277,197,0
6277,198,0
6277,200,0
6277,201,1
6277,202,0
6277,203,0
6280,1,1
6280,2,1
6280,3,0
6280,5,1
6280,6,1
6280,7,1
6280,9,1
6280,10,0
6280,11,0
6280,12,0
6280,29,0
6280,30,0
6280,31,0
6280,32,0
6280,33,0
6280,34,0
6280,35,1
6280,36,1
6280,37,0
6280,39,0
6280,40,0
6280,41,0
6280,49,1
6280,50,1
6280,52,1
6280,53,1
6280,54,1
6280,56,0
6280,57,1
6280,59,1
6280,60,1
6280,61,1
6280,63,0
6280,64,0
6280,65,1
6280,66,1
6280,67,1
6280,72,1
6280,73,1
6280,74,1
6280,82,1
6280,83,1
6280,84,1
6280,86,1
6280,87,1
6280,88,1
6280,90,1
6280,91,1
6280,92,1
6280,93,1
6280,147,1
6280,148,0
6280,149,0
6280,150,0
6280,194,0
6280,196,0
6280,197,0
6280,198,0
6280,200,0
6280,201,1
6280,202,0
6280,203,0
6281,1,1
6281,2,1
6281,3,0
6281,5,1
6281,6,1
6281,7,1
6281,49,1
6281,50,1
6281,52,1
6281,53,1
6281,54,1
6281,56,1
6281,57,1
6281,59,1
6281,60,1
6281,61,1
6281,63,1
6281,64,1
6281,65,1
6281,66,1
6281,67,1
6281,72,1
6281,73,1
6281,74,1
6281,82,1
6281,83,1
6281,84,1
6281,86,1
6281,87,1
6281,88,1
6281,90,1
6281,91,1
6281,92,1
6281,93,1
6281,147,1
6281,148,0
6281,149,0
6281,150,0
6281,194,0
6281,196,0
6281,197,0
6281,198,0
6281,200,0
6281,201,1
6281,202,0
6281,203,0
6288,1,1
6288,2,1
6288,3,0
6288,5,1
6288,6,1
6288,7,1
6288,49,0
6288,50,1
6288,52,1
6288,53,1
6288,54,1
6288,56,1
6288,57,1
6288,59,1
6288,60,1
6288,61,1
6288,63,1
6288,64,1
6288,65,1
6288,66,1
6288,67,1
6288,72,0
6288,73,1
6288,74,1
6288,82,1
6288,83,1
6288,84,1
6288,86,1
6288,87,1
6288,88,1
6288,90,1
6288,91,1
6288,92,1
6288,93,1
6288,147,1
6288,148,0
6288,149,0
6288,150,0
6288,194,0
6288,196,0
6288,197,0
6288,198,0
6288,200,0
6288,201,1
6288,202,0
6288,203,0
6290,1,1
6290,5,1
6290,6,1
6290,7,1
6290,29,0
6290,30,0
6290,31,0
6290,32,0
6290,33,0
6290,34,0
6290,35,0
6290,36,0
6290,37,0
6290,39,1
6290,49,1
6290,50,1
6290,52,1
6290,53,1
6290,54,1
6290,56,1
6290,57,1
6290,59,1
6290,60,1
6290,61,1
6290,63,1
6290,64,1
6290,65,1
6290,66,1
6290,67,1
6290,72,1
6290,73,1
6290,74,1
6290,82,1
6290,83,1
6290,84,1
6290,86,1
6290,87,1
6290,88,1
6290,90,1
6290,91,1
6290,92,1
6290,93,1
6290,147,1
6290,148,0
6290,149,0
6290,150,0
6290,194,0
6290,196,0
6290,197,0
6290,198,0
6290,200,0
6290,201,1
6290,202,0
6290,203,0
6293,1,1
6293,2,1
6293,3,0
6293,5,1
6293,6,1
6293,7,1
6293,49,1
6293,50,1
6293,52,1
6293,53,1
6293,54,1
6293,56,1
6293,57,1
6293,59,1
6293,60,1
6293,61,1
6293,63,1
6293,64,1
6293,65,1
6293,66,1
6293,67,1
6293,72,1
6293,73,1
6293,74,1
6293,82,1
6293,83,1
6293,84,1
6293,86,1
6293,87,1
6293,88,1
6293,90,1
6293,91,1
6293,92,1
6293,93,1
6293,147,1
6293,148,0
6293,149,0
6293,150,0
6293,194,0
6293,196,0
6293,197,0
6293,198,0
6293,200,0
6293,201,1
6293,202,0
6293,203,0
6297,1,1
6297,2,0
6297,3,1
6297,5,1
6297,6,1
6297,7,1
6297,49,1
6297,50,1
6297,52,1
6297,53,1
6297,54,1
6297,56,1
6297,57,1
6297,59,1
6297,60,1
6297,61,1
6297,63,0
6297,64,1
6297,65,1
6297,66,1
6297,67,1
6297,72,1
6297,73,1
6297,74,1
6297,82,1
6297,83,1
6297,84,1
6297,86,1
6297,87,1
6297,88,1
6297,90,1
6297,91,1
6297,92,1
6297,93,1
6297,147,1
6297,148,0
6297,149,0
6297,150,0
6297,194,1
6297,196,0
6297,197,0
6297,198,0
6297,200,0
6297,201,1
6297,202,0
6297,203,0
6301,1,1
6301,2,0
6301,3,1
6301,5,1
6301,6,1
6301,7,1
6301,56,1
6301,57,1
6301,59,1
6301,60,1
6301,61,1
6301,63,1
6301,64,1
6301,65,1
6301,66,1
6301,67,1
6301,72,1
6301,73,1
6301,74,1
6301,82,1
6301,83,1
6301,84,1
6301,86,1
6301,87,1
6301,88,1
6301,90,1
6301,91,1
6301,92,1
6301,93,1
6301,147,1
6301,148,0
6301,149,0
6301,150,0
6301,194,0
6301,196,0
6301,197,0
6301,198,0
6301,200,0
6301,201,0
6301,202,0
6301,203,0
6306,1,1
6306,2,1
6306,3,0
6306,5,1
6306,6,1
6306,7,1
6306,72,1
6306,73,1
6306,74,1
6306,82,1
6306,83,1
6306,84,1
6306,90,1
6306,91,1
6306,92,1
6306,93,0
6306,147,1
6306,148,0
6306,149,0
6306,150,0
6306,194,0
6306,196,0
6306,197,0
6306,198,0
6306,200,0
6306,201,0
6306,202,1
6306,203,0
6313,1,1
6313,2,0
6313,3,1
6313,5,1
6313,6,1
6313,7,1
6313,49,0
6313,50,1
6313,52,1
6313,53,1
6313,54,1
6313,56,1
6313,57,1
6313,59,1
6313,60,1
6313,61,1
6313,63,1
6313,64,1
6313,65,1
6313,66,1
6313,67,1
6313,72,1
6313,73,1
6313,74,1
6313,82,1
6313,83,1
6313,84,1
6313,86,1
6313,87,1
6313,88,1
6313,90,1
6313,91,1
6313,92,1
6313,93,1
6313,147,1
6313,148,0
6313,149,0
6313,150,0
6313,194,0
6313,196,0
6313,197,0
6313,198,0
6313,200,0
6313,201,0
6313,202,0
6313,203,0
6315,1,1
6315,2,0
6315,3,1
6315,5,1
6315,6,1
6315,7,1
6315,56,1
6315,57,1
6315,59,1
6315,60,1
6315,61,1
6315,63,1
6315,64,1
6315,65,1
6315,66,1
6315,67,1
6315,72,1
6315,73,1
6315,74,1
6315,82,1
6315,83,1
6315,84,1
6315,86,1
6315,87,1
6315,88,1
6315,90,1
6315,91,1
6315,92,1
6315,93,1
6315,147,1
6315,148,0
6315,149,0
6315,150,0
6315,194,0
6315,196,0
6315,197,0
6315,198,0
6315,200,0
6315,201,1
6315,202,0
6315,203,0
6320,1,1
6320,2,0
6320,3,1
6320,5,1
6320,6,1
6320,7,1
6320,49,1
6320,50,1
6320,52,1
6320,53,1
6320,54,1
6320,56,1
6320,57,1
6320,59,1
6320,60,1
6320,61,1
6320,63,1
6320,64,1
6320,65,1
6320,66,1
6320,67,1
6320,72,1
6320,73,1
6320,74,1
6320,82,1
6320,83,1
6320,84,1
6320,86,1
6320,87,1
6320,88,1
6320,90,1
6320,91,1
6320,92,1
6320,93,1
6320,147,1
6320,148,0
6320,149,0
6320,150,0
6320,194,0
6320,196,0
6320,197,0
6320,198,0
6320,200,0
6320,201,0
6320,202,0
6320,203,0
6321,1,1
6321,2,0
6321,3,1
6321,5,1
6321,6,1
6321,7,1
6321,49,1
6321,50,1
6321,52,1
6321,53,1
6321,54,1
6321,56,1
6321,57,1
6321,59,1
6321,60,1
6321,61,1
6321,63,1
6321,64,1
6321,65,1
6321,66,1
6321,67,1
6321,72,1
6321,73,1
6321,74,1
6321,82,1
6321,83,1
6321,84,1
6321,86,1
6321,87,1
6321,88,1
6321,90,1
6321,91,1
6321,92,1
6321,93,1
6321,147,1
6321,148,0
6321,149,0
6321,150,0
6321,194,0
6321,196,0
6321,197,0
6321,198,0
6321,200,0
6321,201,0
6321,202,0
6321,203,0
6509,1,1
6509,2,0
6509,3,1
6509,5,1
6509,6,1
6509,7,1
6509,72,1
6509,73,1
6509,74,1
6509,82,1
6509,83,1
6509,84,1
6509,86,1
6509,87,1
6509,88,1
6509,90,1
6509,91,1
6509,92,1
6509,93,1
6509,147,1
6509,148,0
6509,149,0
6509,150,0
6509,194,0
6509,196,0
6509,197,0
6509,198,0
6509,200,0
6509,201,1
6509,202,0
6509,203,0
6511,1,1
6511,2,0
6511,3,1
6511,5,1
6511,6,1
6511,7,1
6511,49,1
6511,50,1
6511,52,1
6511,53,1
6511,54,1
6511,56,1
6511,57,1
6511,59,1
6511,60,1
6511,61,1
6511,63,0
6511,64,1
6511,65,1
6511,66,1
6511,67,1
6511,72,1
6511,73,1
6511,74,1
6511,82,1
6511,83,1
6511,84,1
6511,86,1
6511,87,1
6511,88,1
6511,90,1
6511,91,1
6511,92,0
6511,93,0
6511,147,1
6511,148,0
6511,149,0
6511,150,0
6511,194,0
6511,196,0
6511,197,0
6511,198,0
6511,200,0
6511,201,1
6511,202,0
6511,203,0
6515,1,1
6515,2,0
6515,3,1
6515,5,1
6515,6,1
6515,7,1
6515,9,0
6515,10,0
6515,11,0
6515,12,1
6515,49,1
6515,50,1
6515,52,1
6515,53,1
6515,54,1
6515,56,1
6515,57,1
6515,59,1
6515,60,1
6515,61,1
6515,63,1
6515,64,1
6515,65,1
6515,66,1
6515,67,1
6515,72,1
6515,73,1
6515,74,1
6515,82,1
6515,83,1
6515,84,1
6515,86,1
6515,87,1
6515,88,1
6515,90,1
6515,91,1
6515,92,1
6515,93,1
6515,147,1
6515,148,0
6515,149,0
6515,150,0
6515,194,0
6515,196,0
6515,197,0
6515,198,0
6515,200,0
6515,201,0
6515,202,1
6515,203,0
6516,1,1
6516,2,0
6516,3,1
6516,5,1
6516,6,1
6516,7,1
6516,9,0
6516,10,0
6516,11,0
6516,12,0
6516,29,0
6516,30,0
6516,31,0
6516,32,0
6516,33,0
6516,34,0
6516,35,0
6516,36,0
6516,37,0
6516,39,1
6516,49,0
6516,50,1
6516,52,1
6516,53,1
6516,54,1
6516,56,1
6516,57,1
6516,59,1
6516,60,1
6516,61,1
6516,63,1
6516,64,1
6516,65,1
6516,66,1
6516,67,1
6516,72,1
6516,73,1
6516,74,1
6516,82,1
6516,83,1
6516,84,1
6516,86,1
6516,87,1
6516,88,1
6516,90,0
6516,91,0
6516,92,0
6516,93,0
6516,147,0
6516,148,0
6516,149,0
6516,150,1
6516,152,1
6516,153,1
6516,154,0
6516,155,1
6516,157,1
6516,159,0
6516,160,1
6516,164,0
6516,170,1
6516,171,0
6516,172,0
6516,173,0
6516,174,0
6516,175,0
6516,176,0
6516,177,0
6516,178,0
6516,181,0
6516,182,0
6516,183,0
6516,184,0
6516,194,0
6516,196,1
6516,197,0
6516,198,0
6516,200,0
6516,201,1
6516,202,0
6516,203,0
6527,1,1
6527,2,0
6527,3,1
6527,5,1
6527,6,1
6527,7,1
6527,49,1
6527,50,1
6527,52,1
6527,53,1
6527,54,1
6527,56,1
6527,57,1
6527,59,1
6527,60,1
6527,61,1
6527,63,1
6527,64,1
6527,65,1
6527,66,1
6527,67,1
6527,72,1
6527,73,1
6527,74,1
6527,82,1
6527,83,1
6527,84,1
6527,86,1
6527,87,1
6527,88,1
6527,90,1
6527,91,1
6527,92,1
6527,93,1
6527,147,1
6527,148,0
6527,149,0
6527,150,0
6527,194,0
6527,196,0
6527,197,0
6527,198,0
6527,200,0
6527,201,0
6527,202,0
6527,203,0
6529,1,1
6529,2,0
6529,3,1
6529,5,1
6529,6,1
6529,7,1
6529,9,0
6529,10,1
6529,11,0
6529,12,0
6529,29,0
6529,30,0
6529,31,0
6529,32,0
6529,33,0
6529,34,0
6529,35,1
6529,39,0
6529,40,0
6529,41,0
6529,49,1
6529,50,1
6529,52,1
6529,53,1
6529,54,1
6529,56,1
6529,57,1
6529,59,1
6529,60,1
6529,61,1
6529,63,1
6529,64,1
6529,65,1
6529,66,1
6529,67,1
6529,72,1
6529,73,1
6529,74,1
6529,82,1
6529,83,1
6529,84,1
6529,86,1
6529,87,1
6529,88,1
6529,90,1
6529,91,1
6529,92,1
6529,93,1
6529,147,1
6529,148,0
6529,149,0
6529,150,0
6529,194,0
6529,196,0
6529,197,0
6529,198,0
6529,200,0
6529,201,1
6529,202,0
6529,203,0
6531,1,1
6531,2,0
6531,3,1
6531,5,1
6531,6,1
6531,7,1
6531,49,0
6531,50,1
6531,52,1
6531,53,1
6531,54,1
6531,72,1
6531,73,1
6531,74,1
6531,82,1
6531,83,1
6531,84,1
6531,86,1
6531,87,1
6531,88,1
6531,90,1
6531,91,1
6531,92,1
6531,93,0
6531,147,1
6531,148,0
6531,149,0
6531,150,0
6531,194,0
6531,196,0
6531,197,0
6531,198,0
6531,200,0
6531,201,0
6531,202,0
6531,203,0
6536,1,1
6536,2,0
6536,3,1
6536,5,1
6536,6,1
6536,7,1
6536,29,0
6536,30,0
6536,31,0
6536,32,0
6536,33,0
6536,34,0
6536,35,1
6536,39,0
6536,40,0
6536,41,0
6536,56,1
6536,57,1
6536,59,1
6536,60,1
6536,61,1
6536,63,1
6536,64,1
6536,65,1
6536,66,1
6536,67,1
6536,72,1
6536,73,1
6536,74,1
6536,82,1
6536,83,1
6536,84,1
6536,86,1
6536,87,1
6536,88,1
6536,90,1
6536,91,1
6536,92,1
6536,93,0
6536,147,1
6536,148,0
6536,149,0
6536,150,0
6536,194,0
6536,196,0
6536,197,0
6536,198,0
6536,200,0
6536,201,1
6536,202,0
6536,203,0
6537,1,1
6537,2,1
6537,3,0
6537,5,1
6537,6,1
6537,7,1
6537,29,1
6537,30,0
6537,31,1
6537,32,0
6537,33,0
6537,34,0
6537,35,0
6537,36,0
6537,37,0
6537,39,0
6537,40,0
6537,41,0
6537,49,1
6537,50,1
6537,52,1
6537,53,1
6537,54,1
6537,56,1
6537,57,1
6537,59,1
6537,60,1
6537,61,1
6537,63,1
6537,64,1
6537,65,1
6537,66,1
6537,67,1
6537,72,0
6537,73,0
6537,74,0
6537,82,1
6537,83,1
6537,84,1
6537,86,1
6537,87,1
6537,88,1
6537,90,1
6537,91,0
6537,92,0
6537,93,0
6537,147,1
6537,148,0
6537,149,0
6537,150,0
6537,194,0
6537,196,0
6537,197,0
6537,198,0
6537,200,0
6537,201,1
6537,202,1
6537,203,0
6539,1,1
6539,2,0
6539,3,1
6539,5,1
6539,6,1
6539,7,1
6539,49,0
6539,50,1
6539,52,1
6539,53,1
6539,54,1
6539,56,1
6539,57,1
6539,59,1
6539,60,1
6539,61,1
6539,63,1
6539,64,1
6539,65,1
6539,66,1
6539,67,1
6539,72,1
6539,73,1
6539,74,1
6539,82,1
6539,83,1
6539,84,1
6539,86,1
6539,87,1
6539,88,1
6539,90,1
6539,91,1
6539,92,1
6539,93,1
6539,147,1
6539,148,0
6539,149,0
6539,150,0
6539,194,0
6539,196,0
6539,197,0
6539,198,0
6539,200,0
6539,201,1
6539,202,0
6539,203,0
6542,1,1
6542,2,0
6542,3,1
6542,5,1
6542,6,1
6542,7,1
6542,49,1
6542,50,1
6542,52,1
6542,53,1
6542,54,1
6542,56,1
6542,57,1
6542,59,1
6542,60,1
6542,61,1
6542,63,1
6542,64,1
6542,65,1
6542,66,1
6542,67,1
6542,72,1
6542,73,1
6542,74,1
6542,82,1
6542,83,1
6542,84,1
6542,86,1
6542,87,1
6542,88,1
6542,90,1
6542,91,1
6542,92,1
6542,93,1
6542,147,1
6542,148,0
6542,149,0
6542,150,0
6542,194,0
6542,196,0
6542,197,0
6542,198,0
6542,200,0
6542,201,1
6542,202,0
6542,203,0
6544,1,1
6544,2,0
6544,3,1
6544,5,1
6544,6,1
6544,7,1
6544,49,1
6544,50,1
6544,52,1
6544,53,1
6544,54,1
6544,56,1
6544,57,1
6544,59,1
6544,60,1
6544,61,1
6544,63,1
6544,64,1
6544,65,1
6544,66,1
6544,67,1
6544,72,1
6544,73,1
6544,74,1
6544,82,1
6544,83,1
6544,84,1
6544,86,1
6544,87,1
6544,88,1
6544,90,1
6544,91,1
6544,92,1
6544,93,1
6544,147,1
6544,148,0
6544,149,0
6544,150,0
6544,194,0
6544,196,0
6544,197,0
6544,198,0
6544,200,0
6544,201,1
6544,202,0
6544,203,0
6550,1,1
6550,2,0
6550,3,1
6550,5,1
6550,6,1
6550,7,1
6550,72,1
6550,73,1
6550,74,1
6550,82,1
6550,83,1
6550,84,1
6550,86,1
6550,87,1
6550,88,1
6550,90,1
6550,91,1
6550,92,1
6550,93,1
6550,147,1
6550,148,0
6550,149,0
6550,150,0
6550,194,0
6550,196,0
6550,197,0
6550,198,0
6550,200,0
6550,201,1
6550,202,0
6550,203,0
6556,1,1
6556,2,0
6556,3,1
6556,5,1
6556,6,1
6556,7,1
6556,49,1
6556,50,1
6556,52,1
6556,53,1
6556,54,1
6556,56,1
6556,57,1
6556,59,1
6556,60,1
6556,61,1
6556,63,1
6556,64,1
6556,65,1
6556,66,1
6556,67,1
6556,72,1
6556,73,1
6556,74,1
6556,82,1
6556,83,1
6556,84,1
6556,86,1
6556,87,1
6556,88,1
6556,90,1
6556,91,1
6556,92,1
6556,93,1
6556,147,1
6556,148,0
6556,149,0
6556,150,0
6556,194,0
6556,196,0
6556,197,0
6556,198,0
6556,200,0
6556,201,1
6556,202,0
6556,203,0
6559,1,1
6559,2,0
6559,3,1
6559,5,1
6559,6,1
6559,7,1
6559,49,0
6559,50,1
6559,52,1
6559,53,1
6559,54,1
6559,56,1
6559,57,1
6559,59,1
6559,60,1
6559,61,1
6559,63,1
6559,64,1
6559,65,1
6559,66,1
6559,67,1
6559,72,1
6559,73,1
6559,74,1
6559,82,1
6559,83,1
6559,84,1
6559,86,1
6559,87,1
6559,88,1
6559,90,1
6559,91,1
6559,92,1
6559,93,1
6559,147,0
6559,148,1
6559,149,0
6559,150,0
6559,152,0
6559,153,0
6559,154,0
6559,155,0
6559,157,0
6559,159,0
6559,160,0
6559,164,0
6559,170,1
6559,171,1
6559,172,0
6559,173,0
6559,174,1
6559,175,0
6559,176,0
6559,177,0
6559,178,0
6559,181,0
6559,182,0
6559,183,0
6559,184,0
6559,194,0
6559,196,0
6559,197,0
6559,198,0
6559,200,0
6559,201,1
6559,202,0
6559,203,0
6561,1,1
6561,2,0
6561,3,1
6561,5,1
6561,6,1
6561,7,1
6561,9,1
6561,10,0
6561,11,0
6561,12,0
6561,29,1
6561,30,1
6561,31,0
6561,32,0
6561,33,0
6561,34,0
6561,35,0
6561,36,0
6561,37,0
6561,39,0
6561,40,0
6561,41,0
6561,49,1
6561,50,1
6561,52,1
6561,53,1
6561,54,1
6561,56,1
6561,57,1
6561,59,1
6561,60,1
6561,61,1
6561,63,1
6561,64,1
6561,65,1
6561,66,1
6561,67,1
6561,72,1
6561,73,1
6561,74,1
6561,82,1
6561,83,1
6561,84,1
6561,86,1
6561,87,1
6561,88,1
6561,90,1
6561,91,1
6561,92,1
6561,93,1
6561,147,1
6561,148,0
6561,149,0
6561,150,0
6561,194,0
6561,196,0
6561,197,0
6561,198,0
6561,200,0
6561,201,1
6561,202,0
6561,203,0
6562,1,1
6562,2,1
6562,3,0
6562,5,1
6562,6,1
6562,7,1
6562,9,1
6562,10,0
6562,11,0
6562,12,0
6562,56,1
6562,57,1
6562,59,1
6562,60,1
6562,61,1
6562,63,1
6562,64,1
6562,65,1
6562,66,1
6562,67,1
6562,72,1
6562,73,1
6562,74,1
6562,82,1
6562,83,1
6562,84,1
6562,86,1
6562,87,1
6562,88,1
6562,90,1
6562,91,1
6562,92,1
6562,93,1
6562,147,1
6562,148,0
6562,149,0
6562,150,0
6562,194,0
6562,196,0
6562,197,0
6562,198,0
6562,200,0
6562,201,1
6562,202,0
6562,203,0
6564,1,1
6564,2,0
6564,3,1
6564,5,1
6564,6,1
6564,7,1
6564,9,0
6564,10,1
6564,11,0
6564,12,0
6564,29,0
6564,30,0
6564,31,0
6564,32,0
6564,33,0
6564,34,0
6564,35,0
6564,36,0
6564,37,0
6564,39,1
6564,72,1
6564,73,1
6564,74,1
6564,82,1
6564,83,1
6564,84,1
6564,90,1
6564,91,1
6564,92,1
6564,93,1
6564,147,1
6564,148,0
6564,149,0
6564,150,0
6564,194,0
6564,196,0
6564,197,0
6564,198,0
6564,200,0
6564,201,0
6564,202,0
6564,203,0
6567,1,1
6567,2,0
6567,3,1
6567,5,1
6567,6,1
6567,7,1
6567,29,0
6567,30,0
6567,31,0
6567,32,0
6567,33,0
6567,34,0
6567,35,0
6567,36,0
6567,37,0
6567,39,1
6567,49,1
6567,50,1
6567,52,1
6567,53,1
6567,54,1
6567,56,1
6567,57,1
6567,59,1
6567,60,1
6567,61,1
6567,63,1
6567,64,1
6567,65,1
6567,66,1
6567,67,1
6567,72,1
6567,73,1
6567,74,1
6567,82,1
6567,83,1
6567,84,1
6567,86,1
6567,87,1
6567,88,1
6567,90,1
6567,91,1
6567,92,1
6567,93,1
6567,147,0
6567,148,0
6567,149,1
6567,150,0
6567,152,1
6567,153,1
6567,154,0
6567,155,1
6567,157,0
6567,159,0
6567,160,0
6567,164,0
6567,170,1
6567,171,1
6567,172,1
6567,173,0
6567,174,0
6567,175,0
6567,176,0
6567,177,0
6567,178,0
6567,181,0
6567,182,0
6567,183,0
6567,184,0
6567,194,1
6567,196,0
6567,197,0
6567,198,0
6567,200,0
6567,201,1
6567,202,0
6567,203,0
6570,1,1
6570,2,0
6570,3,1
6570,5,1
6570,6,1
6570,7,1
6570,49,1
6570,50,1
6570,52,1
6570,53,1
6570,54,1
6570,56,1
6570,57,1
6570,59,1
6570,60,1
6570,61,1
6570,63,0
6570,64,1
6570,65,1
6570,66,1
6570,67,1
6570,72,1
6570,73,1
6570,74,1
6570,82,1
6570,83,1
6570,84,1
6570,86,1
6570,87,1
6570,88,1
6570,90,1
6570,91,1
6570,92,1
6570,93,0
6570,147,1
6570,148,0
6570,149,0
6570,150,0
6570,194,0
6570,196,0
6570,197,0
6570,198,0
6570,200,0
6570,201,1
6570,202,0
6570,203,0
6574,1,1
6574,2,1
6574,3,0
6574,5,1
6574,6,1
6574,7,1
6574,9,0
6574,10,1
6574,11,0
6574,12,0
6574,29,1
6574,30,0
6574,31,1
6574,32,0
6574,33,0
6574,34,0
6574,35,0
6574,36,0
6574,37,0
6574,39,0
6574,40,0
6574,41,0
6574,49,1
6574,50,1
6574,52,1
6574,53,1
6574,54,1
6574,56,1
6574,57,1
6574,59,1
6574,60,1
6574,61,1
6574,63,1
6574,64,1
6574,65,1
6574,66,1
6574,67,1
6574,72,1
6574,73,1
6574,74,1
6574,82,1
6574,83,1
6574,84,1
6574,86,1
6574,87,1
6574,88,1
6574,90,1
6574,91,1
6574,92,1
6574,93,1
6574,147,1
6574,148,0
6574,149,0
6574,150,0
6574,194,0
6574,196,0
6574,197,0
6574,198,1
6574,200,0
6574,201,1
6574,202,0
6574,203,1
6583,1,1
6583,2,1
6583,3,0
6583,5,1
6583,6,1
6583,7,1
6583,49,1
6583,50,1
6583,52,1
6583,53,1
6583,54,1
6583,56,1
6583,57,1
6583,59,1
6583,60,1
6583,61,1
6583,63,1
6583,64,1
6583,65,1
6583,66,1
6583,67,1
6583,72,1
6583,73,1
6583,74,1
6583,82,1
6583,83,1
6583,84,1
6583,86,1
6583,87,1
6583,88,1
6583,90,1
6583,91,1
6583,92,1
6583,93,0
6583,147,1
6583,148,0
6583,149,0
6583,150,0
6583,194,0
6583,196,0
6583,197,0
6583,198,0
6583,200,0
6583,201,1
6583,202,0
6583,203,0
6586,1,1
6586,2,0
6586,3,1
6586,5,1
6586,6,1
6586,7,1
6586,49,1
6586,50,1
6586,52,1
6586,53,1
6586,54,1
6586,56,1
6586,57,1
6586,59,1
6586,60,1
6586,61,1
6586,63,1
6586,64,1
6586,65,1
6586,66,1
6586,67,1
6586,72,1
6586,73,1
6586,74,1
6586,82,1
6586,83,1
6586,84,1
6586,86,1
6586,87,1
6586,88,1
6586,90,1
6586,91,1
6586,92,1
6586,93,0
6586,147,1
6586,148,0
6586,149,0
6586,150,0
6586,194,0
6586,196,0
6586,197,0
6586,198,0
6586,200,0
6586,201,1
6586,202,0
6586,203,0
6594,1,1
6594,2,0
6594,3,1
6594,5,1
6594,6,1
6594,7,1
6594,49,1
6594,50,1
6594,52,1
6594,53,1
6594,54,1
6594,56,1
6594,57,1
6594,59,1
6594,60,1
6594,61,1
6594,63,1
6594,64,1
6594,65,1
6594,66,1
6594,67,1
6594,72,1
6594,73,1
6594,74,1
6594,82,1
6594,83,1
6594,84,1
6594,86,1
6594,87,1
6594,88,1
6594,90,1
6594,91,1
6594,92,1
6594,93,1
6594,147,1
6594,148,0
6594,149,0
6594,150,0
6594,194,0
6594,196,0
6594,197,0
6594,198,0
6594,200,0
6594,201,0
6594,202,0
6594,203,0
6595,1,1
6595,2,1
6595,3,0
6595,5,1
6595,6,1
6595,7,1
6595,49,1
6595,50,1
6595,52,1
6595,53,1
6595,54,1
6595,56,1
6595,57,1
6595,59,1
6595,60,1
6595,61,1
6595,63,0
6595,64,0
6595,65,0
6595,66,0
6595,67,1
6595,72,1
6595,73,1
6595,74,1
6595,82,1
6595,83,1
6595,84,1
6595,86,1
6595,87,1
6595,88,1
6595,90,1
6595,91,1
6595,92,1
6595,93,1
6595,147,1
6595,148,0
6595,149,0
6595,150,0
6595,194,0
6595,196,0
6595,197,0
6595,198,0
6595,200,0
6595,201,0
6595,202,0
6595,203,0
6600,1,1
6600,2,1
6600,3,0
6600,5,1
6600,6,1
6600,7,1
6600,29,1
6600,30,0
6600,31,1
6600,32,0
6600,33,0
6600,34,0
6600,35,0
6600,36,0
6600,37,0
6600,39,0
6600,40,0
6600,41,0
6600,56,1
6600,57,1
6600,59,1
6600,60,1
6600,61,1
6600,63,1
6600,64,1
6600,65,1
6600,66,1
6600,67,1
6600,72,1
6600,73,1
6600,74,1
6600,82,1
6600,83,1
6600,84,1
6600,86,1
6600,87,1
6600,88,1
6600,90,1
6600,91,1
6600,92,1
6600,93,1
6600,147,1
6600,148,0
6600,149,0
6600,150,0
6600,194,0
6600,196,0
6600,197,0
6600,198,0
6600,200,0
6600,201,1
6600,202,0
6600,203,1
6605,1,1
6605,2,0
6605,3,1
6605,5,1
6605,6,1
6605,7,1
6605,56,1
6605,57,1
6605,59,1
6605,60,1
6605,61,1
6605,63,1
6605,64,1
6605,65,1
6605,66,1
6605,67,1
6605,72,1
6605,73,1
6605,74,1
6605,82,1
6605,83,1
6605,84,1
6605,86,1
6605,87,1
6605,88,1
6605,90,1
6605,91,1
6605,92,1
6605,93,1
6605,147,1
6605,148,0
6605,149,0
6605,150,0
6605,194,0
6605,196,0
6605,197,0
6605,198,0
6605,200,0
6605,201,1
6605,202,0
6605,203,0
6610,1,1
6610,2,0
6610,3,1
6610,5,1
6610,6,1
6610,7,1
6610,29,0
6610,30,0
6610,31,0
6610,32,0
6610,33,0
6610,34,0
6610,35,1
6610,39,0
6610,40,0
6610,41,0
6610,56,1
6610,57,1
6610,59,1
6610,60,1
6610,61,1
6610,63,1
6610,64,1
6610,65,1
6610,66,1
6610,67,1
6610,72,1
6610,73,1
6610,74,1
6610,82,1
6610,83,1
6610,84,1
6610,86,1
6610,87,1
6610,88,1
6610,90,1
6610,91,1
6610,92,1
6610,93,1
6610,147,1
6610,148,0
6610,149,0
6610,150,0
6610,194,0
6610,196,0
6610,197,0
6610,198,0
6610,200,0
6610,201,0
6610,202,0
6610,203,0
6699,1,1
6699,2,0
6699,3,1
6699,5,1
6699,6,1
6699,7,1
6699,9,1
6699,10,0
6699,11,0
6699,12,0
6699,49,1
6699,50,1
6699,52,1
6699,53,1
6699,54,1
6699,56,1
6699,57,1
6699,59,1
6699,60,1
6699,61,1
6699,63,1
6699,64,1
6699,65,1
6699,66,1
6699,67,1
6699,72,1
6699,73,1
6699,74,1
6699,82,1
6699,83,1
6699,84,1
6699,86,1
6699,87,1
6699,88,1
6699,90,1
6699,91,1
6699,92,1
6699,93,1
6699,147,1
6699,148,0
6699,149,0
6699,150,0
6699,194,0
6699,196,1
6699,197,0
6699,198,0
6699,200,0
6699,201,1
6699,202,0
6699,203,0
6765,1,1
6765,2,0
6765,3,1
6765,5,1
6765,6,1
6765,7,1
6765,49,1
6765,50,1
6765,52,1
6765,53,1
6765,54,1
6765,56,1
6765,57,1
6765,59,1
6765,60,1
6765,61,1
6765,63,1
6765,64,1
6765,65,1
6765,66,1
6765,67,1
6765,72,0
6765,73,0
6765,74,1
6765,82,1
6765,83,1
6765,84,1
6765,86,1
6765,87,1
6765,88,1
6765,90,1
6765,91,1
6765,92,1
6765,93,1
6765,147,1
6765,148,0
6765,149,0
6765,150,0
6765,194,0
6765,196,0
6765,197,0
6765,198,0
6765,200,0
6765,201,1
6765,202,1
6765,203,0
6778,1,1
6778,2,0
6778,3,1
6778,5,1
6778,6,1
6778,7,1
6778,9,0
6778,10,0
6778,11,0
6778,12,1
6778,29,0
6778,30,0
6778,31,0
6778,32,0
6778,33,0
6778,34,0
6778,35,0
6778,36,0
6778,37,0
6778,39,1
6778,49,1
6778,50,1
6778,52,1
6778,53,1
6778,54,1
6778,56,1
6778,57,1
6778,59,1
6778,60,1
6778,61,1
6778,63,1
6778,64,1
6778,65,1
6778,66,1
6778,67,1
6778,72,1
6778,73,1
6778,74,1
6778,82,1
6778,83,1
6778,84,1
6778,86,1
6778,87,1
6778,88,1
6778,90,1
6778,91,1
6778,92,1
6778,93,0
6778,147,1
6778,148,0
6778,149,0
6778,150,0
6778,194,0
6778,196,0
6778,197,0
6778,198,0
6778,200,0
6778,201,1
6778,202,0
6778,203,0
6782,1,1
6782,2,1
6782,3,0
6782,5,1
6782,6,1
6782,7,1
6782,49,1
6782,50,1
6782,52,1
6782,53,1
6782,54,1
6782,56,1
6782,57,1
6782,59,1
6782,60,1
6782,61,1
6782,63,1
6782,64,1
6782,65,1
6782,66,1
6782,67,1
6782,72,1
6782,73,1
6782,74,1
6782,82,1
6782,83,1
6782,84,1
6782,86,1
6782,87,1
6782,88,1
6782,90,1
6782,91,1
6782,92,1
6782,93,1
6782,147,1
6782,148,0
6782,149,0
6782,150,0
6782,194,0
6782,196,0
6782,197,0
6782,198,0
6782,200,0
6782,201,0
6782,202,0
6782,203,0
6805,1,1
6805,2,0
6805,3,1
6805,5,1
6805,6,1
6805,7,1
6805,49,0
6805,50,1
6805,52,1
6805,53,1
6805,54,1
6805,56,0
6805,57,1
6805,59,1
6805,60,1
6805,61,1
6805,63,1
6805,64,1
6805,65,1
6805,66,1
6805,67,1
6805,72,1
6805,73,1
6805,74,1
6805,82,1
6805,83,1
6805,84,1
6805,86,1
6805,87,1
6805,88,1
6805,90,1
6805,91,0
6805,92,0
6805,93,0
6805,147,1
6805,148,0
6805,149,0
6805,150,0
6805,194,0
6805,196,0
6805,197,0
6805,198,0
6805,200,0
6805,201,1
6805,202,0
6805,203,0
6806,1,1
6806,5,1
6806,6,1
6806,7,1
6806,29,1
6806,30,1
6806,31,0
6806,32,0
6806,33,0
6806,34,0
6806,35,0
6806,36,0
6806,37,0
6806,39,0
6806,40,0
6806,41,0
6806,49,1
6806,50,1
6806,52,1
6806,53,1
6806,54,1
6806,56,1
6806,57,1
6806,59,1
6806,60,1
6806,61,1
6806,63,1
6806,64,1
6806,65,1
6806,66,1
6806,67,1
6806,72,0
6806,73,1
6806,74,1
6806,82,1
6806,83,1
6806,84,1
6806,86,1
6806,87,1
6806,88,1
6806,90,1
6806,91,1
6806,92,1
6806,93,1
6806,147,1
6806,148,0
6806,149,0
6806,150,0
6806,194,0
6806,196,0
6806,197,0
6806,198,0
6806,200,0
6806,201,0
6806,202,0
6806,203,0
6813,1,1
6813,2,0
6813,3,1
6813,5,1
6813,6,1
6813,7,1
6813,9,0
6813,10,1
6813,11,0
6813,12,0
6813,29,1
6813,30,1
6813,31,0
6813,32,0
6813,33,0
6813,34,0
6813,35,0
6813,36,0
6813,37,0
6813,39,0
6813,40,0
6813,41,0
6813,49,1
6813,50,1
6813,52,1
6813,53,1
6813,54,1
6813,56,1
6813,57,1
6813,59,1
6813,60,1
6813,61,1
6813,63,1
6813,64,1
6813,65,1
6813,66,1
6813,67,1
6813,72,1
6813,73,1
6813,74,1
6813,82,1
6813,83,1
6813,84,1
6813,86,1
6813,87,1
6813,88,1
6813,90,1
6813,91,1
6813,92,1
6813,93,1
6813,147,1
6813,148,0
6813,149,0
6813,150,0
6813,194,0
6813,196,0
6813,197,0
6813,198,0
6813,200,0
6813,201,0
6813,202,0
6813,203,0
6814,1,1
6814,2,0
6814,3,1
6814,5,1
6814,6,1
6814,7,1
6814,29,1
6814,32,0
6814,33,0
6814,34,0
6814,35,0
6814,36,0
6814,37,0
6814,39,0
6814,40,0
6814,41,0
6814,49,1
6814,50,1
6814,52,1
6814,53,1
6814,54,1
6814,56,1
6814,57,1
6814,59,1
6814,60,1
6814,61,1
6814,63,1
6814,64,1
6814,65,1
6814,66,1
6814,67,1
6814,72,1
6814,73,1
6814,74,1
6814,82,1
6814,83,1
6814,84,1
6814,86,1
6814,87,1
6814,88,1
6814,90,1
6814,91,1
6814,92,1
6814,93,1
6814,147,1
6814,148,0
6814,149,0
6814,150,0
6814,194,0
6814,196,0
6814,197,0
6814,198,0
6814,200,0
6814,201,1
6814,202,0
6814,203,0
6816,1,1
6816,2,0
6816,3,0
6816,5,1
6816,6,1
6816,7,1
6816,56,1
6816,57,1
6816,59,1
6816,60,1
6816,61,1
6816,63,1
6816,64,1
6816,65,1
6816,66,1
6816,67,1
6816,72,1
6816,73,1
6816,74,1
6816,82,1
6816,83,1
6816,84,1
6816,86,1
6816,87,1
6816,88,1
6816,90,1
6816,91,1
6816,92,1
6816,93,1
6816,147,1
6816,148,0
6816,149,0
6816,150,0
6816,194,0
6816,196,0
6816,197,0
6816,198,0
6816,200,0
6816,201,1
6816,202,0
6816,203,0
6820,1,1
6820,2,1
6820,3,0
6820,5,1
6820,6,1
6820,7,1
6820,72,0
6820,73,1
6820,74,1
6820,82,1
6820,83,1
6820,84,1
6820,86,1
6820,87,1
6820,88,1
6820,90,1
6820,91,1
6820,92,1
6820,93,0
6820,147,1
6820,148,0
6820,149,0
6820,150,0
6820,194,0
6820,196,0
6820,197,0
6820,198,0
6820,200,0
6820,201,0
6820,202,0
6820,203,0
6823,1,1
6823,2,0
6823,3,1
6823,5,1
6823,6,1
6823,7,1
6823,9,1
6823,10,0
6823,11,0
6823,12,0
6823,29,0
6823,30,0
6823,31,0
6823,32,1
6823,33,1
6823,34,0
6823,35,0
6823,36,0
6823,37,0
6823,39,0
6823,40,0
6823,41,0
6823,49,0
6823,50,0
6823,52,1
6823,53,1
6823,54,1
6823,56,0
6823,57,0
6823,59,0
6823,60,0
6823,61,0
6823,63,1
6823,64,1
6823,65,1
6823,66,1
6823,67,1
6823,72,1
6823,73,1
6823,74,1
6823,82,1
6823,83,1
6823,84,1
6823,86,1
6823,87,1
6823,88,1
6823,90,1
6823,91,1
6823,92,1
6823,93,1
6823,147,0
6823,148,0
6823,149,1
6823,150,0
6823,152,1
6823,153,1
6823,154,1
6823,155,1
6823,157,0
6823,159,0
6823,160,0
6823,164,0
6823,170,0
6823,171,0
6823,172,0
6823,173,0
6823,174,0
6823,175,0
6823,176,0
6823,177,0
6823,178,0
6823,181,0
6823,182,0
6823,183,0
6823,184,0
6823,194,1
6823,196,1
6823,197,0
6823,198,0
6823,200,0
6823,201,1
6823,202,0
6823,203,0
6825,1,1
6825,2,1
6825,3,0
6825,5,1
6825,6,1
6825,7,1
6825,49,1
6825,50,1
6825,52,1
6825,53,1
6825,54,1
6825,56,1
6825,57,1
6825,59,1
6825,60,1
6825,61,1
6825,63,1
6825,64,1
6825,65,1
6825,66,1
6825,67,1
6825,72,0
6825,73,1
6825,74,1
6825,82,1
6825,83,1
6825,84,1
6825,86,1
6825,87,1
6825,88,1
6825,90,1
6825,91,0
6825,92,0
6825,93,0
6825,147,1
6825,148,0
6825,149,0
6825,150,0
6825,194,0
6825,196,0
6825,197,0
6825,198,0
6825,200,0
6825,201,1
6825,202,0
6825,203,0
6834,1,1
6834,2,1
6834,3,0
6834,5,1
6834,6,1
6834,7,1
6834,49,1
6834,50,1
6834,52,1
6834,53,1
6834,54,1
6834,56,1
6834,57,1
6834,59,1
6834,60,1
6834,61,1
6834,63,1
6834,64,1
6834,65,1
6834,66,1
6834,67,1
6834,72,1
6834,73,1
6834,74,1
6834,82,1
6834,83,1
6834,84,1
6834,86,1
6834,87,1
6834,88,1
6834,90,1
6834,91,0
6834,92,0
6834,93,0
6834,147,1
6834,148,0
6834,149,0
6834,150,0
6834,194,0
6834,196,0
6834,197,0
6834,198,0
6834,200,0
6834,201,1
6834,202,0
6834,203,0
6837,1,1
6837,2,0
6837,3,1
6837,5,1
6837,6,1
6837,7,1
6837,49,1
6837,50,1
6837,52,1
6837,53,1
6837,54,1
6837,56,1
6837,57,1
6837,59,1
6837,60,1
6837,61,1
6837,63,1
6837,64,1
6837,65,1
6837,66,1
6837,67,1
6837,72,1
6837,73,1
6837,74,1
6837,82,1
6837,83,1
6837,84,1
6837,86,1
6837,87,1
6837,88,1
6837,90,1
6837,91,1
6837,92,1
6837,93,1
6837,147,1
6837,148,0
6837,149,0
6837,150,0
6837,194,0
6837,196,0
6837,197,0
6837,198,0
6837,200,0
6837,201,0
6837,202,0
6837,203,0
6838,1,1
6838,2,0
6838,3,1
6838,5,1
6838,6,1
6838,7,1
6838,29,1
6838,32,0
6838,33,0
6838,34,0
6838,35,0
6838,36,0
6838,37,0
6838,39,0
6838,40,0
6838,41,0
6838,56,1
6838,57,1
6838,59,1
6838,60,1
6838,61,1
6838,63,1
6838,64,1
6838,65,1
6838,66,1
6838,67,1
6838,72,1
6838,73,1
6838,74,1
6838,82,1
6838,83,1
6838,84,1
6838,86,1
6838,87,1
6838,88,1
6838,90,1
6838,91,1
6838,92,1
6838,93,1
6838,147,1
6838,148,0
6838,149,0
6838,150,0
6838,194,0
6838,196,0
6838,197,0
6838,198,0
6838,200,0
6838,201,1
6838,202,0
6838,203,0
6843,1,1
6843,2,0
6843,3,1
6843,5,1
6843,6,1
6843,7,1
6843,49,1
6843,50,1
6843,52,1
6843,53,1
6843,54,1
6843,56,1
6843,57,1
6843,59,1
6843,60,1
6843,61,1
6843,63,1
6843,64,1
6843,65,1
6843,66,1
6843,67,1
6843,72,0
6843,73,1
6843,74,1
6843,82,1
6843,83,1
6843,84,1
6843,86,1
6843,87,1
6843,88,1
6843,90,1
6843,91,0
6843,92,0
6843,93,0
6843,147,1
6843,148,0
6843,149,0
6843,150,0
6843,194,0
6843,196,0
6843,197,0
6843,198,0
6843,200,0
6843,201,1
6843,202,0
6843,203,1
6846,1,1
6846,5,1
6846,6,1
6846,7,1
6846,9,0
6846,10,0
6846,11,1
6846,12,0
6846,29,0
6846,30,0
6846,31,0
6846,32,0
6846,33,0
6846,34,0
6846,35,0
6846,36,0
6846,37,0
6846,39,1
6846,49,1
6846,50,1
6846,52,1
6846,53,1
6846,54,1
6846,56,1
6846,57,1
6846,59,1
6846,60,1
6846,61,1
6846,63,1
6846,64,1
6846,65,1
6846,66,1
6846,67,1
6846,72,1
6846,73,1
6846,74,1
6846,82,1
6846,83,1
6846,84,1
6846,86,1
6846,87,1
6846,88,1
6846,90,1
6846,91,1
6846,92,0
6846,93,0
6846,147,0
6846,148,0
6846,149,1
6846,150,0
6846,152,1
6846,153,1
6846,154,1
6846,155,0
6846,157,1
6846,159,0
6846,160,0
6846,164,0
6846,170,0
6846,171,0
6846,172,0
6846,173,0
6846,174,0
6846,175,0
6846,176,0
6846,177,0
6846,178,0
6846,181,0
6846,182,0
6846,183,0
6846,184,0
6846,194,0
6846,196,0
6846,197,0
6846,198,0
6846,200,0
6846,201,1
6846,202,0
6846,203,0
6849,1,1
6849,2,1
6849,3,0
6849,5,1
6849,6,1
6849,7,1
6849,49,1
6849,50,1
6849,52,1
6849,53,1
6849,54,1
6849,56,1
6849,57,1
6849,59,1
6849,60,1
6849,61,1
6849,63,1
6849,64,1
6849,65,1
6849,66,1
6849,67,1
6849,72,1
6849,73,1
6849,74,1
6849,82,1
6849,83,1
6849,84,1
6849,86,1
6849,87,1
6849,88,1
6849,90,1
6849,91,1
6849,92,1
6849,93,1
6849,147,1
6849,148,0
6849,149,0
6849,150,0
6849,194,0
6849,196,0
6849,197,0
6849,198,0
6849,200,0
6849,201,1
6849,202,0
6849,203,0
6858,1,1
6858,2,0
6858,3,1
6858,5,1
6858,6,1
6858,7,1
6858,56,1
6858,57,1
6858,59,1
6858,60,1
6858,61,1
6858,63,1
6858,64,1
6858,65,1
6858,66,1
6858,67,1
6858,72,1
6858,73,1
6858,74,1
6858,82,1
6858,83,1
6858,84,1
6858,86,1
6858,87,1
6858,88,1
6858,90,1
6858,91,1
6858,92,1
6858,93,1
6858,147,1
6858,148,0
6858,149,0
6858,150,0
6858,194,0
6858,196,0
6858,197,0
6858,198,0
6858,200,0
6858,201,1
6858,202,0
6858,203,0
6859,1,1
6859,2,0
6859,3,1
6859,5,1
6859,6,1
6859,7,1
6859,49,0
6859,50,1
6859,52,1
6859,53,1
6859,54,1
6859,56,1
6859,57,1
6859,59,1
6859,60,1
6859,61,1
6859,63,1
6859,64,1
6859,65,1
6859,66,1
6859,67,1
6859,72,1
6859,73,1
6859,74,1
6859,82,1
6859,83,1
6859,84,1
6859,86,1
6859,87,1
6859,88,1
6859,90,1
6859,91,1
6859,92,1
6859,93,1
6859,147,1
6859,148,0
6859,149,0
6859,150,0
6859,194,0
6859,196,0
6859,197,0
6859,198,0
6859,200,0
6859,201,0
6859,202,0
6859,203,0
6860,1,1
6860,2,0
6860,3,1
6860,5,1
6860,6,1
6860,7,1
6860,9,0
6860,10,1
6860,11,0
6860,12,0
6860,29,0
6860,30,0
6860,31,0
6860,32,0
6860,33,0
6860,34,0
6860,35,0
6860,36,0
6860,37,0
6860,39,1
6860,49,1
6860,50,1
6860,52,1
6860,53,1
6860,54,1
6860,56,1
6860,57,1
6860,59,1
6860,60,1
6860,61,1
6860,63,1
6860,64,1
6860,65,1
6860,66,1
6860,67,1
6860,72,1
6860,73,1
6860,74,1
6860,82,1
6860,83,1
6860,84,1
6860,86,1
6860,87,1
6860,88,1
6860,90,1
6860,91,1
6860,92,1
6860,93,1
6860,147,1
6860,148,0
6860,149,0
6860,150,0
6860,194,1
6860,196,1
6860,197,0
6860,198,0
6860,200,0
6860,201,1
6860,202,0
6860,203,0
6862,1,1
6862,2,1
6862,3,0
6862,5,1
6862,6,1
6862,7,1
6862,49,1
6862,50,1
6862,52,1
6862,53,1
6862,54,1
6862,56,1
6862,57,1
6862,59,1
6862,60,1
6862,61,1
6862,63,1
6862,64,1
6862,65,1
6862,66,1
6862,67,1
6862,72,1
6862,73,1
6862,74,1
6862,82,1
6862,83,1
6862,84,1
6862,86,1
6862,87,1
6862,88,1
6862,90,1
6862,91,1
6862,92,1
6862,93,1
6862,147,1
6862,148,0
6862,149,0
6862,150,0
6862,194,0
6862,196,0
6862,197,0
6862,198,0
6862,200,0
6862,201,1
6862,202,0
6862,203,0
6868,1,1
6868,2,0
6868,3,1
6868,5,1
6868,6,1
6868,7,1
6868,29,0
6868,30,0
6868,31,0
6868,32,0
6868,33,0
6868,34,0
6868,35,0
6868,36,0
6868,37,0
6868,39,1
6868,49,1
6868,50,1
6868,52,1
6868,53,1
6868,54,1
6868,56,1
6868,57,1
6868,59,1
6868,60,1
6868,61,1
6868,63,1
6868,64,1
6868,65,1
6868,66,1
6868,67,1
6868,72,1
6868,73,1
6868,74,1
6868,82,1
6868,83,1
6868,84,1
6868,90,1
6868,91,1
6868,92,1
6868,93,1
6868,147,0
6868,148,0
6868,149,0
6868,150,0
6868,152,1
6868,153,1
6868,154,0
6868,155,1
6868,157,1
6868,159,0
6868,160,1
6868,164,0
6868,170,0
6868,171,0
6868,172,0
6868,173,0
6868,174,0
6868,175,0
6868,176,0
6868,177,0
6868,178,0
6868,181,0
6868,182,0
6868,183,0
6868,184,0
6868,194,0
6868,196,0
6868,197,0
6868,198,0
6868,200,0
6868,201,1
6868,202,0
6868,203,0
6869,1,1
6869,2,0
6869,3,1
6869,5,1
6869,6,1
6869,7,1
6869,56,1
6869,57,1
6869,59,1
6869,60,1
6869,61,1
6869,63,1
6869,64,1
6869,65,1
6869,66,1
6869,67,1
6869,72,1
6869,73,1
6869,74,1
6869,82,1
6869,83,1
6869,84,1
6869,86,1
6869,87,1
6869,88,1
6869,90,1
6869,91,1
6869,92,1
6869,93,1
6869,147,1
6869,148,0
6869,149,0
6869,150,0
6869,194,0
6869,196,0
6869,197,0
6869,198,0
6869,200,0
6869,201,1
6869,202,0
6869,203,0
6870,1,1
6870,2,1
6870,3,1
6870,5,1
6870,6,1
6870,7,1
6870,49,0
6870,50,1
6870,52,1
6870,53,1
6870,54,1
6870,56,1
6870,57,1
6870,59,1
6870,60,1
6870,61,1
6870,63,1
6870,64,1
6870,65,1
6870,66,1
6870,67,1
6870,72,1
6870,73,1
6870,74,1
6870,82,1
6870,83,1
6870,84,1
6870,86,1
6870,87,1
6870,88,1
6870,90,1
6870,91,1
6870,92,1
6870,93,0
6870,147,1
6870,148,0
6870,149,0
6870,150,0
6870,194,0
6870,196,1
6870,197,0
6870,198,0
6870,200,0
6870,201,0
6870,202,1
6870,203,0
6871,1,1
6871,2,0
6871,3,1
6871,5,1
6871,6,1
6871,7,1
6871,29,1
6871,30,1
6871,31,0
6871,32,0
6871,33,0
6871,34,0
6871,35,0
6871,36,0
6871,37,0
6871,39,0
6871,40,0
6871,41,0
6871,49,0
6871,50,1
6871,52,1
6871,53,1
6871,54,1
6871,56,1
6871,57,1
6871,59,1
6871,60,1
6871,61,1
6871,63,1
6871,64,1
6871,65,1
6871,66,1
6871,67,1
6871,72,1
6871,73,1
6871,74,1
6871,82,1
6871,83,1
6871,84,1
6871,86,1
6871,87,1
6871,88,1
6871,90,1
6871,91,1
6871,92,1
6871,93,1
6871,147,1
6871,148,0
6871,149,0
6871,150,0
6871,194,0
6871,196,0
6871,197,0
6871,198,0
6871,200,0
6871,201,1
6871,202,0
6871,203,0
6879,1,1
6879,2,0
6879,3,1
6879,5,1
6879,6,1
6879,7,1
6879,49,1
6879,50,1
6879,52,1
6879,53,1
6879,54,1
6879,56,1
6879,57,1
6879,59,1
6879,60,1
6879,61,1
6879,63,1
6879,64,1
6879,65,1
6879,66,1
6879,67,1
6879,72,1
6879,73,1
6879,74,1
6879,82,1
6879,83,1
6879,84,1
6879,86,1
6879,87,1
6879,88,1
6879,90,1
6879,91,1
6879,92,1
6879,93,1
6879,147,1
6879,148,0
6879,149,0
6879,150,0
6879,194,0
6879,196,0
6879,197,0
6879,198,0
6879,200,0
6879,201,1
6879,202,0
6879,203,0
6882,1,1
6882,2,0
6882,3,1
6882,5,1
6882,6,1
6882,7,1
6882,9,0
6882,10,0
6882,11,0
6882,12,1
6882,29,0
6882,30,0
6882,31,0
6882,32,0
6882,33,0
6882,34,0
6882,35,0
6882,36,0
6882,37,0
6882,39,1
6882,49,1
6882,50,1
6882,52,1
6882,53,1
6882,54,1
6882,56,1
6882,57,1
6882,59,1
6882,60,1
6882,61,1
6882,63,1
6882,64,1
6882,65,1
6882,66,1
6882,67,1
6882,72,1
6882,73,1
6882,74,1
6882,82,1
6882,83,1
6882,84,1
6882,86,1
6882,87,1
6882,88,1
6882,90,1
6882,91,1
6882,92,1
6882,93,1
6882,147,0
6882,148,1
6882,149,0
6882,150,0
6882,152,1
6882,153,1
6882,154,0
6882,155,1
6882,157,0
6882,159,0
6882,160,0
6882,164,0
6882,170,0
6882,171,0
6882,172,0
6882,173,0
6882,174,0
6882,175,0
6882,176,0
6882,177,0
6882,178,0
6882,181,0
6882,182,0
6882,183,0
6882,184,0
6882,194,0
6882,196,0
6882,197,0
6882,198,0
6882,200,0
6882,201,0
6882,202,0
6882,203,0
6883,1,1
6883,2,0
6883,3,1
6883,5,1
6883,6,1
6883,7,1
6883,9,1
6883,10,0
6883,11,0
6883,12,0
6883,29,1
6883,30,0
6883,31,1
6883,32,0
6883,33,0
6883,34,0
6883,35,0
6883,36,0
6883,37,0
6883,39,0
6883,40,0
6883,41,0
6883,49,1
6883,50,1
6883,52,1
6883,53,1
6883,54,1
6883,56,1
6883,57,1
6883,59,1
6883,60,1
6883,61,1
6883,63,1
6883,64,1
6883,65,1
6883,66,1
6883,67,1
6883,72,1
6883,73,1
6883,74,1
6883,82,1
6883,83,1
6883,84,1
6883,86,1
6883,87,1
6883,88,1
6883,90,1
6883,91,1
6883,92,1
6883,93,1
6883,147,1
6883,148,0
6883,149,0
6883,150,0
6883,194,0
6883,196,0
6883,197,0
6883,198,0
6883,200,0
6883,201,0
6883,202,0
6883,203,0
6885,1,1
6885,2,0
6885,3,1
6885,5,1
6885,6,1
6885,7,1
6885,29,1
6885,30,1
6885,31,0
6885,32,0
6885,33,0
6885,34,0
6885,35,0
6885,36,0
6885,37,0
6885,39,0
6885,40,0
6885,41,0
6885,49,1
6885,50,1
6885,52,1
6885,53,1
6885,54,1
6885,56,1
6885,57,1
6885,59,1
6885,60,1
6885,61,1
6885,63,1
6885,64,1
6885,65,1
6885,66,1
6885,67,1
6885,72,1
6885,73,1
6885,74,1
6885,82,1
6885,83,1
6885,84,1
6885,86,1
6885,87,1
6885,88,1
6885,90,1
6885,91,1
6885,92,1
6885,93,1
6885,147,1
6885,148,0
6885,149,0
6885,150,0
6885,194,0
6885,196,0
6885,197,0
6885,198,0
6885,200,0
6885,201,0
6885,202,0
6885,203,0
6886,1,1
6886,2,0
6886,3,1
6886,5,1
6886,6,1
6886,7,1
6886,29,1
6886,32,0
6886,33,0
6886,34,0
6886,35,0
6886,36,0
6886,37,0
6886,39,0
6886,40,0
6886,41,0
6886,72,1
6886,73,1
6886,74,1
6886,82,1
6886,83,1
6886,84,1
6886,86,1
6886,87,1
6886,88,1
6886,90,1
6886,91,1
6886,92,1
6886,93,1
6886,147,1
6886,148,0
6886,149,0
6886,150,0
6886,194,0
6886,196,0
6886,197,0
6886,198,0
6886,200,0
6886,201,1
6886,202,0
6886,203,0
6952,1,1
6952,2,0
6952,3,1
6952,5,1
6952,6,1
6952,7,1
6952,9,0
6952,10,0
6952,11,1
6952,12,0
6952,29,1
6952,30,0
6952,31,1
6952,32,0
6952,33,0
6952,34,0
6952,35,0
6952,36,0
6952,37,0
6952,39,0
6952,40,0
6952,41,0
6952,147,1
6952,148,0
6952,149,0
6952,150,0
6952,194,0
6952,196,0
6952,197,0
6952,198,0
6952,200,0
6952,201,1
6952,202,0
6952,203,0
6989,1,1
6989,2,0
6989,3,1
6989,5,1
6989,6,1
6989,7,1
6989,9,0
6989,10,0
6989,11,0
6989,12,1
6989,29,0
6989,30,0
6989,31,0
6989,32,0
6989,33,0
6989,34,0
6989,35,0
6989,36,0
6989,37,0
6989,39,1
6989,49,1
6989,50,1
6989,52,1
6989,53,1
6989,54,1
6989,56,1
6989,57,1
6989,59,1
6989,60,1
6989,61,1
6989,63,1
6989,64,1
6989,65,1
6989,66,1
6989,67,1
6989,72,1
6989,73,1
6989,74,1
6989,82,1
6989,83,1
6989,84,1
6989,86,1
6989,87,1
6989,88,1
6989,90,1
6989,91,1
6989,92,1
6989,93,1
6989,147,1
6989,148,0
6989,149,0
6989,150,0
6989,194,0
6989,196,0
6989,197,0
6989,198,0
6989,200,0
6989,201,1
6989,202,0
6989,203,0
7130,1,1
7130,2,0
7130,3,1
7130,5,1
7130,6,1
7130,7,1
7130,49,1
7130,50,1
7130,52,1
7130,53,1
7130,54,1
7130,56,1
7130,57,1
7130,59,1
7130,60,1
7130,61,1
7130,63,1
7130,64,1
7130,65,1
7130,66,1
7130,67,1
7130,72,1
7130,73,1
7130,74,1
7130,82,1
7130,83,1
7130,84,1
7130,86,1
7130,87,1
7130,88,1
7130,90,1
7130,91,1
7130,92,1
7130,93,0
7130,147,1
7130,148,0
7130,149,0
7130,150,0
7130,194,0
7130,196,0
7130,197,0
7130,198,0
7130,200,0
7130,201,1
7130,202,0
7130,203,0
7131,1,1
7131,2,0
7131,3,1
7131,5,1
7131,6,1
7131,7,1
7131,49,1
7131,50,1
7131,52,1
7131,53,1
7131,54,1
7131,56,1
7131,57,1
7131,59,1
7131,60,1
7131,61,1
7131,63,1
7131,64,1
7131,65,1
7131,66,1
7131,67,1
7131,72,1
7131,73,1
7131,74,1
7131,82,1
7131,83,1
7131,84,1
7131,86,1
7131,87,1
7131,88,1
7131,90,1
7131,91,1
7131,92,0
7131,93,0
7131,147,1
7131,148,0
7131,149,0
7131,150,0
7131,194,0
7131,196,0
7131,197,0
7131,198,0
7131,200,0
7131,201,0
7131,202,0
7131,203,0
7132,1,1
7132,2,0
7132,3,1
7132,5,1
7132,6,1
7132,7,1
7132,49,1
7132,50,1
7132,52,1
7132,53,1
7132,54,1
7132,56,1
7132,57,1
7132,59,1
7132,60,1
7132,61,1
7132,63,1
7132,64,1
7132,65,1
7132,66,1
7132,67,1
7132,72,0
7132,73,1
7132,74,1
7132,82,1
7132,83,1
7132,84,1
7132,86,1
7132,87,1
7132,88,1
7132,90,1
7132,91,1
7132,92,1
7132,93,1
7132,147,1
7132,148,0
7132,149,0
7132,150,0
7132,194,0
7132,196,1
7132,197,0
7132,198,0
7132,200,0
7132,201,1
7132,202,0
7132,203,0
7133,1,1
7133,2,1
7133,3,0
7133,5,1
7133,6,1
7133,7,1
7133,29,1
7133,30,1
7133,31,0
7133,32,0
7133,33,0
7133,34,0
7133,35,0
7133,36,0
7133,37,0
7133,39,0
7133,40,0
7133,41,0
7133,49,1
7133,50,1
7133,52,1
7133,53,1
7133,54,1
7133,56,1
7133,57,1
7133,59,1
7133,60,1
7133,61,1
7133,63,1
7133,64,1
7133,65,1
7133,66,1
7133,67,1
7133,72,0
7133,73,1
7133,74,1
7133,82,1
7133,83,1
7133,84,1
7133,86,1
7133,87,1
7133,88,1
7133,90,1
7133,91,1
7133,92,1
7133,93,1
7133,147,1
7133,148,0
7133,149,0
7133,150,0
7133,194,0
7133,196,0
7133,197,0
7133,198,0
7133,200,0
7133,201,1
7133,202,0
7133,203,0
7135,1,1
7135,2,0
7135,3,1
7135,5,1
7135,6,1
7135,7,1
7135,29,0
7135,30,0
7135,31,0
7135,32,0
7135,33,0
7135,34,0
7135,35,1
7135,39,0
7135,40,0
7135,41,0
7135,49,1
7135,50,1
7135,52,1
7135,53,1
7135,54,1
7135,56,1
7135,57,1
7135,59,1
7135,60,1
7135,61,1
7135,63,1
7135,64,1
7135,65,1
7135,66,1
7135,67,1
7135,72,1
7135,73,1
7135,74,1
7135,82,1
7135,83,1
7135,84,1
7135,86,1
7135,87,1
7135,88,1
7135,90,1
7135,91,1
7135,92,0
7135,93,0
7135,147,1
7135,148,0
7135,149,0
7135,150,0
7135,194,0
7135,196,0
7135,197,0
7135,198,0
7135,200,0
7135,201,1
7135,202,0
7135,203,0
7137,1,1
7137,2,1
7137,3,0
7137,5,1
7137,6,1
7137,7,1
7137,49,1
7137,50,1
7137,52,1
7137,53,1
7137,54,1
7137,56,1
7137,57,1
7137,59,1
7137,60,1
7137,61,1
7137,63,1
7137,64,1
7137,65,1
7137,66,1
7137,67,1
7137,72,1
7137,73,1
7137,74,1
7137,82,1
7137,83,1
7137,84,1
7137,86,1
7137,87,1
7137,88,1
7137,90,1
7137,91,1
7137,92,1
7137,93,1
7137,147,1
7137,148,0
7137,149,0
7137,150,0
7137,194,0
7137,196,0
7137,197,0
7137,198,0
7137,200,0
7137,201,1
7137,202,0
7137,203,0
7144,1,1
7144,2,0
7144,3,1
7144,5,1
7144,6,1
7144,7,1
7144,9,1
7144,10,0
7144,11,0
7144,12,0
7144,29,0
7144,30,0
7144,31,0
7144,32,1
7144,33,0
7144,34,1
7144,35,0
7144,36,0
7144,37,0
7144,39,0
7144,40,0
7144,41,0
7144,49,1
7144,50,1
7144,52,1
7144,53,1
7144,54,1
7144,56,1
7144,57,1
7144,59,1
7144,60,1
7144,61,1
7144,63,1
7144,64,1
7144,65,1
7144,66,1
7144,67,1
7144,72,1
7144,73,1
7144,74,1
7144,82,1
7144,83,1
7144,84,1
7144,86,1
7144,87,1
7144,88,1
7144,90,1
7144,91,1
7144,92,1
7144,93,1
7144,147,0
7144,148,0
7144,149,1
7144,150,0
7144,152,1
7144,153,1
7144,154,1
7144,155,1
7144,157,0
7144,159,0
7144,160,0
7144,164,0
7144,170,0
7144,171,0
7144,172,0
7144,173,0
7144,174,0
7144,175,0
7144,176,0
7144,177,0
7144,178,0
7144,181,0
7144,182,0
7144,183,0
7144,184,0
7144,194,0
7144,196,0
7144,197,0
7144,198,0
7144,200,0
7144,201,1
7144,202,0
7144,203,1
7146,1,1
7146,2,0
7146,3,1
7146,5,1
7146,6,1
7146,7,1
7146,29,1
7146,30,1
7146,31,0
7146,32,0
7146,33,0
7146,34,0
7146,35,0
7146,36,0
7146,37,0
7146,39,0
7146,40,0
7146,41,0
7146,49,0
7146,50,1
7146,52,1
7146,53,1
7146,54,1
7146,56,1
7146,57,1
7146,59,1
7146,60,1
7146,61,1
7146,63,1
7146,64,1
7146,65,1
7146,66,1
7146,67,1
7146,72,1
7146,73,1
7146,74,1
7146,82,1
7146,83,1
7146,84,1
7146,86,1
7146,87,1
7146,88,1
7146,90,1
7146,91,1
7146,92,1
7146,93,1
7146,147,1
7146,148,0
7146,149,0
7146,150,0
7146,194,0
7146,196,0
7146,197,0
7146,198,0
7146,200,0
7146,201,1
7146,202,0
7146,203,0
7147,1,1
7147,2,0
7147,3,1
7147,5,1
7147,6,1
7147,7,1
7147,29,1
7147,30,1
7147,31,0
7147,32,0
7147,33,0
7147,34,0
7147,35,0
7147,36,0
7147,37,0
7147,39,0
7147,40,0
7147,41,0
7147,49,1
7147,50,1
7147,52,1
7147,53,1
7147,54,1
7147,56,1
7147,57,1
7147,59,1
7147,60,1
7147,61,1
7147,63,1
7147,64,1
7147,65,1
7147,66,1
7147,67,1
7147,72,1
7147,73,1
7147,74,1
7147,82,1
7147,83,1
7147,84,1
7147,86,1
7147,87,1
7147,88,1
7147,90,1
7147,91,1
7147,92,1
7147,93,1
7147,147,1
7147,148,0
7147,149,0
7147,150,0
7147,194,0
7147,196,0
7147,197,0
7147,198,0
7147,200,0
7147,201,0
7147,202,0
7147,203,0
7153,1,1
7153,2,0
7153,3,1
7153,5,1
7153,6,1
7153,7,1
7153,49,1
7153,50,1
7153,52,1
7153,53,1
7153,54,1
7153,56,1
7153,57,1
7153,59,1
7153,60,1
7153,61,1
7153,63,1
7153,64,1
7153,65,1
7153,66,1
7153,67,1
7153,72,0
7153,73,1
7153,74,1
7153,82,1
7153,83,1
7153,84,1
7153,86,1
7153,87,1
7153,88,1
7153,90,1
7153,91,1
7153,92,1
7153,93,1
7153,147,1
7153,148,0
7153,149,0
7153,150,0
7153,194,0
7153,196,0
7153,197,0
7153,198,0
7153,200,0
7153,201,1
7153,202,0
7153,203,0
7161,1,1
7161,2,0
7161,3,1
7161,5,1
7161,6,1
7161,7,1
7161,49,1
7161,50,1
7161,52,1
7161,53,1
7161,54,1
7161,56,1
7161,57,1
7161,59,1
7161,60,1
7161,61,1
7161,63,1
7161,64,1
7161,65,1
7161,66,1
7161,67,1
7161,72,1
7161,73,1
7161,74,1
7161,82,1
7161,83,1
7161,84,1
7161,86,1
7161,87,1
7161,88,1
7161,90,1
7161,91,1
7161,92,1
7161,93,1
7161,147,1
7161,148,0
7161,149,0
7161,150,0
7161,194,0
7161,196,0
7161,197,0
7161,198,0
7161,200,0
7161,201,1
7161,202,0
7161,203,0
7174,1,1
7174,2,0
7174,3,1
7174,5,1
7174,6,1
7174,7,1
7174,9,0
7174,10,1
7174,11,0
7174,12,0
7174,29,1
7174,32,0
7174,33,0
7174,34,0
7174,35,0
7174,36,0
7174,37,0
7174,39,0
7174,40,0
7174,41,0
7174,49,1
7174,50,1
7174,52,1
7174,53,1
7174,54,1
7174,56,1
7174,57,1
7174,59,1
7174,60,1
7174,61,1
7174,63,1
7174,64,1
7174,65,1
7174,66,1
7174,67,1
7174,72,1
7174,73,1
7174,74,1
7174,82,1
7174,83,1
7174,84,1
7174,86,1
7174,87,1
7174,88,1
7174,90,1
7174,91,1
7174,92,1
7174,93,0
7174,147,1
7174,148,0
7174,149,0
7174,150,0
7174,194,0
7174,196,0
7174,197,0
7174,198,0
7174,200,0
7174,201,1
7174,202,0
7174,203,0
7175,1,1
7175,2,0
7175,3,1
7175,5,1
7175,6,1
7175,7,1
7175,9,0
7175,10,0
7175,11,0
7175,12,0
7175,29,0
7175,30,0
7175,31,0
7175,32,0
7175,33,0
7175,34,0
7175,35,0
7175,36,0
7175,37,0
7175,39,1
7175,49,1
7175,50,1
7175,52,1
7175,53,1
7175,54,1
7175,56,1
7175,57,1
7175,59,1
7175,60,1
7175,61,1
7175,63,1
7175,64,1
7175,65,1
7175,66,1
7175,67,1
7175,72,1
7175,73,1
7175,74,1
7175,82,1
7175,83,1
7175,84,1
7175,86,1
7175,87,1
7175,88,1
7175,90,1
7175,91,1
7175,92,1
7175,93,1
7175,147,1
7175,148,0
7175,149,0
7175,150,0
7175,194,1
7175,196,0
7175,197,0
7175,198,0
7175,200,0
7175,201,1
7175,202,0
7175,203,0
7181,1,1
7181,2,0
7181,3,1
7181,5,1
7181,6,1
7181,7,1
7181,29,1
7181,30,1
7181,31,0
7181,32,0
7181,33,0
7181,34,0
7181,35,0
7181,36,0
7181,37,0
7181,39,0
7181,40,0
7181,41,0
7181,72,1
7181,73,1
7181,74,1
7181,82,1
7181,83,1
7181,84,1
7181,90,1
7181,91,1
7181,92,1
7181,93,1
7181,147,1
7181,148,0
7181,149,0
7181,150,0
7181,194,0
7181,196,0
7181,197,0
7181,198,0
7181,200,0
7181,201,1
7181,202,0
7181,203,0
7183,1,1
7183,2,0
7183,3,1
7183,5,1
7183,6,1
7183,7,1
7183,9,0
7183,10,0
7183,11,1
7183,12,0
7183,29,0
7183,30,0
7183,31,0
7183,32,0
7183,33,0
7183,34,0
7183,35,1
7183,39,0
7183,40,0
7183,41,0
7183,49,1
7183,50,1
7183,52,1
7183,53,1
7183,54,1
7183,56,1
7183,57,1
7183,59,1
7183,60,1
7183,61,1
7183,63,1
7183,64,1
7183,65,1
7183,66,1
7183,67,1
7183,72,1
7183,73,1
7183,74,1
7183,82,1
7183,83,1
7183,84,1
7183,86,1
7183,87,1
7183,88,1
7183,90,1
7183,91,1
7183,92,1
7183,93,0
7183,147,0
7183,148,1
7183,149,0
7183,150,0
7183,152,1
7183,153,1
7183,154,1
7183,155,0
7183,157,0
7183,159,0
7183,160,0
7183,164,0
7183,170,0
7183,171,0
7183,172,0
7183,173,0
7183,174,0
7183,175,0
7183,176,0
7183,177,0
7183,178,0
7183,181,0
7183,182,0
7183,183,0
7183,184,0
7183,194,0
7183,196,0
7183,197,0
7183,198,0
7183,200,0
7183,201,1
7183,202,0
7183,203,0
7188,1,1
7188,2,0
7188,3,1
7188,5,1
7188,6,1
7188,7,1
7188,9,0
7188,10,1
7188,11,0
7188,12,0
7188,29,1
7188,30,0
7188,31,1
7188,32,0
7188,33,0
7188,34,0
7188,35,0
7188,36,0
7188,37,0
7188,39,0
7188,40,0
7188,41,0
7188,49,1
7188,50,1
7188,52,1
7188,53,1
7188,54,1
7188,56,1
7188,57,1
7188,59,1
7188,60,1
7188,61,1
7188,63,1
7188,64,1
7188,65,1
7188,66,1
7188,67,1
7188,72,1
7188,73,1
7188,74,1
7188,82,1
7188,83,1
7188,84,1
7188,86,1
7188,87,1
7188,88,1
7188,90,1
7188,91,1
7188,92,1
7188,93,1
7188,147,0
7188,148,0
7188,149,0
7188,150,1
7188,152,1
7188,153,1
7188,154,1
7188,155,1
7188,157,1
7188,159,0
7188,160,1
7188,164,0
7188,170,1
7188,171,0
7188,172,0
7188,173,0
7188,174,0
7188,175,0
7188,176,0
7188,177,0
7188,178,0
7188,181,0
7188,182,0
7188,183,0
7188,184,0
7188,194,0
7188,196,0
7188,197,0
7188,198,0
7188,200,0
7188,201,1
7188,202,0
7188,203,0
7189,1,1
7189,2,1
7189,3,0
7189,5,1
7189,6,1
7189,7,1
7189,9,0
7189,10,0
7189,11,0
7189,12,0
7189,29,0
7189,30,0
7189,31,0
7189,32,0
7189,33,0
7189,34,0
7189,35,1
7189,36,0
7189,37,1
7189,39,0
7189,40,0
7189,41,0
7189,49,0
7189,50,1
7189,52,1
7189,53,1
7189,54,1
7189,56,1
7189,57,1
7189,59,1
7189,60,1
7189,61,1
7189,63,1
7189,64,1
7189,65,1
7189,66,1
7189,67,1
7189,72,1
7189,73,1
7189,74,1
7189,82,1
7189,83,1
7189,84,1
7189,86,1
7189,87,1
7189,88,1
7189,90,1
7189,91,1
7189,92,1
7189,93,1
7189,147,0
7189,148,0
7189,149,1
7189,150,0
7189,152,1
7189,153,1
7189,154,0
7189,155,1
7189,157,1
7189,159,0
7189,160,1
7189,164,0
7189,170,0
7189,171,0
7189,172,0
7189,173,0
7189,174,0
7189,175,0
7189,176,0
7189,177,0
7189,178,0
7189,181,0
7189,182,0
7189,183,0
7189,184,0
7189,194,0
7189,196,1
7189,197,0
7189,198,0
7189,200,0
7189,201,1
7189,202,1
7189,203,0
7192,1,1
7192,2,1
7192,3,0
7192,5,1
7192,6,1
7192,7,1
7192,29,0
7192,30,0
7192,31,0
7192,32,0
7192,33,0
7192,34,0
7192,35,1
7192,36,0
7192,37,1
7192,39,0
7192,40,0
7192,41,0
7192,49,1
7192,50,1
7192,52,1
7192,53,1
7192,54,1
7192,56,1
7192,57,1
7192,59,1
7192,60,1
7192,61,1
7192,63,1
7192,64,1
7192,65,1
7192,66,1
7192,67,1
7192,72,1
7192,73,1
7192,74,1
7192,82,1
7192,83,1
7192,84,1
7192,86,1
7192,87,1
7192,88,1
7192,90,1
7192,91,1
7192,92,1
7192,93,1
7192,147,0
7192,148,1
7192,149,0
7192,150,0
7192,152,1
7192,153,1
7192,154,0
7192,155,1
7192,157,0
7192,159,0
7192,160,0
7192,164,0
7192,170,0
7192,171,0
7192,172,0
7192,173,0
7192,174,0
7192,175,0
7192,176,0
7192,177,0
7192,178,0
7192,181,0
7192,182,0
7192,183,0
7192,184,0
7192,194,0
7192,196,0
7192,197,0
7192,198,0
7192,200,0
7192,201,1
7192,202,0
7192,203,0
7204,1,1
7204,2,0
7204,3,1
7204,5,1
7204,6,1
7204,7,1
7204,9,1
7204,10,0
7204,11,0
7204,12,0
7204,29,0
7204,30,0
7204,31,0
7204,32,0
7204,33,0
7204,34,0
7204,35,0
7204,36,0
7204,37,0
7204,39,1
7204,49,1
7204,50,1
7204,52,1
7204,53,1
7204,54,1
7204,56,1
7204,57,1
7204,59,1
7204,60,1
7204,61,1
7204,63,1
7204,64,1
7204,65,1
7204,66,1
7204,67,1
7204,72,1
7204,73,1
7204,74,1
7204,82,1
7204,83,1
7204,84,1
7204,86,1
7204,87,1
7204,88,1
7204,90,1
7204,91,1
7204,92,1
7204,93,1
7204,147,1
7204,148,0
7204,149,0
7204,150,0
7204,194,0
7204,196,0
7204,197,0
7204,198,0
7204,200,0
7204,201,1
7204,202,0
7204,203,0
7205,1,1
7205,2,1
7205,3,0
7205,5,1
7205,6,1
7205,7,1
7205,49,1
7205,50,1
7205,52,1
7205,53,1
7205,54,1
7205,56,1
7205,57,1
7205,59,1
7205,60,1
7205,61,1
7205,63,1
7205,64,1
7205,65,1
7205,66,1
7205,67,1
7205,72,1
7205,73,1
7205,74,1
7205,82,1
7205,83,1
7205,84,1
7205,86,1
7205,87,1
7205,88,1
7205,90,1
7205,91,1
7205,92,1
7205,93,0
7205,147,1
7205,148,0
7205,149,0
7205,150,0
7205,194,0
7205,196,0
7205,197,0
7205,198,0
7205,200,0
7205,201,0
7205,202,0
7205,203,0
7207,1,1
7207,2,0
7207,3,1
7207,5,1
7207,6,1
7207,7,1
7207,49,1
7207,50,1
7207,52,1
7207,53,1
7207,54,1
7207,56,1
7207,57,1
7207,59,1
7207,60,1
7207,61,1
7207,63,1
7207,64,1
7207,65,1
7207,66,1
7207,67,1
7207,72,1
7207,73,1
7207,74,1
7207,82,1
7207,83,1
7207,84,1
7207,86,1
7207,87,1
7207,88,1
7207,90,1
7207,91,1
7207,92,0
7207,93,0
7207,147,1
7207,148,0
7207,149,0
7207,150,0
7207,194,0
7207,196,0
7207,197,0
7207,198,0
7207,200,0
7207,201,1
7207,202,0
7207,203,0
7212,1,1
7212,2,0
7212,3,1
7212,5,1
7212,6,1
7212,7,1
7212,9,1
7212,10,0
7212,11,0
7212,12,0
7212,29,0
7212,30,0
7212,31,0
7212,32,1
7212,35,0
7212,36,0
7212,37,0
7212,39,0
7212,40,0
7212,41,0
7212,49,1
7212,50,1
7212,52,1
7212,53,1
7212,54,1
7212,56,1
7212,57,1
7212,59,1
7212,60,1
7212,61,1
7212,63,1
7212,64,1
7212,65,1
7212,66,1
7212,67,1
7212,72,1
7212,73,1
7212,74,1
7212,82,1
7212,83,1
7212,84,1
7212,86,1
7212,87,1
7212,88,1
7212,90,1
7212,91,1
7212,92,1
7212,93,1
7212,147,1
7212,148,0
7212,149,0
7212,150,0
7212,194,0
7212,196,0
7212,197,0
7212,198,0
7212,200,0
7212,201,1
7212,202,0
7212,203,0
7216,1,1
7216,2,0
7216,3,1
7216,5,1
7216,6,1
7216,7,1
7216,29,1
7216,30,0
7216,31,1
7216,32,0
7216,33,0
7216,34,0
7216,35,0
7216,36,0
7216,37,0
7216,39,0
7216,40,0
7216,41,0
7216,72,1
7216,73,1
7216,74,1
7216,82,1
7216,83,1
7216,84,1
7216,90,1
7216,91,1
7216,92,1
7216,93,1
7216,147,1
7216,148,0
7216,149,0
7216,150,0
7216,194,0
7216,196,0
7216,197,0
7216,198,0
7216,200,0
7216,201,0
7216,202,0
7216,203,0
7218,1,1
7218,2,1
7218,3,0
7218,5,1
7218,6,1
7218,7,1
7218,49,1
7218,50,1
7218,52,1
7218,53,1
7218,54,1
7218,56,1
7218,57,1
7218,59,1
7218,60,1
7218,61,1
7218,63,1
7218,64,1
7218,65,1
7218,66,1
7218,67,1
7218,72,1
7218,73,1
7218,74,1
7218,82,1
7218,83,1
7218,84,1
7218,86,1
7218,87,1
7218,88,1
7218,90,1
7218,91,1
7218,92,1
7218,93,1
7218,147,1
7218,148,0
7218,149,0
7218,150,0
7218,194,0
7218,196,0
7218,197,0
7218,198,0
7218,200,0
7218,201,1
7218,202,0
7218,203,0
7361,1,1
7361,2,0
7361,3,1
7361,5,1
7361,6,1
7361,7,1
7361,9,0
7361,10,1
7361,11,0
7361,12,0
7361,49,1
7361,50,1
7361,52,1
7361,53,1
7361,54,1
7361,56,1
7361,57,1
7361,59,1
7361,60,1
7361,61,1
7361,63,1
7361,64,1
7361,65,1
7361,66,1
7361,67,1
7361,72,0
7361,73,0
7361,74,0
7361,82,1
7361,83,1
7361,84,1
7361,86,1
7361,87,1
7361,88,1
7361,90,1
7361,91,1
7361,92,1
7361,93,1
7361,147,1
7361,148,0
7361,149,0
7361,150,0
7361,194,0
7361,196,0
7361,197,0
7361,198,0
7361,200,0
7361,201,1
7361,202,0
7361,203,0
7457,1,1
7457,2,1
7457,3,0
7457,5,1
7457,6,1
7457,7,1
7457,9,1
7457,10,0
7457,11,0
7457,12,0
7457,29,0
7457,30,0
7457,31,0
7457,32,0
7457,33,0
7457,34,0
7457,35,0
7457,36,0
7457,37,0
7457,39,1
7457,49,1
7457,50,1
7457,52,1
7457,53,1
7457,54,1
7457,56,1
7457,57,1
7457,59,1
7457,60,1
7457,61,1
7457,63,1
7457,64,1
7457,65,1
7457,66,1
7457,67,1
7457,72,1
7457,73,1
7457,74,1
7457,82,1
7457,83,1
7457,84,1
7457,86,1
7457,87,1
7457,88,1
7457,90,1
7457,91,1
7457,92,1
7457,93,1
7457,147,1
7457,148,0
7457,149,0
7457,150,0
7457,194,0
7457,196,0
7457,197,0
7457,198,0
7457,200,0
7457,201,1
7457,202,0
7457,203,0
7458,1,1
7458,2,0
7458,3,1
7458,5,1
7458,6,1
7458,7,1
7458,9,0
7458,10,1
7458,11,0
7458,12,0
7458,49,1
7458,50,1
7458,52,1
7458,53,1
7458,54,1
7458,56,1
7458,57,1
7458,59,1
7458,60,1
7458,61,1
7458,63,1
7458,64,1
7458,65,1
7458,66,1
7458,67,1
7458,72,1
7458,73,1
7458,74,1
7458,82,1
7458,83,1
7458,84,1
7458,86,1
7458,87,1
7458,88,1
7458,90,1
7458,91,1
7458,92,1
7458,93,1
7458,147,0
7458,148,1
7458,149,0
7458,150,0
7458,152,0
7458,153,0
7458,154,0
7458,155,0
7458,157,0
7458,159,0
7458,160,0
7458,164,0
7458,170,1
7458,171,1
7458,172,0
7458,173,0
7458,174,0
7458,175,1
7458,176,0
7458,177,0
7458,178,0
7458,181,0
7458,182,0
7458,183,0
7458,184,0
7458,194,0
7458,196,0
7458,197,0
7458,198,0
7458,200,0
7458,201,1
7458,202,0
7458,203,0
7462,1,1
7462,2,1
7462,3,0
7462,5,1
7462,6,1
7462,7,1
7462,49,1
7462,50,1
7462,52,1
7462,53,1
7462,54,1
7462,56,1
7462,57,1
7462,59,1
7462,60,1
7462,61,1
7462,63,1
7462,64,1
7462,65,1
7462,66,1
7462,67,1
7462,72,1
7462,73,1
7462,74,1
7462,82,1
7462,83,1
7462,84,1
7462,86,1
7462,87,1
7462,88,1
7462,90,1
7462,91,1
7462,92,1
7462,93,1
7462,147,1
7462,148,0
7462,149,0
7462,150,0
7462,194,0
7462,196,0
7462,197,0
7462,198,0
7462,200,0
7462,201,1
7462,202,0
7462,203,0
7468,1,1
7468,2,0
7468,3,1
7468,5,1
7468,6,1
7468,7,1
7468,9,0
7468,10,0
7468,11,1
7468,12,0
7468,29,0
7468,30,0
7468,31,0
7468,32,0
7468,33,0
7468,34,0
7468,35,1
7468,36,1
7468,37,0
7468,39,0
7468,40,0
7468,41,0
7468,49,0
7468,50,1
7468,52,1
7468,53,1
7468,54,1
7468,56,1
7468,57,1
7468,59,1
7468,60,1
7468,61,1
7468,63,1
7468,64,1
7468,65,1
7468,66,1
7468,67,1
7468,72,1
7468,73,1
7468,74,1
7468,82,1
7468,83,1
7468,84,1
7468,86,1
7468,87,1
7468,88,1
7468,90,1
7468,91,1
7468,92,1
7468,93,0
7468,147,0
7468,148,0
7468,149,1
7468,150,0
7468,152,1
7468,153,0
7468,154,0
7468,155,0
7468,157,0
7468,159,0
7468,160,0
7468,164,0
7468,170,1
7468,171,1
7468,172,0
7468,173,0
7468,174,1
7468,175,0
7468,176,0
7468,177,0
7468,178,0
7468,181,0
7468,182,0
7468,183,0
7468,184,0
7468,194,0
7468,196,0
7468,197,0
7468,198,0
7468,200,0
7468,201,1
7468,202,0
7468,203,0
7471,1,1
7471,5,1
7471,6,1
7471,7,1
7471,49,1
7471,50,1
7471,52,1
7471,53,1
7471,54,1
7471,56,1
7471,57,1
7471,59,1
7471,60,1
7471,61,1
7471,63,1
7471,64,1
7471,65,1
7471,66,1
7471,67,1
7471,72,1
7471,73,1
7471,74,1
7471,82,1
7471,83,1
7471,84,1
7471,86,1
7471,87,1
7471,88,1
7471,90,1
7471,91,1
7471,92,1
7471,93,1
7471,147,1
7471,148,0
7471,149,0
7471,150,0
7471,194,0
7471,196,0
7471,197,0
7471,198,0
7471,200,0
7471,201,0
7471,202,0
7471,203,0
7472,1,1
7472,2,1
7472,3,0
7472,5,1
7472,6,1
7472,7,1
7472,29,1
7472,32,0
7472,33,0
7472,34,0
7472,35,0
7472,36,0
7472,37,0
7472,39,0
7472,40,0
7472,41,0
7472,49,1
7472,50,1
7472,52,1
7472,53,1
7472,54,1
7472,56,1
7472,57,1
7472,59,1
7472,60,1
7472,61,1
7472,63,1
7472,64,1
7472,65,1
7472,66,1
7472,67,1
7472,72,0
7472,73,1
7472,74,1
7472,82,1
7472,83,1
7472,84,1
7472,86,1
7472,87,1
7472,88,1
7472,90,1
7472,91,1
7472,92,1
7472,93,1
7472,147,1
7472,148,0
7472,149,0
7472,150,0
7472,194,0
7472,196,0
7472,197,0
7472,198,0
7472,200,0
7472,201,1
7472,202,0
7472,203,1
7475,1,1
7475,2,0
7475,3,1
7475,5,1
7475,6,1
7475,7,1
7475,49,1
7475,50,1
7475,52,1
7475,53,1
7475,54,1
7475,56,1
7475,57,1
7475,59,1
7475,60,1
7475,61,1
7475,63,1
7475,64,1
7475,65,1
7475,66,1
7475,67,1
7475,72,1
7475,73,1
7475,74,1
7475,82,1
7475,83,1
7475,84,1
7475,86,1
7475,87,1
7475,88,1
7475,90,1
7475,91,1
7475,92,1
7475,93,1
7475,147,1
7475,148,0
7475,149,0
7475,150,0
7475,194,0
7475,196,0
7475,197,0
7475,198,0
7475,200,0
7475,201,1
7475,202,0
7475,203,0
7501,1,1
7501,2,0
7501,3,1
7501,5,1
7501,6,1
7501,7,1
7501,29,1
7501,30,1
7501,31,0
7501,32,0
7501,33,0
7501,34,0
7501,35,0
7501,36,0
7501,37,0
7501,39,0
7501,40,0
7501,41,0
7501,49,1
7501,50,1
7501,52,1
7501,53,1
7501,54,1
7501,56,1
7501,57,1
7501,59,1
7501,60,1
7501,61,1
7501,63,1
7501,64,1
7501,65,1
7501,66,1
7501,67,1
7501,72,1
7501,73,1
7501,74,1
7501,82,1
7501,83,1
7501,84,1
7501,86,1
7501,87,1
7501,88,1
7501,90,1
7501,91,1
7501,92,1
7501,93,1
7501,147,1
7501,148,0
7501,149,0
7501,150,0
7501,194,0
7501,196,0
7501,197,0
7501,198,0
7501,200,0
7501,201,0
7501,202,0
7501,203,0
7503,1,1
7503,2,0
7503,3,1
7503,5,1
7503,6,1
7503,7,1
7503,9,0
7503,10,0
7503,11,0
7503,12,1
7503,29,0
7503,30,0
7503,31,0
7503,32,0
7503,33,0
7503,34,0
7503,35,0
7503,36,0
7503,37,0
7503,39,1
7503,49,1
7503,50,1
7503,52,1
7503,53,1
7503,54,1
7503,56,1
7503,57,1
7503,59,1
7503,60,1
7503,61,1
7503,63,1
7503,64,1
7503,65,1
7503,66,1
7503,67,1
7503,72,1
7503,73,1
7503,74,1
7503,82,1
7503,83,1
7503,84,1
7503,86,1
7503,87,1
7503,88,1
7503,90,1
7503,91,1
7503,92,1
7503,93,0
7503,147,1
7503,148,0
7503,149,0
7503,150,0
7503,194,1
7503,196,0
7503,197,0
7503,198,0
7503,200,0
7503,201,1
7503,202,0
7503,203,0
7509,1,1
7509,2,0
7509,3,1
7509,5,1
7509,6,1
7509,7,1
7509,29,0
7509,30,0
7509,31,0
7509,32,0
7509,33,0
7509,34,0
7509,35,1
7509,36,1
7509,37,0
7509,39,0
7509,40,0
7509,41,0
7509,49,1
7509,50,1
7509,52,1
7509,53,1
7509,54,1
7509,56,1
7509,57,1
7509,59,1
7509,60,1
7509,61,1
7509,63,1
7509,64,1
7509,65,1
7509,66,1
7509,67,1
7509,72,1
7509,73,1
7509,74,1
7509,82,1
7509,83,1
7509,84,1
7509,86,1
7509,87,1
7509,88,1
7509,90,1
7509,91,1
7509,92,1
7509,93,1
7509,147,1
7509,148,0
7509,149,0
7509,150,0
7509,194,0
7509,196,0
7509,197,0
7509,198,0
7509,200,0
7509,201,1
7509,202,0
7509,203,0
7514,1,1
7514,2,1
7514,3,0
7514,5,1
7514,6,1
7514,7,1
7514,49,0
7514,50,1
7514,52,1
7514,53,1
7514,54,1
7514,56,1
7514,57,1
7514,59,1
7514,60,1
7514,61,1
7514,63,1
7514,64,1
7514,65,1
7514,66,1
7514,67,1
7514,72,1
7514,73,1
7514,74,1
7514,82,1
7514,83,1
7514,84,1
7514,86,1
7514,87,1
7514,88,1
7514,90,0
7514,91,0
7514,92,0
7514,93,0
7514,147,1
7514,148,0
7514,149,0
7514,150,0
7514,194,0
7514,196,0
7514,197,0
7514,198,0
7514,200,0
7514,201,0
7514,202,0
7514,203,0
7520,1,1
7520,2,0
7520,3,1
7520,5,1
7520,6,1
7520,7,1
7520,29,1
7520,32,0
7520,33,0
7520,34,0
7520,35,0
7520,36,0
7520,37,0
7520,39,0
7520,40,0
7520,41,0
7520,49,1
7520,50,1
7520,52,1
7520,53,1
7520,54,1
7520,56,1
7520,57,1
7520,59,1
7520,60,1
7520,61,1
7520,63,1
7520,64,1
7520,65,1
7520,66,1
7520,67,1
7520,72,1
7520,73,1
7520,74,1
7520,82,1
7520,83,1
7520,84,1
7520,86,1
7520,87,1
7520,88,1
7520,90,1
7520,91,1
7520,92,1
7520,93,1
7520,147,1
7520,148,0
7520,149,0
7520,150,0
7520,194,0
7520,196,0
7520,197,0
7520,198,0
7520,200,0
7520,201,0
7520,202,0
7520,203,0
7528,1,1
7528,2,0
7528,3,1
7528,5,1
7528,6,1
7528,7,1
7528,49,1
7528,50,1
7528,52,1
7528,53,1
7528,54,1
7528,56,1
7528,57,1
7528,59,1
7528,60,1
7528,61,1
7528,63,1
7528,64,1
7528,65,1
7528,66,1
7528,67,1
7528,72,1
7528,73,1
7528,74,1
7528,82,1
7528,83,1
7528,84,1
7528,86,1
7528,87,1
7528,88,1
7528,90,1
7528,91,1
7528,92,1
7528,93,1
7528,147,1
7528,148,0
7528,149,0
7528,150,0
7528,194,0
7528,196,0
7528,197,0
7528,198,0
7528,200,0
7528,201,1
7528,202,0
7528,203,0
7529,1,1
7529,2,0
7529,3,1
7529,5,1
7529,6,1
7529,7,1
7529,9,1
7529,10,0
7529,11,0
7529,12,0
7529,29,0
7529,30,0
7529,31,0
7529,32,1
7529,33,0
7529,34,0
7529,35,0
7529,36,0
7529,37,0
7529,39,1
7529,40,0
7529,41,0
7529,49,1
7529,50,1
7529,52,1
7529,53,1
7529,54,1
7529,56,1
7529,57,1
7529,59,1
7529,60,1
7529,61,1
7529,63,1
7529,64,1
7529,65,1
7529,66,1
7529,67,1
7529,72,1
7529,73,1
7529,74,1
7529,82,1
7529,83,1
7529,84,1
7529,86,1
7529,87,1
7529,88,1
7529,90,1
7529,91,1
7529,92,1
7529,93,1
7529,147,0
7529,148,1
7529,149,0
7529,150,0
7529,152,0
7529,153,0
7529,154,0
7529,155,0
7529,157,0
7529,159,0
7529,160,0
7529,164,0
7529,170,1
7529,171,0
7529,172,0
7529,173,0
7529,174,0
7529,175,0
7529,176,0
7529,177,1
7529,178,0
7529,181,0
7529,182,0
7529,183,0
7529,184,0
7529,194,1
7529,196,0
7529,197,0
7529,198,0
7529,200,0
7529,201,1
7529,202,0
7529,203,0
7531,1,1
7531,2,0
7531,3,1
7531,5,1
7531,6,1
7531,7,1
7531,29,1
7531,30,0
7531,31,1
7531,32,0
7531,33,0
7531,34,0
7531,35,0
7531,36,0
7531,37,0
7531,39,0
7531,40,0
7531,41,0
7531,72,1
7531,73,1
7531,74,1
7531,82,1
7531,83,1
7531,84,1
7531,86,1
7531,87,1
7531,88,1
7531,90,1
7531,91,1
7531,92,1
7531,93,1
7531,147,1
7531,148,0
7531,149,0
7531,150,0
7531,194,0
7531,196,0
7531,197,0
7531,198,0
7531,200,0
7531,201,0
7531,202,0
7531,203,0
7534,1,1
7534,2,0
7534,3,1
7534,5,1
7534,6,1
7534,7,1
7534,49,1
7534,50,1
7534,52,1
7534,53,1
7534,54,1
7534,56,1
7534,57,1
7534,59,1
7534,60,1
7534,61,1
7534,63,1
7534,64,1
7534,65,1
7534,66,1
7534,67,1
7534,72,1
7534,73,1
7534,74,1
7534,82,1
7534,83,1
7534,84,1
7534,86,1
7534,87,1
7534,88,1
7534,90,1
7534,91,1
7534,92,1
7534,93,0
7534,147,1
7534,148,0
7534,149,0
7534,150,0
7534,194,0
7534,196,0
7534,197,0
7534,198,0
7534,200,0
7534,201,1
7534,202,0
7534,203,0
7546,1,1
7546,2,0
7546,3,1
7546,5,1
7546,6,1
7546,7,1
7546,56,1
7546,57,1
7546,59,1
7546,60,1
7546,61,1
7546,63,1
7546,64,1
7546,65,1
7546,66,1
7546,67,1
7546,72,1
7546,73,1
7546,74,1
7546,82,1
7546,83,1
7546,84,1
7546,86,1
7546,87,1
7546,88,1
7546,90,1
7546,91,1
7546,92,1
7546,93,0
7546,147,1
7546,148,0
7546,149,0
7546,150,0
7546,194,0
7546,196,0
7546,197,0
7546,198,0
7546,200,0
7546,201,1
7546,202,0
7546,203,0
7550,1,1
7550,2,1
7550,3,0
7550,5,1
7550,6,1
7550,7,1
7550,49,1
7550,50,1
7550,52,1
7550,53,1
7550,54,1
7550,56,1
7550,57,1
7550,59,1
7550,60,1
7550,61,1
7550,63,1
7550,64,1
7550,65,1
7550,66,1
7550,67,1
7550,72,1
7550,73,1
7550,74,1
7550,82,1
7550,83,1
7550,84,1
7550,86,1
7550,87,1
7550,88,1
7550,90,1
7550,91,1
7550,92,1
7550,93,1
7550,147,1
7550,148,0
7550,149,0
7550,150,0
7550,194,0
7550,196,0
7550,197,0
7550,198,0
7550,200,0
7550,201,0
7550,202,0
7550,203,0
7555,1,1
7555,2,0
7555,3,1
7555,5,1
7555,6,1
7555,7,1
7555,29,0
7555,30,0
7555,31,0
7555,32,0
7555,33,0
7555,34,0
7555,35,0
7555,36,0
7555,37,0
7555,39,1
7555,49,1
7555,50,1
7555,52,1
7555,53,1
7555,54,1
7555,56,1
7555,57,1
7555,59,1
7555,60,1
7555,61,1
7555,63,1
7555,64,1
7555,65,1
7555,66,1
7555,67,1
7555,72,1
7555,73,1
7555,74,1
7555,82,1
7555,83,1
7555,84,1
7555,86,1
7555,87,1
7555,88,1
7555,90,1
7555,91,1
7555,92,1
7555,93,1
7555,147,1
7555,148,0
7555,149,0
7555,150,0
7555,194,0
7555,196,0
7555,197,0
7555,198,0
7555,200,0
7555,201,1
7555,202,0
7555,203,0
7558,1,1
7558,2,0
7558,3,1
7558,5,1
7558,6,1
7558,7,1
7558,49,1
7558,50,1
7558,52,1
7558,53,1
7558,54,1
7558,56,1
7558,57,1
7558,59,1
7558,60,1
7558,61,1
7558,63,1
7558,64,1
7558,65,1
7558,66,1
7558,67,1
7558,72,1
7558,73,1
7558,74,1
7558,82,1
7558,83,1
7558,84,1
7558,86,1
7558,87,1
7558,88,1
7558,90,1
7558,91,1
7558,92,0
7558,93,0
7558,147,1
7558,148,0
7558,149,0
7558,150,0
7558,194,0
7558,196,0
7558,197,0
7558,198,0
7558,200,0
7558,201,1
7558,202,0
7558,203,0
7559,1,1
7559,2,0
7559,3,1
7559,5,1
7559,6,1
7559,7,1
7559,49,1
7559,50,1
7559,52,1
7559,53,1
7559,54,1
7559,56,1
7559,57,1
7559,59,1
7559,60,1
7559,61,1
7559,63,1
7559,64,1
7559,65,1
7559,66,1
7559,67,1
7559,72,1
7559,73,1
7559,74,1
7559,82,1
7559,83,1
7559,84,1
7559,86,1
7559,87,1
7559,88,1
7559,90,1
7559,91,1
7559,92,1
7559,93,0
7559,147,1
7559,148,0
7559,149,0
7559,150,0
7559,194,0
7559,196,0
7559,197,0
7559,198,0
7559,200,0
7559,201,1
7559,202,0
7559,203,0
7560,1,1
7560,2,1
7560,3,0
7560,5,1
7560,6,1
7560,7,1
7560,29,1
7560,30,1
7560,31,0
7560,32,0
7560,33,0
7560,34,0
7560,35,0
7560,36,0
7560,37,0
7560,39,0
7560,40,0
7560,41,0
7560,72,1
7560,73,1
7560,74,1
7560,82,1
7560,83,1
7560,84,1
7560,86,1
7560,87,1
7560,88,1
7560,90,1
7560,91,1
7560,92,1
7560,93,1
7560,147,1
7560,148,0
7560,149,0
7560,150,0
7560,194,0
7560,196,0
7560,197,0
7560,198,0
7560,200,0
7560,201,0
7560,202,0
7560,203,1
7562,1,1
7562,2,1
7562,3,0
7562,5,1
7562,6,1
7562,7,1
7562,29,0
7562,30,0
7562,31,0
7562,32,0
7562,33,0
7562,34,0
7562,35,1
7562,36,1
7562,37,0
7562,39,0
7562,40,0
7562,41,0
7562,56,1
7562,57,1
7562,59,1
7562,60,1
7562,61,1
7562,63,1
7562,64,1
7562,65,1
7562,66,1
7562,67,1
7562,72,1
7562,73,1
7562,74,1
7562,82,1
7562,83,1
7562,84,1
7562,86,1
7562,87,1
7562,88,1
7562,90,1
7562,91,1
7562,92,0
7562,93,0
7562,147,1
7562,148,0
7562,149,0
7562,150,0
7562,194,0
7562,196,0
7562,197,0
7562,198,0
7562,200,0
7562,201,1
7562,202,0
7562,203,0
7681,1,1
7681,2,0
7681,3,1
7681,5,1
7681,6,1
7681,7,1
7681,49,1
7681,50,1
7681,52,1
7681,53,1
7681,54,1
7681,56,1
7681,57,1
7681,59,1
7681,60,1
7681,61,1
7681,63,1
7681,64,1
7681,65,1
7681,66,1
7681,67,1
7681,72,1
7681,73,1
7681,74,1
7681,82,1
7681,83,1
7681,84,1
7681,86,1
7681,87,1
7681,88,1
7681,90,1
7681,91,1
7681,92,1
7681,93,1
7681,147,1
7681,148,0
7681,149,0
7681,150,0
7681,194,1
7681,196,0
7681,197,0
7681,198,0
7681,200,0
7681,201,1
7681,202,0
7681,203,0
7691,1,1
7691,2,0
7691,3,1
7691,5,1
7691,6,1
7691,7,1
7691,29,0
7691,30,0
7691,31,0
7691,32,1
7691,33,0
7691,34,1
7691,35,0
7691,36,0
7691,37,0
7691,39,0
7691,40,0
7691,41,0
7691,56,1
7691,57,1
7691,59,1
7691,60,1
7691,61,1
7691,63,1
7691,64,1
7691,65,1
7691,66,1
7691,67,1
7691,72,1
7691,73,1
7691,74,1
7691,82,1
7691,83,1
7691,84,1
7691,86,1
7691,87,1
7691,88,1
7691,90,1
7691,91,1
7691,92,1
7691,93,1
7691,147,1
7691,148,0
7691,149,0
7691,150,0
7691,194,0
7691,196,0
7691,197,0
7691,198,0
7691,200,0
7691,201,0
7691,202,0
7691,203,0
7695,1,1
7695,5,1
7695,6,1
7695,7,1
7695,72,1
7695,73,1
7695,74,1
7695,82,1
7695,83,1
7695,84,1
7695,86,1
7695,87,1
7695,88,1
7695,90,1
7695,91,1
7695,92,1
7695,93,1
7695,147,1
7695,148,0
7695,149,0
7695,150,0
7695,194,0
7695,196,0
7695,197,0
7695,198,0
7695,200,0
7695,201,1
7695,202,0
7695,203,0
7823,1,1
7823,2,0
7823,3,1
7823,5,1
7823,6,1
7823,7,1
7823,29,0
7823,30,0
7823,31,0
7823,32,0
7823,33,0
7823,34,0
7823,35,0
7823,36,0
7823,37,0
7823,39,1
7823,49,1
7823,50,1
7823,52,1
7823,53,1
7823,54,1
7823,56,1
7823,57,1
7823,59,1
7823,60,1
7823,61,1
7823,63,1
7823,64,1
7823,65,1
7823,66,1
7823,67,1
7823,72,1
7823,73,1
7823,74,1
7823,82,1
7823,83,1
7823,84,1
7823,86,1
7823,87,1
7823,88,1
7823,90,1
7823,91,1
7823,92,1
7823,93,1
7823,147,1
7823,148,0
7823,149,0
7823,150,0
7823,194,1
7823,196,0
7823,197,0
7823,198,0
7823,200,0
7823,201,1
7823,202,0
7823,203,0
7954,1,1
7954,2,0
7954,3,1
7954,5,1
7954,6,1
7954,7,1
7954,49,1
7954,50,1
7954,52,1
7954,53,1
7954,54,1
7954,56,1
7954,57,1
7954,59,1
7954,60,1
7954,61,1
7954,63,1
7954,64,1
7954,65,1
7954,66,1
7954,67,1
7954,72,1
7954,73,1
7954,74,1
7954,82,1
7954,83,1
7954,84,1
7954,86,1
7954,87,1
7954,88,1
7954,90,1
7954,91,1
7954,92,1
7954,93,0
7954,147,1
7954,148,0
7954,149,0
7954,150,0
7954,194,0
7954,196,0
7954,197,0
7954,198,0
7954,200,0
7954,201,0
7954,202,0
7954,203,0
7956,1,1
7956,2,0
7956,3,1
7956,5,1
7956,6,1
7956,7,1
7956,72,1
7956,73,1
7956,74,1
7956,82,1
7956,83,1
7956,84,1
7956,86,1
7956,87,1
7956,88,1
7956,90,1
7956,91,1
7956,92,1
7956,93,1
7956,147,1
7956,148,0
7956,149,0
7956,150,0
7956,194,0
7956,196,0
7956,197,0
7956,198,0
7956,200,0
7956,201,1
7956,202,0
7956,203,0
7966,1,1
7966,2,0
7966,3,1
7966,5,1
7966,6,1
7966,7,1
7966,49,1
7966,50,1
7966,52,1
7966,53,1
7966,54,1
7966,56,1
7966,57,1
7966,59,1
7966,60,1
7966,61,1
7966,63,1
7966,64,1
7966,65,1
7966,66,1
7966,67,1
7966,72,1
7966,73,1
7966,74,1
7966,82,1
7966,83,1
7966,84,1
7966,86,1
7966,87,1
7966,88,1
7966,90,1
7966,91,1
7966,92,1
7966,93,1
7966,147,1
7966,148,0
7966,149,0
7966,150,0
7966,194,0
7966,196,0
7966,197,0
7966,198,0
7966,200,0
7966,201,1
7966,202,0
7966,203,0
7967,1,1
7967,2,0
7967,3,1
7967,5,1
7967,6,1
7967,7,1
7967,29,1
7967,30,0
7967,31,1
7967,32,0
7967,33,0
7967,34,0
7967,35,0
7967,36,0
7967,37,0
7967,39,0
7967,40,0
7967,41,0
7967,147,1
7967,148,0
7967,149,0
7967,150,0
7967,194,0
7967,196,0
7967,197,0
7967,198,0
7967,200,0
7967,201,1
7967,202,0
7967,203,0
7968,1,1
7968,2,0
7968,3,1
7968,5,1
7968,6,1
7968,7,1
7968,29,1
7968,30,1
7968,31,0
7968,32,0
7968,33,0
7968,34,0
7968,35,0
7968,36,0
7968,37,0
7968,39,0
7968,40,0
7968,41,0
7968,72,1
7968,73,1
7968,74,1
7968,82,1
7968,83,1
7968,84,1
7968,90,1
7968,91,1
7968,92,1
7968,93,1
7968,147,1
7968,148,0
7968,149,0
7968,150,0
7968,194,0
7968,196,0
7968,197,0
7968,198,0
7968,200,0
7968,201,0
7968,202,0
7968,203,0
7974,1,1
7974,2,0
7974,3,1
7974,5,1
7974,6,1
7974,7,1
7974,9,1
7974,10,0
7974,11,0
7974,12,0
7974,29,0
7974,30,0
7974,31,0
7974,32,0
7974,33,0
7974,34,0
7974,35,0
7974,36,0
7974,37,0
7974,39,1
7974,49,1
7974,50,1
7974,52,1
7974,53,1
7974,54,1
7974,56,1
7974,57,1
7974,59,1
7974,60,1
7974,61,1
7974,63,0
7974,64,1
7974,65,1
7974,66,1
7974,67,1
7974,72,1
7974,73,1
7974,74,1
7974,82,1
7974,83,1
7974,84,1
7974,86,1
7974,87,1
7974,88,1
7974,90,1
7974,91,1
7974,92,1
7974,93,1
7974,147,1
7974,148,0
7974,149,0
7974,150,0
7974,194,0
7974,196,0
7974,197,0
7974,198,0
7974,200,0
7974,201,1
7974,202,0
7974,203,0
7978,1,1
7978,2,0
7978,3,1
7978,5,1
7978,6,1
7978,7,1
7978,56,1
7978,57,1
7978,59,1
7978,60,1
7978,61,1
7978,63,1
7978,64,1
7978,65,1
7978,66,1
7978,67,1
7978,72,1
7978,73,1
7978,74,1
7978,82,1
7978,83,1
7978,84,1
7978,86,1
7978,87,1
7978,88,1
7978,90,1
7978,91,1
7978,92,1
7978,93,1
7978,147,1
7978,148,0
7978,149,0
7978,150,0
7978,194,0
7978,196,0
7978,197,0
7978,198,0
7978,200,0
7978,201,1
7978,202,0
7978,203,0
7984,1,1
7984,2,0
7984,3,1
7984,5,1
7984,6,1
7984,7,1
7984,29,1
7984,32,0
7984,33,0
7984,34,0
7984,35,0
7984,36,0
7984,37,0
7984,39,0
7984,40,0
7984,41,0
7984,56,0
7984,57,1
7984,59,1
7984,60,1
7984,61,1
7984,63,1
7984,64,1
7984,65,1
7984,66,1
7984,67,1
7984,72,1
7984,73,1
7984,74,1
7984,82,1
7984,83,1
7984,84,1
7984,86,1
7984,87,1
7984,88,1
7984,90,1
7984,91,1
7984,92,1
7984,93,1
7984,147,1
7984,148,0
7984,149,0
7984,150,0
7984,194,0
7984,196,0
7984,197,0
7984,198,0
7984,200,0
7984,201,0
7984,202,0
7984,203,0
7988,1,1
7988,2,0
7988,3,1
7988,5,1
7988,6,1
7988,7,1
7988,9,1
7988,10,0
7988,11,0
7988,12,0
7988,29,1
7988,30,0
7988,31,1
7988,32,0
7988,33,0
7988,34,0
7988,35,0
7988,36,0
7988,37,0
7988,39,0
7988,40,0
7988,41,0
7988,49,1
7988,50,1
7988,52,1
7988,53,1
7988,54,1
7988,56,1
7988,57,1
7988,59,1
7988,60,1
7988,61,1
7988,63,1
7988,64,1
7988,65,1
7988,66,1
7988,67,1
7988,72,0
7988,73,1
7988,74,1
7988,82,1
7988,83,1
7988,84,1
7988,86,1
7988,87,1
7988,88,1
7988,90,1
7988,91,1
7988,92,1
7988,93,1
7988,147,1
7988,148,0
7988,149,0
7988,150,0
7988,194,0
7988,196,0
7988,197,0
7988,198,0
7988,200,0
7988,201,0
7988,202,0
7988,203,0
7992,1,1
7992,5,1
7992,6,1
7992,7,1
7992,72,1
7992,73,1
7992,74,1
7992,82,1
7992,83,1
7992,84,1
7992,90,1
7992,91,1
7992,92,1
7992,93,1
7992,147,1
7992,148,0
7992,149,0
7992,150,0
7992,194,0
7992,196,0
7992,197,0
7992,198,0
7992,200,0
7992,201,1
7992,202,0
7992,203,0
7998,1,1
7998,2,0
7998,3,1
7998,5,1
7998,6,1
7998,7,1
7998,29,1
7998,32,0
7998,33,0
7998,34,0
7998,35,0
7998,36,0
7998,37,0
7998,39,0
7998,40,0
7998,41,0
7998,56,1
7998,57,1
7998,59,1
7998,60,1
7998,61,1
7998,63,1
7998,64,1
7998,65,1
7998,66,1
7998,67,1
7998,72,1
7998,73,1
7998,74,1
7998,82,1
7998,83,1
7998,84,1
7998,86,1
7998,87,1
7998,88,1
7998,90,1
7998,91,1
7998,92,1
7998,93,1
7998,147,1
7998,148,0
7998,149,0
7998,150,0
7998,194,0
7998,196,0
7998,197,0
7998,198,0
7998,200,0
7998,201,1
7998,202,0
7998,203,0
8002,1,1
8002,2,0
8002,3,1
8002,5,1
8002,6,1
8002,7,1
8002,9,1
8002,10,0
8002,11,0
8002,12,0
8002,29,0
8002,30,0
8002,31,0
8002,32,1
8002,33,1
8002,34,0
8002,35,0
8002,36,0
8002,37,0
8002,39,0
8002,40,0
8002,41,0
8002,49,1
8002,50,1
8002,52,1
8002,53,1
8002,54,1
8002,56,1
8002,57,1
8002,59,1
8002,60,1
8002,61,1
8002,63,1
8002,64,1
8002,65,1
8002,66,1
8002,67,1
8002,72,0
8002,73,1
8002,74,1
8002,82,1
8002,83,1
8002,84,1
8002,86,1
8002,87,1
8002,88,1
8002,90,1
8002,91,1
8002,92,1
8002,93,1
8002,147,1
8002,148,0
8002,149,0
8002,150,0
8002,194,0
8002,196,0
8002,197,0
8002,198,0
8002,200,0
8002,201,1
8002,202,0
8002,203,0
8004,1,1
8004,2,0
8004,3,1
8004,5,1
8004,6,1
8004,7,1
8004,49,1
8004,50,1
8004,52,1
8004,53,1
8004,54,1
8004,56,1
8004,57,1
8004,59,1
8004,60,1
8004,61,1
8004,63,1
8004,64,1
8004,65,1
8004,66,1
8004,67,1
8004,72,1
8004,73,1
8004,74,1
8004,82,1
8004,83,1
8004,84,1
8004,86,1
8004,87,1
8004,88,1
8004,90,1
8004,91,1
8004,92,1
8004,93,1
8004,147,1
8004,148,0
8004,149,0
8004,150,0
8004,194,0
8004,196,1
8004,197,0
8004,198,0
8004,200,0
8004,201,1
8004,202,0
8004,203,0
8011,1,1
8011,2,0
8011,3,1
8011,5,1
8011,6,1
8011,7,1
8011,29,1
8011,30,1
8011,31,0
8011,32,0
8011,33,0
8011,34,0
8011,35,0
8011,36,0
8011,37,0
8011,39,0
8011,40,0
8011,41,0
8011,49,1
8011,50,1
8011,52,1
8011,53,1
8011,54,1
8011,56,1
8011,57,1
8011,59,1
8011,60,1
8011,61,1
8011,63,1
8011,64,1
8011,65,1
8011,66,1
8011,67,1
8011,72,1
8011,73,1
8011,74,1
8011,82,1
8011,83,1
8011,84,1
8011,86,1
8011,87,1
8011,88,1
8011,90,1
8011,91,1
8011,92,1
8011,93,1
8011,147,1
8011,148,0
8011,149,0
8011,150,0
8011,194,0
8011,196,0
8011,197,0
8011,198,0
8011,200,0
8011,201,0
8011,202,0
8011,203,0
8014,1,1
8014,2,1
8014,3,0
8014,5,1
8014,6,1
8014,7,1
8014,49,0
8014,50,0
8014,52,0
8014,53,0
8014,54,1
8014,56,0
8014,57,0
8014,59,1
8014,60,1
8014,61,1
8014,63,1
8014,64,1
8014,65,1
8014,66,1
8014,67,1
8014,72,1
8014,73,1
8014,74,1
8014,82,1
8014,83,1
8014,84,1
8014,86,1
8014,87,1
8014,88,1
8014,90,1
8014,91,1
8014,92,1
8014,93,0
8014,147,1
8014,148,0
8014,149,0
8014,150,0
8014,194,0
8014,196,0
8014,197,0
8014,198,0
8014,200,0
8014,201,0
8014,202,0
8014,203,0
8016,1,1
8016,2,0
8016,3,1
8016,5,1
8016,6,1
8016,7,1
8016,72,1
8016,73,1
8016,74,1
8016,82,1
8016,83,1
8016,84,1
8016,90,1
8016,91,1
8016,92,1
8016,93,1
8016,147,1
8016,148,0
8016,149,0
8016,150,0
8016,194,0
8016,196,0
8016,197,0
8016,198,0
8016,200,0
8016,201,0
8016,202,0
8016,203,0
8023,1,1
8023,2,0
8023,3,1
8023,5,1
8023,6,1
8023,7,1
8023,49,1
8023,50,1
8023,52,1
8023,53,1
8023,54,1
8023,56,1
8023,57,1
8023,59,1
8023,60,1
8023,61,1
8023,63,1
8023,64,1
8023,65,1
8023,66,1
8023,67,1
8023,72,0
8023,73,1
8023,74,1
8023,82,1
8023,83,1
8023,84,1
8023,86,1
8023,87,1
8023,88,1
8023,90,1
8023,91,1
8023,92,1
8023,93,1
8023,147,1
8023,148,0
8023,149,0
8023,150,0
8023,194,0
8023,196,0
8023,197,0
8023,198,0
8023,200,0
8023,201,1
8023,202,0
8023,203,0
8024,1,1
8024,2,0
8024,3,1
8024,5,1
8024,6,1
8024,7,1
8024,29,1
8024,30,0
8024,31,1
8024,32,0
8024,33,0
8024,34,0
8024,35,0
8024,36,0
8024,37,0
8024,39,0
8024,40,0
8024,41,0
8024,49,1
8024,50,1
8024,52,1
8024,53,1
8024,54,1
8024,56,1
8024,57,1
8024,59,1
8024,60,1
8024,61,1
8024,63,1
8024,64,1
8024,65,1
8024,66,1
8024,67,1
8024,72,0
8024,73,1
8024,74,1
8024,82,1
8024,83,1
8024,84,1
8024,86,1
8024,87,1
8024,88,1
8024,90,1
8024,91,1
8024,92,1
8024,93,0
8024,147,1
8024,148,0
8024,149,0
8024,150,0
8024,194,0
8024,196,0
8024,197,0
8024,198,0
8024,200,0
8024,201,1
8024,202,1
8024,203,0
8025,1,1
8025,2,0
8025,3,1
8025,5,1
8025,6,1
8025,7,1
8025,9,0
8025,10,0
8025,11,0
8025,12,0
8025,29,0
8025,30,0
8025,31,0
8025,32,0
8025,33,0
8025,34,0
8025,35,0
8025,36,0
8025,37,0
8025,39,1
8025,49,1
8025,50,1
8025,52,1
8025,53,1
8025,54,1
8025,56,1
8025,57,1
8025,59,1
8025,60,1
8025,61,1
8025,63,1
8025,64,1
8025,65,1
8025,66,1
8025,67,1
8025,72,0
8025,73,1
8025,74,1
8025,82,1
8025,83,1
8025,84,0
8025,86,1
8025,87,1
8025,88,1
8025,90,1
8025,91,1
8025,92,1
8025,93,1
8025,147,1
8025,148,0
8025,149,0
8025,150,0
8025,194,0
8025,196,1
8025,197,0
8025,198,0
8025,200,0
8025,201,1
8025,202,1
8025,203,0
8026,1,1
8026,2,0
8026,3,1
8026,5,1
8026,6,1
8026,7,1
8026,72,1
8026,73,1
8026,74,1
8026,82,1
8026,83,1
8026,84,1
8026,86,1
8026,87,1
8026,88,1
8026,90,1
8026,91,1
8026,92,1
8026,93,1
8026,147,1
8026,148,0
8026,149,0
8026,150,0
8026,194,0
8026,196,0
8026,197,0
8026,198,0
8026,200,0
8026,201,1
8026,202,0
8026,203,0
8028,1,1
8028,2,0
8028,3,1
8028,5,1
8028,6,1
8028,7,1
8028,49,1
8028,50,1
8028,52,1
8028,53,1
8028,54,1
8028,56,1
8028,57,1
8028,59,1
8028,60,1
8028,61,1
8028,63,1
8028,64,1
8028,65,1
8028,66,1
8028,67,1
8028,72,1
8028,73,1
8028,74,1
8028,82,1
8028,83,1
8028,84,1
8028,86,1
8028,87,1
8028,88,1
8028,90,1
8028,91,1
8028,92,1
8028,93,1
8028,147,1
8028,148,0
8028,149,0
8028,150,0
8028,194,0
8028,196,0
8028,197,0
8028,198,0
8028,200,0
8028,201,1
8028,202,0
8028,203,0
8031,1,1
8031,2,0
8031,3,1
8031,5,1
8031,6,1
8031,7,1
8031,56,1
8031,57,1
8031,59,1
8031,60,1
8031,61,1
8031,63,1
8031,64,1
8031,65,1
8031,66,1
8031,67,1
8031,72,1
8031,73,1
8031,74,1
8031,82,1
8031,83,1
8031,84,1
8031,86,1
8031,87,1
8031,88,1
8031,90,1
8031,91,1
8031,92,1
8031,93,1
8031,147,1
8031,148,0
8031,149,0
8031,150,0
8031,194,0
8031,196,0
8031,197,0
8031,198,0
8031,200,0
8031,201,1
8031,202,0
8031,203,0
8035,1,1
8035,2,0
8035,3,1
8035,5,1
8035,6,1
8035,7,1
8035,49,0
8035,50,0
8035,52,1
8035,53,1
8035,54,1
8035,56,1
8035,57,1
8035,59,1
8035,60,1
8035,61,1
8035,63,1
8035,64,1
8035,65,1
8035,66,1
8035,67,1
8035,72,1
8035,73,1
8035,74,1
8035,82,1
8035,83,1
8035,84,1
8035,86,1
8035,87,1
8035,88,1
8035,90,1
8035,91,1
8035,92,1
8035,93,1
8035,147,1
8035,148,0
8035,149,0
8035,150,0
8035,194,0
8035,196,0
8035,197,0
8035,198,0
8035,200,0
8035,201,1
8035,202,0
8035,203,0
8042,1,1
8042,2,0
8042,3,1
8042,5,1
8042,6,1
8042,7,1
8042,29,1
8042,30,0
8042,31,1
8042,32,0
8042,33,0
8042,34,0
8042,35,0
8042,36,0
8042,37,0
8042,39,0
8042,40,0
8042,41,0
8042,49,1
8042,50,1
8042,52,1
8042,53,1
8042,54,1
8042,56,1
8042,57,1
8042,59,1
8042,60,1
8042,61,1
8042,63,1
8042,64,1
8042,65,1
8042,66,1
8042,67,1
8042,72,1
8042,73,1
8042,74,1
8042,82,1
8042,83,1
8042,84,1
8042,86,1
8042,87,1
8042,88,1
8042,90,1
8042,91,1
8042,92,1
8042,93,1
8042,147,1
8042,148,0
8042,149,0
8042,150,0
8042,194,0
8042,196,0
8042,197,0
8042,198,0
8042,200,0
8042,201,1
8042,202,0
8042,203,0
8044,1,1
8044,2,0
8044,3,1
8044,5,1
8044,6,1
8044,7,1
8044,49,1
8044,50,1
8044,52,1
8044,53,1
8044,54,1
8044,56,1
8044,57,1
8044,59,1
8044,60,1
8044,61,1
8044,63,1
8044,64,1
8044,65,1
8044,66,1
8044,67,1
8044,72,1
8044,73,1
8044,74,1
8044,82,1
8044,83,1
8044,84,1
8044,86,1
8044,87,1
8044,88,1
8044,90,1
8044,91,1
8044,92,1
8044,93,1
8044,147,1
8044,148,0
8044,149,0
8044,150,0
8044,194,0
8044,196,0
8044,197,0
8044,198,0
8044,200,0
8044,201,1
8044,202,0
8044,203,0
8045,1,1
8045,2,0
8045,3,1
8045,5,1
8045,6,1
8045,7,1
8045,29,1
8045,32,0
8045,33,0
8045,34,0
8045,35,0
8045,36,0
8045,37,0
8045,39,0
8045,40,0
8045,41,0
8045,49,1
8045,50,1
8045,52,1
8045,53,1
8045,54,1
8045,56,1
8045,57,1
8045,59,1
8045,60,1
8045,61,1
8045,63,1
8045,64,1
8045,65,1
8045,66,1
8045,67,1
8045,72,1
8045,73,1
8045,74,1
8045,82,1
8045,83,1
8045,84,1
8045,86,1
8045,87,1
8045,88,1
8045,90,1
8045,91,1
8045,92,1
8045,93,1
8045,147,1
8045,148,0
8045,149,0
8045,150,0
8045,194,0
8045,196,0
8045,197,0
8045,198,0
8045,200,0
8045,201,0
8045,202,0
8045,203,0
8086,1,1
8086,2,0
8086,3,1
8086,5,1
8086,6,1
8086,7,1
8086,29,1
8086,30,1
8086,31,0
8086,32,0
8086,33,0
8086,34,0
8086,35,0
8086,36,0
8086,37,0
8086,39,0
8086,40,0
8086,41,0
8086,49,1
8086,50,1
8086,52,1
8086,53,1
8086,54,1
8086,56,1
8086,57,1
8086,59,1
8086,60,1
8086,61,1
8086,63,1
8086,64,1
8086,65,1
8086,66,1
8086,67,1
8086,72,1
8086,73,1
8086,74,1
8086,82,1
8086,83,1
8086,84,1
8086,86,1
8086,87,1
8086,88,1
8086,90,1
8086,91,1
8086,92,1
8086,93,1
8086,147,1
8086,148,0
8086,149,0
8086,150,0
8086,194,0
8086,196,0
8086,197,0
8086,198,0
8086,200,0
8086,201,1
8086,202,0
8086,203,0
8310,1,1
8310,2,0
8310,3,1
8310,5,1
8310,6,1
8310,7,1
8310,29,1
8310,30,1
8310,31,0
8310,32,0
8310,33,0
8310,34,0
8310,35,0
8310,36,0
8310,37,0
8310,39,0
8310,40,0
8310,41,0
8310,72,1
8310,73,1
8310,74,1
8310,82,1
8310,83,1
8310,84,1
8310,86,1
8310,87,1
8310,88,1
8310,90,1
8310,91,1
8310,92,1
8310,93,1
8310,147,1
8310,148,0
8310,149,0
8310,150,0
8310,194,0
8310,196,0
8310,197,0
8310,198,0
8310,200,0
8310,201,0
8310,202,0
8310,203,0
8313,1,1
8313,2,0
8313,3,1
8313,5,1
8313,6,1
8313,7,1
8313,29,1
8313,30,1
8313,31,0
8313,32,0
8313,33,0
8313,34,0
8313,35,0
8313,36,0
8313,37,0
8313,39,0
8313,40,0
8313,41,0
8313,72,1
8313,73,1
8313,74,1
8313,82,1
8313,83,1
8313,84,1
8313,86,1
8313,87,1
8313,88,1
8313,90,1
8313,91,1
8313,92,1
8313,93,1
8313,147,1
8313,148,0
8313,149,0
8313,150,0
8313,194,0
8313,196,0
8313,197,0
8313,198,0
8313,200,0
8313,201,0
8313,202,0
8313,203,0
8314,1,1
8314,2,0
8314,3,1
8314,5,1
8314,6,1
8314,7,1
8314,29,1
8314,30,1
8314,31,0
8314,32,0
8314,33,0
8314,34,0
8314,35,0
8314,36,0
8314,37,0
8314,39,0
8314,40,0
8314,41,0
8314,49,1
8314,50,1
8314,52,1
8314,53,1
8314,54,1
8314,56,1
8314,57,1
8314,59,1
8314,60,1
8314,61,1
8314,63,1
8314,64,1
8314,65,1
8314,66,1
8314,67,1
8314,72,1
8314,73,1
8314,74,1
8314,82,1
8314,83,1
8314,84,1
8314,86,1
8314,87,1
8314,88,1
8314,90,1
8314,91,1
8314,92,1
8314,93,1
8314,147,1
8314,148,0
8314,149,0
8314,150,0
8314,194,0
8314,196,0
8314,197,0
8314,198,0
8314,200,0
8314,201,1
8314,202,0
8314,203,0
8316,1,1
8316,2,0
8316,3,1
8316,5,1
8316,6,1
8316,7,1
8316,49,1
8316,50,1
8316,52,1
8316,53,1
8316,54,1
8316,56,1
8316,57,1
8316,59,1
8316,60,1
8316,61,1
8316,63,1
8316,64,1
8316,65,1
8316,66,1
8316,67,1
8316,72,1
8316,73,1
8316,74,1
8316,82,1
8316,83,1
8316,84,1
8316,86,1
8316,87,1
8316,88,1
8316,90,1
8316,91,1
8316,92,1
8316,93,1
8316,147,1
8316,148,0
8316,149,0
8316,150,0
8316,194,0
8316,196,0
8316,197,0
8316,198,0
8316,200,0
8316,201,1
8316,202,0
8316,203,0
8318,1,1
8318,2,0
8318,3,1
8318,5,1
8318,6,1
8318,7,1
8318,147,1
8318,148,0
8318,149,0
8318,150,0
8318,194,0
8318,196,0
8318,197,0
8318,198,0
8318,200,0
8318,201,1
8318,202,0
8318,203,0
8321,1,1
8321,2,0
8321,3,1
8321,5,1
8321,6,1
8321,7,1
8321,147,1
8321,148,0
8321,149,0
8321,150,0
8321,194,0
8321,196,0
8321,197,0
8321,198,0
8321,200,0
8321,201,1
8321,202,0
8321,203,0
8327,1,1
8327,2,0
8327,3,1
8327,5,1
8327,6,1
8327,7,1
8327,29,1
8327,30,0
8327,31,1
8327,32,0
8327,33,0
8327,34,0
8327,35,0
8327,36,0
8327,37,0
8327,39,0
8327,40,0
8327,41,0
8327,49,1
8327,50,1
8327,52,1
8327,53,1
8327,54,1
8327,56,1
8327,57,1
8327,59,1
8327,60,1
8327,61,1
8327,63,1
8327,64,1
8327,65,1
8327,66,1
8327,67,1
8327,72,1
8327,73,1
8327,74,1
8327,82,1
8327,83,1
8327,84,1
8327,86,1
8327,87,1
8327,88,1
8327,90,1
8327,91,1
8327,92,1
8327,93,1
8327,147,1
8327,148,0
8327,149,0
8327,150,0
8327,194,0
8327,196,0
8327,197,0
8327,198,0
8327,200,0
8327,201,0
8327,202,0
8327,203,0
8338,1,1
8338,2,0
8338,3,1
8338,5,1
8338,6,1
8338,7,1
8338,9,1
8338,10,0
8338,11,0
8338,12,0
8338,29,1
8338,30,0
8338,31,1
8338,32,0
8338,33,0
8338,34,0
8338,35,0
8338,36,0
8338,37,0
8338,39,0
8338,40,0
8338,41,0
8338,49,1
8338,50,1
8338,52,1
8338,53,1
8338,54,1
8338,56,1
8338,57,1
8338,59,1
8338,60,1
8338,61,1
8338,63,1
8338,64,1
8338,65,1
8338,66,1
8338,67,1
8338,72,1
8338,73,1
8338,74,1
8338,82,1
8338,83,1
8338,84,1
8338,86,1
8338,87,1
8338,88,1
8338,90,1
8338,91,1
8338,92,0
8338,93,0
8338,147,1
8338,148,0
8338,149,0
8338,150,0
8338,194,0
8338,196,0
8338,197,0
8338,198,0
8338,200,0
8338,201,1
8338,202,0
8338,203,0
8346,1,1
8346,2,0
8346,3,1
8346,5,1
8346,6,1
8346,7,1
8346,49,1
8346,50,1
8346,52,1
8346,53,1
8346,54,1
8346,56,1
8346,57,1
8346,59,1
8346,60,1
8346,61,1
8346,63,1
8346,64,1
8346,65,1
8346,66,1
8346,67,1
8346,72,1
8346,73,1
8346,74,1
8346,82,1
8346,83,1
8346,84,1
8346,86,1
8346,87,1
8346,88,1
8346,90,1
8346,91,1
8346,92,1
8346,93,1
8346,147,1
8346,148,0
8346,149,0
8346,150,0
8346,194,0
8346,196,0
8346,197,0
8346,198,0
8346,200,0
8346,201,1
8346,202,0
8346,203,0
8351,1,1
8351,2,0
8351,3,1
8351,5,1
8351,6,1
8351,7,1
8351,49,1
8351,50,1
8351,52,1
8351,53,1
8351,54,1
8351,56,1
8351,57,1
8351,59,1
8351,60,1
8351,61,1
8351,63,1
8351,64,1
8351,65,1
8351,66,1
8351,67,1
8351,72,1
8351,73,1
8351,74,1
8351,82,1
8351,83,1
8351,84,1
8351,86,1
8351,87,1
8351,88,1
8351,90,1
8351,91,1
8351,92,1
8351,93,1
8351,147,1
8351,148,0
8351,149,0
8351,150,0
8351,194,0
8351,196,0
8351,197,0
8351,198,0
8351,200,0
8351,201,0
8351,202,0
8351,203,0
8352,1,1
8352,5,1
8352,6,1
8352,7,1
8352,49,1
8352,50,1
8352,52,1
8352,53,1
8352,54,1
8352,56,1
8352,57,1
8352,59,1
8352,60,1
8352,61,1
8352,63,1
8352,64,1
8352,65,1
8352,66,1
8352,67,1
8352,72,1
8352,73,1
8352,74,1
8352,82,1
8352,83,1
8352,84,1
8352,86,1
8352,87,1
8352,88,1
8352,90,1
8352,91,1
8352,92,1
8352,93,1
8352,147,1
8352,148,0
8352,149,0
8352,150,0
8352,194,0
8352,196,0
8352,197,0
8352,198,0
8352,200,0
8352,201,0
8352,202,0
8352,203,0
8353,1,1
8353,2,0
8353,3,1
8353,5,1
8353,6,1
8353,7,1
8353,72,1
8353,73,1
8353,74,1
8353,82,1
8353,83,1
8353,84,1
8353,90,1
8353,91,1
8353,92,1
8353,93,1
8353,147,1
8353,148,0
8353,149,0
8353,150,0
8353,194,0
8353,196,0
8353,197,0
8353,198,0
8353,200,0
8353,201,1
8353,202,0
8353,203,0
8354,1,1
8354,2,0
8354,3,1
8354,5,1
8354,6,1
8354,7,1
8354,56,1
8354,57,1
8354,59,1
8354,60,1
8354,61,1
8354,63,1
8354,64,1
8354,65,1
8354,66,1
8354,67,1
8354,72,1
8354,73,1
8354,74,1
8354,82,1
8354,83,1
8354,84,1
8354,86,1
8354,87,1
8354,88,1
8354,90,1
8354,91,1
8354,92,1
8354,93,1
8354,147,1
8354,148,0
8354,149,0
8354,150,0
8354,194,0
8354,196,0
8354,197,0
8354,198,0
8354,200,0
8354,201,0
8354,202,0
8354,203,0
8362,1,1
8362,2,1
8362,3,0
8362,5,1
8362,6,1
8362,7,1
8362,56,1
8362,57,1
8362,59,1
8362,60,1
8362,61,1
8362,63,1
8362,64,1
8362,65,1
8362,66,1
8362,67,1
8362,72,1
8362,73,1
8362,74,1
8362,82,1
8362,83,1
8362,84,1
8362,86,1
8362,87,1
8362,88,1
8362,90,1
8362,91,1
8362,92,1
8362,93,0
8362,147,1
8362,148,0
8362,149,0
8362,150,0
8362,194,0
8362,196,0
8362,197,0
8362,198,0
8362,200,0
8362,201,1
8362,202,0
8362,203,0
8372,1,1
8372,2,0
8372,3,1
8372,5,1
8372,6,1
8372,7,1
8372,49,1
8372,50,1
8372,52,1
8372,53,1
8372,54,1
8372,56,1
8372,57,1
8372,59,1
8372,60,1
8372,61,1
8372,72,1
8372,73,1
8372,74,1
8372,82,1
8372,83,1
8372,84,1
8372,86,1
8372,87,1
8372,88,1
8372,90,1
8372,91,1
8372,92,1
8372,93,1
8372,147,1
8372,148,0
8372,149,0
8372,150,0
8372,194,0
8372,196,0
8372,197,0
8372,198,0
8372,200,0
8372,201,0
8372,202,0
8372,203,0
8374,1,1
8374,2,0
8374,3,1
8374,5,1
8374,6,1
8374,7,1
8374,29,1
8374,32,0
8374,33,0
8374,34,0
8374,35,0
8374,36,0
8374,37,0
8374,39,0
8374,40,0
8374,41,0
8374,147,1
8374,148,0
8374,149,0
8374,150,0
8374,194,0
8374,196,0
8374,197,0
8374,198,0
8374,200,0
8374,201,1
8374,202,0
8374,203,0
8375,1,1
8375,2,0
8375,3,1
8375,5,1
8375,6,1
8375,7,1
8375,9,0
8375,10,1
8375,11,0
8375,12,0
8375,29,0
8375,30,0
8375,31,0
8375,32,0
8375,33,0
8375,34,0
8375,35,0
8375,36,0
8375,37,0
8375,39,1
8375,147,1
8375,148,0
8375,149,0
8375,150,0
8375,194,0
8375,196,0
8375,197,0
8375,198,0
8375,200,0
8375,201,0
8375,202,0
8375,203,0
8384,1,1
8384,2,1
8384,3,0
8384,5,1
8384,6,1
8384,7,1
8384,49,1
8384,50,1
8384,52,1
8384,53,1
8384,54,1
8384,56,0
8384,57,1
8384,59,1
8384,60,1
8384,61,1
8384,63,1
8384,64,1
8384,65,1
8384,66,1
8384,67,1
8384,72,1
8384,73,1
8384,74,1
8384,82,1
8384,83,1
8384,84,1
8384,86,1
8384,87,1
8384,88,1
8384,90,1
8384,91,1
8384,92,1
8384,93,0
8384,147,1
8384,148,0
8384,149,0
8384,150,0
8384,194,1
8384,196,0
8384,197,0
8384,198,0
8384,200,0
8384,201,1
8384,202,0
8384,203,0
8385,1,1
8385,2,0
8385,3,1
8385,5,1
8385,6,1
8385,7,1
8385,9,0
8385,10,0
8385,11,0
8385,12,1
8385,29,0
8385,30,0
8385,31,0
8385,32,0
8385,33,0
8385,34,0
8385,35,1
8385,36,1
8385,37,0
8385,39,0
8385,40,0
8385,41,0
8385,49,1
8385,50,1
8385,52,1
8385,53,1
8385,54,1
8385,56,1
8385,57,1
8385,59,1
8385,60,1
8385,61,1
8385,63,1
8385,64,1
8385,65,1
8385,66,1
8385,67,1
8385,72,1
8385,73,1
8385,74,1
8385,82,1
8385,83,1
8385,84,1
8385,86,1
8385,87,1
8385,88,1
8385,90,1
8385,91,1
8385,92,1
8385,93,1
8385,147,1
8385,148,0
8385,149,0
8385,150,0
8385,194,0
8385,196,0
8385,197,0
8385,198,0
8385,200,0
8385,201,1
8385,202,0
8385,203,0
8390,1,1
8390,2,1
8390,3,0
8390,5,1
8390,6,1
8390,7,1
8390,9,0
8390,10,1
8390,11,0
8390,12,0
8390,29,0
8390,30,0
8390,31,0
8390,32,1
8390,33,0
8390,34,1
8390,35,0
8390,36,0
8390,37,0
8390,39,0
8390,40,0
8390,41,0
8390,49,1
8390,50,1
8390,52,1
8390,53,1
8390,54,1
8390,56,1
8390,57,1
8390,59,1
8390,60,1
8390,61,1
8390,63,1
8390,64,1
8390,65,1
8390,66,1
8390,67,1
8390,72,1
8390,73,1
8390,74,1
8390,82,1
8390,83,1
8390,84,1
8390,86,1
8390,87,1
8390,88,1
8390,90,1
8390,91,1
8390,92,1
8390,93,0
8390,147,0
8390,148,1
8390,149,0
8390,150,0
8390,152,1
8390,153,1
8390,154,1
8390,155,0
8390,157,0
8390,159,0
8390,160,0
8390,164,0
8390,170,0
8390,171,0
8390,172,0
8390,173,0
8390,174,0
8390,175,0
8390,176,0
8390,177,0
8390,178,0
8390,181,0
8390,182,0
8390,183,0
8390,184,0
8390,194,0
8390,196,0
8390,197,0
8390,198,0
8390,200,0
8390,201,0
8390,202,0
8390,203,0
8395,1,1
8395,2,0
8395,3,1
8395,5,1
8395,6,1
8395,7,1
8395,9,0
8395,10,0
8395,11,1
8395,12,0
8395,29,0
8395,30,0
8395,31,0
8395,32,0
8395,33,0
8395,34,0
8395,35,0
8395,36,0
8395,37,0
8395,39,1
8395,49,1
8395,50,1
8395,52,1
8395,53,1
8395,54,1
8395,56,1
8395,57,1
8395,59,1
8395,60,1
8395,61,1
8395,63,1
8395,64,1
8395,65,1
8395,66,1
8395,67,1
8395,72,1
8395,73,1
8395,74,1
8395,82,1
8395,83,1
8395,84,1
8395,86,1
8395,87,1
8395,88,1
8395,90,1
8395,91,1
8395,92,1
8395,93,1
8395,147,1
8395,148,0
8395,149,0
8395,150,0
8395,194,1
8395,196,1
8395,197,0
8395,198,0
8395,200,0
8395,201,1
8395,202,0
8395,203,0
8397,1,1
8397,5,1
8397,6,1
8397,7,1
8397,49,0
8397,50,1
8397,52,1
8397,53,1
8397,54,1
8397,56,1
8397,57,1
8397,59,1
8397,60,1
8397,61,1
8397,63,0
8397,64,1
8397,65,1
8397,66,1
8397,67,1
8397,72,1
8397,73,1
8397,74,1
8397,82,1
8397,83,1
8397,84,1
8397,86,1
8397,87,1
8397,88,1
8397,90,1
8397,91,1
8397,92,1
8397,93,1
8397,147,1
8397,148,0
8397,149,0
8397,150,0
8397,194,0
8397,196,0
8397,197,0
8397,198,0
8397,200,0
8397,201,0
8397,202,0
8397,203,0
8405,1,1
8405,2,1
8405,3,0
8405,5,1
8405,6,1
8405,7,1
8405,49,1
8405,50,1
8405,52,1
8405,53,1
8405,54,1
8405,56,1
8405,57,1
8405,59,1
8405,60,1
8405,61,1
8405,63,1
8405,64,1
8405,65,1
8405,66,1
8405,67,1
8405,72,0
8405,73,1
8405,74,1
8405,82,1
8405,83,1
8405,84,1
8405,86,1
8405,87,1
8405,88,1
8405,90,1
8405,91,1
8405,92,1
8405,93,0
8405,147,1
8405,148,0
8405,149,0
8405,150,0
8405,194,0
8405,196,0
8405,197,0
8405,198,0
8405,200,0
8405,201,0
8405,202,0
8405,203,0
8406,1,1
8406,2,1
8406,3,0
8406,5,1
8406,6,1
8406,7,1
8406,9,0
8406,10,1
8406,11,0
8406,12,0
8406,29,0
8406,30,0
8406,31,0
8406,32,0
8406,33,0
8406,34,0
8406,35,1
8406,36,1
8406,37,0
8406,39,0
8406,40,0
8406,41,0
8406,72,1
8406,73,1
8406,74,1
8406,82,1
8406,83,1
8406,84,1
8406,86,1
8406,87,1
8406,88,1
8406,90,0
8406,91,0
8406,92,0
8406,93,0
8406,147,0
8406,148,0
8406,149,1
8406,150,0
8406,152,1
8406,153,1
8406,154,1
8406,155,0
8406,157,1
8406,159,0
8406,160,0
8406,164,0
8406,170,0
8406,171,0
8406,172,0
8406,173,0
8406,174,0
8406,175,0
8406,176,0
8406,177,0
8406,178,0
8406,181,0
8406,182,0
8406,183,0
8406,184,0
8406,194,0
8406,196,0
8406,197,0
8406,198,0
8406,200,0
8406,201,1
8406,202,0
8406,203,0
8410,1,1
8410,2,0
8410,3,1
8410,5,1
8410,6,1
8410,7,1
8410,9,1
8410,10,0
8410,11,0
8410,12,0
8410,49,1
8410,50,1
8410,52,1
8410,53,1
8410,54,1
8410,56,1
8410,57,1
8410,59,1
8410,60,1
8410,61,1
8410,63,1
8410,64,1
8410,65,1
8410,66,1
8410,67,1
8410,72,1
8410,73,1
8410,74,1
8410,82,1
8410,83,1
8410,84,1
8410,86,1
8410,87,1
8410,88,1
8410,90,1
8410,91,1
8410,92,1
8410,93,1
8410,147,1
8410,148,0
8410,149,0
8410,150,0
8410,194,0
8410,196,0
8410,197,0
8410,198,0
8410,200,0
8410,201,1
8410,202,0
8410,203,0
8412,1,1
8412,2,0
8412,3,1
8412,5,1
8412,6,1
8412,7,1
8412,49,1
8412,50,1
8412,52,1
8412,53,1
8412,54,1
8412,56,1
8412,57,1
8412,59,1
8412,60,1
8412,61,1
8412,63,1
8412,64,1
8412,65,1
8412,66,1
8412,67,1
8412,72,1
8412,73,1
8412,74,1
8412,82,1
8412,83,1
8412,84,1
8412,86,1
8412,87,1
8412,88,1
8412,90,1
8412,91,1
8412,92,1
8412,93,1
8412,147,1
8412,148,0
8412,149,0
8412,150,0
8412,194,0
8412,196,0
8412,197,0
8412,198,0
8412,200,0
8412,201,1
8412,202,0
8412,203,0
8565,1,1
8565,2,0
8565,3,1
8565,5,1
8565,6,1
8565,7,1
8565,72,1
8565,73,1
8565,74,1
8565,82,1
8565,83,1
8565,84,1
8565,86,1
8565,87,1
8565,88,1
8565,90,1
8565,91,1
8565,92,1
8565,93,1
8565,147,1
8565,148,0
8565,149,0
8565,150,0
8565,194,0
8565,196,0
8565,197,0
8565,198,0
8565,200,0
8565,201,1
8565,202,0
8565,203,0
8568,1,1
8568,2,0
8568,3,1
8568,5,1
8568,6,1
8568,7,1
8568,29,0
8568,30,0
8568,31,0
8568,32,0
8568,33,0
8568,34,0
8568,35,0
8568,36,0
8568,37,0
8568,39,1
8568,40,0
8568,41,1
8568,49,1
8568,50,1
8568,52,1
8568,53,1
8568,54,1
8568,56,1
8568,57,1
8568,59,1
8568,60,1
8568,61,1
8568,63,1
8568,64,1
8568,65,1
8568,66,1
8568,67,1
8568,72,1
8568,73,1
8568,74,1
8568,82,1
8568,83,1
8568,84,1
8568,86,1
8568,87,1
8568,88,1
8568,90,1
8568,91,1
8568,92,1
8568,93,1
8568,147,1
8568,148,0
8568,149,0
8568,150,0
8568,194,0
8568,196,0
8568,197,0
8568,198,0
8568,200,0
8568,201,1
8568,202,0
8568,203,0
8569,1,1
8569,2,1
8569,3,0
8569,5,1
8569,6,1
8569,7,1
8569,9,0
8569,10,1
8569,11,0
8569,12,0
8569,49,1
8569,50,1
8569,52,1
8569,53,1
8569,54,1
8569,56,1
8569,57,1
8569,59,1
8569,60,1
8569,61,1
8569,63,0
8569,64,1
8569,65,1
8569,66,1
8569,67,1
8569,72,1
8569,73,1
8569,74,1
8569,82,1
8569,83,1
8569,84,1
8569,86,1
8569,87,1
8569,88,1
8569,90,1
8569,91,1
8569,92,1
8569,93,0
8569,147,1
8569,148,0
8569,149,0
8569,150,0
8569,194,0
8569,196,0
8569,197,0
8569,198,0
8569,200,0
8569,201,1
8569,202,0
8569,203,0
8571,1,1
8571,2,0
8571,3,1
8571,5,1
8571,6,1
8571,7,1
8571,49,1
8571,50,1
8571,52,1
8571,53,1
8571,54,1
8571,56,1
8571,57,1
8571,59,1
8571,60,1
8571,61,1
8571,63,1
8571,64,1
8571,65,1
8571,66,1
8571,67,1
8571,72,1
8571,73,1
8571,74,1
8571,82,1
8571,83,1
8571,84,1
8571,86,1
8571,87,1
8571,88,1
8571,90,1
8571,91,1
8571,92,1
8571,93,1
8571,147,1
8571,148,0
8571,149,0
8571,150,0
8571,194,0
8571,196,0
8571,197,0
8571,198,0
8571,200,0
8571,201,0
8571,202,0
8571,203,0
8572,1,1
8572,2,0
8572,3,1
8572,5,1
8572,6,1
8572,7,1
8572,56,1
8572,57,1
8572,59,1
8572,60,1
8572,61,1
8572,63,1
8572,64,1
8572,65,1
8572,66,1
8572,67,1
8572,72,1
8572,73,1
8572,74,1
8572,82,1
8572,83,1
8572,84,1
8572,86,1
8572,87,1
8572,88,1
8572,90,1
8572,91,1
8572,92,1
8572,93,1
8572,147,1
8572,148,0
8572,149,0
8572,150,0
8572,194,0
8572,196,0
8572,197,0
8572,198,0
8572,200,0
8572,201,0
8572,202,0
8572,203,0
8589,1,1
8589,2,0
8589,3,1
8589,5,1
8589,6,1
8589,7,1
8589,9,0
8589,10,0
8589,11,1
8589,12,0
8589,29,0
8589,30,0
8589,31,0
8589,32,0
8589,33,0
8589,34,0
8589,35,0
8589,36,0
8589,37,0
8589,39,1
8589,49,1
8589,50,1
8589,52,1
8589,53,1
8589,54,1
8589,56,1
8589,57,1
8589,59,1
8589,60,1
8589,61,1
8589,63,1
8589,64,1
8589,65,1
8589,66,1
8589,67,1
8589,72,1
8589,73,1
8589,74,1
8589,82,1
8589,83,1
8589,84,1
8589,86,1
8589,87,1
8589,88,1
8589,90,1
8589,91,1
8589,92,1
8589,93,1
8589,147,0
8589,148,0
8589,149,1
8589,150,0
8589,152,1
8589,153,0
8589,154,0
8589,155,0
8589,157,0
8589,159,0
8589,160,0
8589,164,0
8589,170,1
8589,171,1
8589,172,1
8589,173,0
8589,174,0
8589,175,0
8589,176,0
8589,177,0
8589,178,0
8589,181,0
8589,182,0
8589,183,0
8589,184,0
8589,194,1
8589,196,0
8589,197,0
8589,198,1
8589,200,0
8589,201,1
8589,202,0
8589,203,0
8590,1,1
8590,2,0
8590,3,1
8590,5,1
8590,6,1
8590,7,1
8590,49,0
8590,50,1
8590,52,1
8590,53,1
8590,54,1
8590,56,1
8590,57,1
8590,59,1
8590,60,1
8590,61,1
8590,63,1
8590,64,1
8590,65,1
8590,66,1
8590,67,1
8590,72,1
8590,73,1
8590,74,1
8590,82,1
8590,83,1
8590,84,1
8590,86,1
8590,87,1
8590,88,1
8590,90,1
8590,91,0
8590,92,0
8590,93,0
8590,147,1
8590,148,0
8590,149,0
8590,150,0
8590,194,0
8590,196,0
8590,197,0
8590,198,0
8590,200,0
8590,201,0
8590,202,0
8590,203,0
8593,1,1
8593,2,0
8593,3,1
8593,5,1
8593,6,1
8593,7,1
8593,9,0
8593,10,1
8593,11,0
8593,12,0
8593,29,0
8593,30,0
8593,31,0
8593,32,0
8593,33,0
8593,34,0
8593,35,0
8593,36,0
8593,37,0
8593,39,1
8593,49,1
8593,50,1
8593,52,1
8593,53,1
8593,54,1
8593,56,1
8593,57,1
8593,59,1
8593,60,1
8593,61,1
8593,63,1
8593,64,1
8593,65,1
8593,66,1
8593,67,1
8593,72,1
8593,73,1
8593,74,1
8593,82,1
8593,83,1
8593,84,1
8593,86,1
8593,87,1
8593,88,1
8593,90,1
8593,91,1
8593,92,1
8593,93,1
8593,147,0
8593,148,1
8593,149,0
8593,150,0
8593,152,1
8593,153,0
8593,154,0
8593,155,0
8593,157,0
8593,159,0
8593,160,0
8593,164,0
8593,170,0
8593,171,0
8593,172,0
8593,173,0
8593,174,0
8593,175,0
8593,176,0
8593,177,0
8593,178,0
8593,181,0
8593,182,0
8593,183,0
8593,184,0
8593,194,0
8593,196,0
8593,197,0
8593,198,1
8593,200,0
8593,201,1
8593,202,0
8593,203,0
8594,1,1
8594,2,0
8594,3,1
8594,5,1
8594,6,1
8594,7,1
8594,9,0
8594,10,1
8594,11,0
8594,12,0
8594,29,0
8594,30,0
8594,31,0
8594,32,0
8594,33,0
8594,34,0
8594,35,0
8594,36,0
8594,37,0
8594,39,1
8594,147,1
8594,148,0
8594,149,0
8594,150,0
8594,194,0
8594,196,0
8594,197,0
8594,198,0
8594,200,0
8594,201,1
8594,202,0
8594,203,0
8599,1,1
8599,5,1
8599,6,1
8599,7,1
8599,29,1
8599,32,0
8599,33,0
8599,34,0
8599,35,0
8599,36,0
8599,37,0
8599,39,0
8599,40,0
8599,41,0
8599,49,1
8599,50,1
8599,52,1
8599,53,1
8599,54,1
8599,56,1
8599,57,1
8599,59,1
8599,60,1
8599,61,1
8599,63,1
8599,64,1
8599,65,1
8599,66,1
8599,67,1
8599,72,1
8599,73,1
8599,74,1
8599,82,1
8599,83,1
8599,84,1
8599,86,1
8599,87,1
8599,88,1
8599,90,1
8599,91,1
8599,92,1
8599,93,1
8599,147,1
8599,148,0
8599,149,0
8599,150,0
8599,194,0
8599,196,0
8599,197,0
8599,198,0
8599,200,0
8599,201,1
8599,202,0
8599,203,0
8604,1,1
8604,2,1
8604,3,0
8604,5,1
8604,6,1
8604,7,1
8604,49,1
8604,50,1
8604,52,1
8604,53,1
8604,54,1
8604,56,1
8604,57,1
8604,59,1
8604,60,1
8604,61,1
8604,63,1
8604,64,1
8604,65,1
8604,66,1
8604,67,1
8604,72,1
8604,73,1
8604,74,1
8604,82,1
8604,83,1
8604,84,1
8604,86,1
8604,87,1
8604,88,1
8604,90,1
8604,91,1
8604,92,1
8604,93,1
8604,147,1
8604,148,0
8604,149,0
8604,150,0
8604,194,0
8604,196,0
8604,197,0
8604,198,0
8604,200,0
8604,201,0
8604,202,0
8604,203,0
8608,1,1
8608,2,0
8608,3,1
8608,5,1
8608,6,1
8608,7,1
8608,29,1
8608,30,0
8608,31,1
8608,32,0
8608,33,0
8608,34,0
8608,35,0
8608,36,0
8608,37,0
8608,39,0
8608,40,0
8608,41,0
8608,72,1
8608,73,1
8608,74,1
8608,82,1
8608,83,1
8608,84,1
8608,86,1
8608,87,1
8608,88,1
8608,90,1
8608,91,1
8608,92,0
8608,93,0
8608,147,1
8608,148,0
8608,149,0
8608,150,0
8608,194,0
8608,196,0
8608,197,0
8608,198,0
8608,200,0
8608,201,0
8608,202,0
8608,203,0
8612,1,1
8612,2,1
8612,3,0
8612,5,1
8612,6,1
8612,7,1
8612,49,1
8612,50,1
8612,52,1
8612,53,1
8612,54,1
8612,56,1
8612,57,1
8612,59,1
8612,60,1
8612,61,1
8612,63,1
8612,64,1
8612,65,1
8612,66,1
8612,67,1
8612,72,1
8612,73,1
8612,74,1
8612,82,1
8612,83,1
8612,84,1
8612,86,1
8612,87,1
8612,88,1
8612,90,1
8612,91,1
8612,92,1
8612,93,1
8612,147,1
8612,148,0
8612,149,0
8612,150,0
8612,194,0
8612,196,0
8612,197,0
8612,198,0
8612,200,0
8612,201,1
8612,202,0
8612,203,0
8613,1,1
8613,2,0
8613,3,1
8613,5,1
8613,6,1
8613,7,1
8613,29,1
8613,32,0
8613,33,0
8613,34,0
8613,35,0
8613,36,0
8613,37,0
8613,39,0
8613,40,0
8613,41,0
8613,49,0
8613,50,1
8613,52,1
8613,53,1
8613,54,1
8613,56,0
8613,57,0
8613,59,1
8613,60,1
8613,61,1
8613,63,1
8613,64,1
8613,65,1
8613,66,1
8613,67,1
8613,72,1
8613,73,1
8613,74,1
8613,82,1
8613,83,1
8613,84,1
8613,86,1
8613,87,1
8613,88,1
8613,90,1
8613,91,1
8613,92,1
8613,93,1
8613,147,1
8613,148,0
8613,149,0
8613,150,0
8613,194,0
8613,196,0
8613,197,0
8613,198,0
8613,200,0
8613,201,1
8613,202,1
8613,203,0
8619,1,1
8619,2,0
8619,3,1
8619,5,1
8619,6,1
8619,7,1
8619,49,1
8619,50,1
8619,52,1
8619,53,1
8619,54,1
8619,56,1
8619,57,1
8619,59,1
8619,60,1
8619,61,1
8619,63,1
8619,64,1
8619,65,1
8619,66,1
8619,67,1
8619,72,1
8619,73,1
8619,74,1
8619,82,1
8619,83,1
8619,84,1
8619,86,1
8619,87,1
8619,88,1
8619,90,1
8619,91,1
8619,92,1
8619,93,0
8619,147,1
8619,148,0
8619,149,0
8619,150,0
8619,194,0
8619,196,0
8619,197,0
8619,198,0
8619,200,0
8619,201,1
8619,202,0
8619,203,0
8625,1,1
8625,2,0
8625,3,1
8625,5,1
8625,6,1
8625,7,1
8625,49,0
8625,50,0
8625,52,1
8625,53,1
8625,54,1
8625,56,0
8625,57,1
8625,59,1
8625,60,1
8625,61,1
8625,63,0
8625,64,1
8625,65,1
8625,66,1
8625,67,1
8625,72,0
8625,73,1
8625,74,1
8625,82,1
8625,83,1
8625,84,1
8625,86,1
8625,87,1
8625,88,1
8625,90,1
8625,91,1
8625,92,1
8625,93,1
8625,147,1
8625,148,0
8625,149,0
8625,150,0
8625,194,0
8625,196,0
8625,197,0
8625,198,0
8625,200,0
8625,201,1
8625,202,0
8625,203,0
8643,1,1
8643,2,0
8643,3,1
8643,5,1
8643,6,1
8643,7,1
8643,9,0
8643,10,0
8643,11,0
8643,12,1
8643,29,0
8643,30,0
8643,31,0
8643,32,0
8643,33,0
8643,34,0
8643,35,0
8643,36,0
8643,37,0
8643,39,1
8643,49,1
8643,50,1
8643,52,1
8643,53,1
8643,54,1
8643,56,1
8643,57,1
8643,59,1
8643,60,1
8643,61,1
8643,63,1
8643,64,1
8643,65,1
8643,66,1
8643,67,1
8643,72,1
8643,73,1
8643,74,1
8643,82,1
8643,83,1
8643,84,1
8643,86,1
8643,87,1
8643,88,1
8643,90,1
8643,91,1
8643,92,1
8643,93,0
8643,147,1
8643,148,0
8643,149,0
8643,150,1
8643,152,1
8643,153,1
8643,154,0
8643,155,1
8643,157,0
8643,159,0
8643,160,0
8643,164,0
8643,170,1
8643,171,0
8643,172,0
8643,173,0
8643,174,0
8643,175,0
8643,176,0
8643,177,0
8643,178,0
8643,181,0
8643,182,0
8643,183,0
8643,184,0
8643,194,1
8643,196,0
8643,197,0
8643,198,0
8643,200,0
8643,201,1
8643,202,0
8643,203,0
8646,1,1
8646,2,1
8646,3,0
8646,5,1
8646,6,1
8646,7,1
8646,29,1
8646,32,0
8646,33,0
8646,34,0
8646,35,0
8646,36,0
8646,37,0
8646,39,0
8646,40,0
8646,41,0
8646,49,1
8646,50,1
8646,52,1
8646,53,1
8646,54,1
8646,56,1
8646,57,1
8646,59,1
8646,60,1
8646,61,1
8646,63,1
8646,64,1
8646,65,1
8646,66,1
8646,67,1
8646,72,1
8646,73,1
8646,74,1
8646,82,1
8646,83,1
8646,84,1
8646,86,1
8646,87,1
8646,88,1
8646,90,1
8646,91,1
8646,92,1
8646,93,1
8646,147,1
8646,148,0
8646,149,0
8646,150,0
8646,194,0
8646,196,0
8646,197,0
8646,198,0
8646,200,0
8646,201,1
8646,202,0
8646,203,0
8648,1,1
8648,2,0
8648,3,1
8648,5,1
8648,6,1
8648,7,1
8648,49,1
8648,50,1
8648,52,1
8648,53,1
8648,54,1
8648,56,1
8648,57,1
8648,59,1
8648,60,1
8648,61,1
8648,63,1
8648,64,1
8648,65,1
8648,66,1
8648,67,1
8648,72,1
8648,73,1
8648,74,1
8648,82,1
8648,83,1
8648,84,1
8648,86,1
8648,87,1
8648,88,1
8648,90,1
8648,91,1
8648,92,1
8648,93,1
8648,147,1
8648,148,0
8648,149,0
8648,150,0
8648,194,0
8648,196,1
8648,197,0
8648,198,0
8648,200,0
8648,201,0
8648,202,0
8648,203,0
8649,1,1
8649,2,0
8649,3,1
8649,5,1
8649,6,1
8649,7,1
8649,49,1
8649,50,1
8649,52,1
8649,53,1
8649,54,1
8649,56,1
8649,57,1
8649,59,1
8649,60,1
8649,61,1
8649,63,1
8649,64,1
8649,65,1
8649,66,1
8649,67,1
8649,72,1
8649,73,1
8649,74,1
8649,82,1
8649,83,1
8649,84,1
8649,86,1
8649,87,1
8649,88,1
8649,90,1
8649,91,1
8649,92,1
8649,93,1
8649,147,1
8649,148,0
8649,149,0
8649,150,0
8649,194,0
8649,196,0
8649,197,0
8649,198,0
8649,200,0
8649,201,1
8649,202,0
8649,203,0
8653,1,1
8653,2,1
8653,3,0
8653,5,1
8653,6,1
8653,7,1
8653,72,1
8653,73,1
8653,74,1
8653,82,1
8653,83,1
8653,84,0
8653,86,1
8653,87,1
8653,88,1
8653,90,1
8653,91,1
8653,92,1
8653,93,1
8653,147,1
8653,148,0
8653,149,0
8653,150,0
8653,194,0
8653,196,0
8653,197,0
8653,198,0
8653,200,0
8653,201,1
8653,202,0
8653,203,0
8666,1,1
8666,2,0
8666,3,1
8666,5,1
8666,6,1
8666,7,1
8666,72,1
8666,73,1
8666,74,1
8666,82,1
8666,83,1
8666,84,1
8666,90,1
8666,91,1
8666,92,1
8666,93,1
8666,147,1
8666,148,0
8666,149,0
8666,150,0
8666,194,0
8666,196,0
8666,197,0
8666,198,0
8666,200,0
8666,201,0
8666,202,0
8666,203,0
8668,1,1
8668,2,0
8668,3,1
8668,5,1
8668,6,1
8668,7,1
8668,9,0
8668,10,1
8668,11,0
8668,12,0
8668,29,0
8668,30,0
8668,31,0
8668,32,0
8668,33,0
8668,34,0
8668,35,0
8668,36,0
8668,37,0
8668,39,1
8668,49,1
8668,50,1
8668,52,1
8668,53,1
8668,54,1
8668,56,1
8668,57,1
8668,59,1
8668,60,1
8668,61,1
8668,63,1
8668,64,1
8668,65,1
8668,66,1
8668,67,1
8668,72,1
8668,73,1
8668,74,1
8668,82,1
8668,83,1
8668,84,1
8668,86,1
8668,87,1
8668,88,1
8668,90,1
8668,91,1
8668,92,1
8668,93,0
8668,147,0
8668,148,0
8668,149,0
8668,150,1
8668,152,1
8668,153,1
8668,154,0
8668,155,1
8668,157,0
8668,159,0
8668,160,0
8668,164,0
8668,170,1
8668,171,1
8668,172,1
8668,173,0
8668,174,0
8668,175,1
8668,176,0
8668,177,0
8668,178,0
8668,181,0
8668,182,0
8668,183,0
8668,184,0
8668,194,0
8668,196,0
8668,197,0
8668,198,0
8668,200,0
8668,201,1
8668,202,0
8668,203,0
8672,1,1
8672,2,0
8672,3,1
8672,5,1
8672,6,1
8672,7,1
8672,49,0
8672,50,1
8672,52,1
8672,53,1
8672,54,1
8672,56,0
8672,57,1
8672,59,1
8672,60,1
8672,61,1
8672,63,1
8672,64,1
8672,65,1
8672,66,1
8672,67,1
8672,72,1
8672,73,1
8672,74,1
8672,82,1
8672,83,1
8672,84,1
8672,86,1
8672,87,1
8672,88,1
8672,90,1
8672,91,1
8672,92,1
8672,93,1
8672,147,1
8672,148,0
8672,149,0
8672,150,0
8672,194,0
8672,196,0
8672,197,0
8672,198,0
8672,200,0
8672,201,1
8672,202,0
8672,203,1
8678,1,1
8678,2,0
8678,3,1
8678,5,1
8678,6,1
8678,7,1
8678,9,1
8678,10,0
8678,11,0
8678,12,0
8678,29,1
8678,30,0
8678,31,1
8678,32,0
8678,33,0
8678,34,0
8678,35,0
8678,36,0
8678,37,0
8678,39,0
8678,40,0
8678,41,0
8678,49,1
8678,50,1
8678,52,1
8678,53,1
8678,54,1
8678,56,1
8678,57,1
8678,59,1
8678,60,1
8678,61,1
8678,63,1
8678,64,1
8678,65,1
8678,66,1
8678,67,1
8678,72,1
8678,73,1
8678,74,1
8678,82,1
8678,83,1
8678,84,1
8678,86,1
8678,87,1
8678,88,1
8678,90,1
8678,91,1
8678,92,1
8678,93,1
8678,147,0
8678,148,0
8678,149,0
8678,150,1
8678,152,1
8678,153,1
8678,154,0
8678,155,1
8678,157,0
8678,159,0
8678,160,0
8678,164,0
8678,170,1
8678,171,1
8678,172,0
8678,173,1
8678,174,0
8678,175,1
8678,176,0
8678,177,0
8678,178,0
8678,181,0
8678,182,0
8678,183,0
8678,184,0
8678,194,0
8678,196,0
8678,197,0
8678,198,0
8678,200,0
8678,201,1
8678,202,0
8678,203,0
8680,1,1
8680,2,0
8680,3,1
8680,5,1
8680,6,1
8680,7,1
8680,49,1
8680,50,1
8680,52,1
8680,53,1
8680,54,1
8680,56,1
8680,57,1
8680,59,1
8680,60,1
8680,61,1
8680,63,1
8680,64,1
8680,65,1
8680,66,1
8680,67,1
8680,72,1
8680,73,1
8680,74,1
8680,82,1
8680,83,1
8680,84,1
8680,86,1
8680,87,1
8680,88,1
8680,90,1
8680,91,1
8680,92,1
8680,93,1
8680,147,1
8680,148,0
8680,149,0
8680,150,0
8680,194,0
8680,196,0
8680,197,0
8680,198,0
8680,200,0
8680,201,1
8680,202,0
8680,203,0
8828,1,1
8828,2,0
8828,3,1
8828,5,1
8828,6,1
8828,7,1
8828,29,0
8828,30,0
8828,31,0
8828,32,0
8828,33,0
8828,34,0
8828,35,1
8828,36,1
8828,37,0
8828,39,0
8828,40,0
8828,41,0
8828,56,1
8828,57,1
8828,59,1
8828,60,1
8828,61,1
8828,63,1
8828,64,1
8828,65,1
8828,66,1
8828,67,1
8828,72,1
8828,73,1
8828,74,1
8828,82,1
8828,83,1
8828,84,1
8828,86,1
8828,87,1
8828,88,1
8828,90,1
8828,91,1
8828,92,1
8828,93,1
8828,147,1
8828,148,0
8828,149,0
8828,150,0
8828,194,0
8828,196,0
8828,197,0
8828,198,0
8828,200,0
8828,201,1
8828,202,0
8828,203,0
8964,1,1
8964,2,0
8964,3,1
8964,5,1
8964,6,1
8964,7,1
8964,29,1
8964,30,0
8964,31,1
8964,32,0
8964,33,0
8964,34,0
8964,35,0
8964,36,0
8964,37,0
8964,39,0
8964,40,0
8964,41,0
8964,49,0
8964,50,1
8964,52,1
8964,53,1
8964,54,1
8964,56,0
8964,57,1
8964,59,1
8964,60,1
8964,61,1
8964,63,1
8964,64,1
8964,65,1
8964,66,1
8964,67,1
8964,72,0
8964,73,1
8964,74,1
8964,82,1
8964,83,1
8964,84,1
8964,86,1
8964,87,1
8964,88,1
8964,90,1
8964,91,1
8964,92,1
8964,93,1
8964,147,1
8964,148,0
8964,149,0
8964,150,0
8964,194,0
8964,196,0
8964,197,0
8964,198,0
8964,200,0
8964,201,1
8964,202,0
8964,203,0
8975,1,1
8975,2,0
8975,3,1
8975,5,1
8975,6,1
8975,7,1
8975,49,1
8975,50,1
8975,52,1
8975,53,1
8975,54,1
8975,56,1
8975,57,1
8975,59,1
8975,60,1
8975,61,1
8975,63,1
8975,64,1
8975,65,1
8975,66,1
8975,67,1
8975,72,1
8975,73,1
8975,74,1
8975,82,1
8975,83,1
8975,84,1
8975,86,1
8975,87,1
8975,88,1
8975,90,1
8975,91,1
8975,92,1
8975,93,1
8975,147,1
8975,148,0
8975,149,0
8975,150,0
8975,194,0
8975,196,0
8975,197,0
8975,198,0
8975,200,0
8975,201,1
8975,202,0
8975,203,0
8976,1,1
8976,2,0
8976,3,1
8976,5,1
8976,6,1
8976,7,1
8976,49,1
8976,50,1
8976,52,1
8976,53,1
8976,54,1
8976,56,1
8976,57,1
8976,59,1
8976,60,1
8976,61,1
8976,63,1
8976,64,1
8976,65,1
8976,66,1
8976,67,1
8976,72,1
8976,73,1
8976,74,1
8976,82,1
8976,83,1
8976,84,1
8976,86,1
8976,87,1
8976,88,1
8976,90,1
8976,91,1
8976,92,1
8976,93,1
8976,147,1
8976,148,0
8976,149,0
8976,150,0
8976,194,0
8976,196,0
8976,197,0
8976,198,0
8976,200,0
8976,201,1
8976,202,0
8976,203,0
8981,1,1
8981,2,0
8981,3,1
8981,5,1
8981,6,1
8981,7,1
8981,49,1
8981,50,1
8981,52,1
8981,53,1
8981,54,1
8981,56,1
8981,57,1
8981,59,1
8981,60,1
8981,61,1
8981,63,1
8981,64,1
8981,65,1
8981,66,1
8981,67,1
8981,72,1
8981,73,1
8981,74,1
8981,82,1
8981,83,1
8981,84,1
8981,86,1
8981,87,1
8981,88,1
8981,90,1
8981,91,1
8981,92,1
8981,93,0
8981,147,1
8981,148,0
8981,149,0
8981,150,0
8981,194,0
8981,196,0
8981,197,0
8981,198,0
8981,200,0
8981,201,0
8981,202,0
8981,203,0
8987,1,1
8987,2,0
8987,3,1
8987,5,1
8987,6,1
8987,7,1
8987,29,1
8987,30,0
8987,31,1
8987,32,0
8987,33,0
8987,34,0
8987,35,0
8987,36,0
8987,37,0
8987,39,0
8987,40,0
8987,41,0
8987,49,1
8987,50,1
8987,52,1
8987,53,1
8987,54,1
8987,56,1
8987,57,1
8987,59,1
8987,60,1
8987,61,1
8987,63,1
8987,64,1
8987,65,1
8987,66,1
8987,67,1
8987,72,1
8987,73,1
8987,74,1
8987,82,1
8987,83,1
8987,84,1
8987,86,1
8987,87,1
8987,88,1
8987,90,1
8987,91,1
8987,92,1
8987,93,1
8987,147,1
8987,148,0
8987,149,0
8987,150,0
8987,194,0
8987,196,0
8987,197,0
8987,198,0
8987,200,0
8987,201,1
8987,202,0
8987,203,1
8988,1,1
8988,2,0
8988,3,1
8988,5,1
8988,6,1
8988,7,1
8988,29,1
8988,30,1
8988,31,0
8988,32,0
8988,33,0
8988,34,0
8988,35,0
8988,36,0
8988,37,0
8988,39,0
8988,40,0
8988,41,0
8988,49,1
8988,50,1
8988,52,1
8988,53,1
8988,54,1
8988,56,1
8988,57,1
8988,59,1
8988,60,1
8988,61,1
8988,63,1
8988,64,1
8988,65,1
8988,66,1
8988,67,1
8988,72,1
8988,73,1
8988,74,1
8988,82,1
8988,83,1
8988,84,1
8988,86,1
8988,87,1
8988,88,1
8988,90,1
8988,91,1
8988,92,1
8988,93,1
8988,147,1
8988,148,0
8988,149,0
8988,150,0
8988,194,0
8988,196,0
8988,197,0
8988,198,0
8988,200,0
8988,201,1
8988,202,1
8988,203,0
8992,1,1
8992,2,0
8992,3,1
8992,5,1
8992,6,1
8992,7,1
8992,49,0
8992,50,0
8992,52,1
8992,53,1
8992,54,1
8992,56,0
8992,57,0
8992,59,0
8992,60,0
8992,61,1
8992,63,1
8992,64,1
8992,65,1
8992,66,1
8992,67,1
8992,72,1
8992,73,1
8992,74,1
8992,82,1
8992,83,1
8992,84,1
8992,86,1
8992,87,1
8992,88,1
8992,90,1
8992,91,1
8992,92,1
8992,93,1
8992,147,1
8992,148,0
8992,149,0
8992,150,0
8992,194,0
8992,196,0
8992,197,0
8992,198,0
8992,200,0
8992,201,0
8992,202,0
8992,203,0
8998,1,1
8998,2,0
8998,3,1
8998,5,1
8998,6,1
8998,7,1
8998,49,1
8998,50,1
8998,52,1
8998,53,1
8998,54,1
8998,56,1
8998,57,1
8998,59,1
8998,60,1
8998,61,1
8998,63,1
8998,64,1
8998,65,1
8998,66,1
8998,67,1
8998,72,0
8998,73,0
8998,74,0
8998,82,1
8998,83,1
8998,84,1
8998,86,1
8998,87,1
8998,88,1
8998,90,1
8998,91,0
8998,92,0
8998,93,0
8998,147,1
8998,148,0
8998,149,0
8998,150,0
8998,194,0
8998,196,0
8998,197,0
8998,198,0
8998,200,0
8998,201,0
8998,202,0
8998,203,0
9003,1,1
9003,2,1
9003,3,0
9003,5,1
9003,6,1
9003,7,1
9003,49,1
9003,50,1
9003,52,1
9003,53,1
9003,54,1
9003,56,1
9003,57,1
9003,59,1
9003,60,1
9003,61,1
9003,63,1
9003,64,1
9003,65,1
9003,66,1
9003,67,1
9003,72,1
9003,73,1
9003,74,1
9003,82,1
9003,83,1
9003,84,1
9003,86,1
9003,87,1
9003,88,1
9003,90,1
9003,91,1
9003,92,1
9003,93,1
9003,147,1
9003,148,0
9003,149,0
9003,150,0
9003,194,0
9003,196,0
9003,197,0
9003,198,0
9003,200,0
9003,201,1
9003,202,0
9003,203,0
9010,1,1
9010,2,0
9010,3,1
9010,5,1
9010,6,1
9010,7,1
9010,49,1
9010,50,1
9010,52,1
9010,53,1
9010,54,1
9010,56,1
9010,57,1
9010,59,1
9010,60,1
9010,61,1
9010,63,1
9010,64,1
9010,65,1
9010,66,1
9010,67,1
9010,72,1
9010,73,1
9010,74,1
9010,82,1
9010,83,1
9010,84,1
9010,86,1
9010,87,1
9010,88,1
9010,90,1
9010,91,1
9010,92,1
9010,93,1
9010,147,1
9010,148,0
9010,149,0
9010,150,0
9010,194,1
9010,196,0
9010,197,0
9010,198,0
9010,200,0
9010,201,1
9010,202,0
9010,203,0
9018,1,1
9018,2,0
9018,3,1
9018,5,1
9018,6,1
9018,7,1
9018,9,0
9018,10,0
9018,11,1
9018,12,0
9018,29,0
9018,30,0
9018,31,0
9018,32,0
9018,33,0
9018,34,0
9018,35,0
9018,36,0
9018,37,0
9018,39,1
9018,49,1
9018,50,1
9018,52,1
9018,53,1
9018,54,1
9018,56,1
9018,57,1
9018,59,1
9018,60,1
9018,61,1
9018,63,1
9018,64,1
9018,65,1
9018,66,1
9018,67,1
9018,72,1
9018,73,1
9018,74,1
9018,82,1
9018,83,1
9018,84,0
9018,86,0
9018,87,0
9018,88,0
9018,90,1
9018,91,1
9018,92,1
9018,93,1
9018,147,0
9018,148,1
9018,149,0
9018,150,0
9018,152,1
9018,153,1
9018,154,0
9018,155,1
9018,157,1
9018,159,1
9018,160,0
9018,164,0
9018,170,0
9018,171,0
9018,172,0
9018,173,0
9018,174,0
9018,175,0
9018,176,0
9018,177,0
9018,178,0
9018,181,0
9018,182,0
9018,183,0
9018,184,0
9018,194,0
9018,196,0
9018,197,0
9018,198,0
9018,200,0
9018,201,1
9018,202,0
9018,203,0
9020,1,1
9020,2,1
9020,3,0
9020,5,1
9020,6,1
9020,7,1
9020,49,1
9020,50,1
9020,52,1
9020,53,1
9020,54,1
9020,56,1
9020,57,1
9020,59,1
9020,60,1
9020,61,1
9020,63,1
9020,64,1
9020,65,1
9020,66,1
9020,67,1
9020,72,1
9020,73,1
9020,74,1
9020,82,1
9020,83,1
9020,84,1
9020,86,1
9020,87,1
9020,88,1
9020,90,1
9020,91,1
9020,92,1
9020,93,1
9020,147,1
9020,148,0
9020,149,0
9020,150,0
9020,194,1
9020,196,0
9020,197,0
9020,198,0
9020,200,0
9020,201,1
9020,202,0
9020,203,0
9024,1,1
9024,2,0
9024,3,1
9024,5,1
9024,6,1
9024,7,1
9024,49,1
9024,50,1
9024,52,1
9024,53,1
9024,54,1
9024,56,1
9024,57,1
9024,59,1
9024,60,1
9024,61,1
9024,63,0
9024,64,1
9024,65,1
9024,66,1
9024,67,1
9024,72,1
9024,73,1
9024,74,1
9024,82,1
9024,83,1
9024,84,1
9024,86,1
9024,87,1
9024,88,1
9024,90,1
9024,91,1
9024,92,1
9024,93,1
9024,147,1
9024,148,0
9024,149,0
9024,150,0
9024,194,0
9024,196,0
9024,197,0
9024,198,0
9024,200,0
9024,201,1
9024,202,1
9024,203,0
9026,1,1
9026,2,0
9026,3,1
9026,5,1
9026,6,1
9026,7,1
9026,49,1
9026,50,1
9026,52,1
9026,53,1
9026,54,1
9026,56,1
9026,57,1
9026,59,1
9026,60,1
9026,61,1
9026,63,1
9026,64,1
9026,65,1
9026,66,1
9026,67,1
9026,72,1
9026,73,1
9026,74,1
9026,82,1
9026,83,1
9026,84,1
9026,86,1
9026,87,1
9026,88,1
9026,90,1
9026,91,1
9026,92,1
9026,93,1
9026,147,1
9026,148,0
9026,149,0
9026,150,0
9026,194,0
9026,196,0
9026,197,0
9026,198,0
9026,200,0
9026,201,1
9026,202,0
9026,203,1
9030,1,1
9030,2,0
9030,3,1
9030,5,1
9030,6,1
9030,7,1
9030,29,0
9030,30,0
9030,31,0
9030,32,0
9030,33,0
9030,34,0
9030,35,0
9030,36,0
9030,37,0
9030,39,1
9030,82,1
9030,83,1
9030,84,1
9030,86,1
9030,87,1
9030,88,1
9030,90,1
9030,91,1
9030,92,1
9030,93,1
9030,147,1
9030,148,0
9030,149,0
9030,150,0
9030,194,0
9030,196,0
9030,197,0
9030,198,0
9030,200,0
9030,201,1
9030,202,0
9030,203,0
9033,1,1
9033,2,0
9033,3,1
9033,5,1
9033,6,1
9033,7,1
9033,72,1
9033,73,1
9033,74,1
9033,82,1
9033,83,1
9033,84,1
9033,86,1
9033,87,1
9033,88,1
9033,90,1
9033,91,1
9033,92,1
9033,93,1
9033,147,1
9033,148,0
9033,149,0
9033,150,0
9033,194,0
9033,196,0
9033,197,0
9033,198,0
9033,200,0
9033,201,0
9033,202,0
9033,203,0
9036,1,1
9036,2,0
9036,3,1
9036,5,1
9036,6,1
9036,7,1
9036,29,0
9036,30,0
9036,31,0
9036,32,0
9036,33,0
9036,34,0
9036,35,1
9036,36,1
9036,37,0
9036,39,0
9036,40,0
9036,41,0
9036,49,1
9036,50,1
9036,52,1
9036,53,1
9036,54,1
9036,56,0
9036,57,0
9036,59,1
9036,60,1
9036,61,1
9036,63,1
9036,64,1
9036,65,1
9036,66,1
9036,67,1
9036,72,0
9036,73,1
9036,74,1
9036,82,1
9036,83,1
9036,84,1
9036,86,1
9036,87,1
9036,88,1
9036,90,1
9036,91,1
9036,92,1
9036,93,1
9036,147,1
9036,148,0
9036,149,0
9036,150,0
9036,194,0
9036,196,0
9036,197,0
9036,198,0
9036,200,0
9036,201,1
9036,202,0
9036,203,0
9041,1,1
9041,2,0
9041,3,1
9041,5,1
9041,6,1
9041,7,1
9041,29,1
9041,30,0
9041,31,1
9041,32,0
9041,33,0
9041,34,0
9041,35,0
9041,36,0
9041,37,0
9041,39,0
9041,40,0
9041,41,0
9041,49,1
9041,50,1
9041,52,1
9041,53,1
9041,54,1
9041,56,1
9041,57,1
9041,59,1
9041,60,1
9041,61,1
9041,63,1
9041,64,1
9041,65,1
9041,66,1
9041,67,1
9041,72,1
9041,73,1
9041,74,1
9041,82,1
9041,83,1
9041,84,1
9041,86,1
9041,87,1
9041,88,1
9041,90,1
9041,91,1
9041,92,1
9041,93,1
9041,147,1
9041,148,0
9041,149,0
9041,150,0
9041,194,0
9041,196,0
9041,197,0
9041,198,0
9041,200,0
9041,201,0
9041,202,0
9041,203,0
9042,1,1
9042,2,0
9042,3,1
9042,5,1
9042,6,1
9042,7,1
9042,49,1
9042,50,1
9042,52,1
9042,53,1
9042,54,1
9042,56,1
9042,57,1
9042,59,1
9042,60,1
9042,61,1
9042,63,1
9042,64,1
9042,65,1
9042,66,1
9042,67,1
9042,72,1
9042,73,1
9042,74,1
9042,82,1
9042,83,1
9042,84,1
9042,86,1
9042,87,1
9042,88,1
9042,90,1
9042,91,1
9042,92,1
9042,93,1
9042,147,1
9042,148,0
9042,149,0
9042,150,0
9042,194,0
9042,196,0
9042,197,0
9042,198,0
9042,200,0
9042,201,1
9042,202,0
9042,203,0
9048,1,1
9048,2,0
9048,3,1
9048,5,1
9048,6,1
9048,7,1
9048,9,0
9048,10,1
9048,11,0
9048,12,0
9048,29,0
9048,30,0
9048,31,0
9048,32,1
9048,35,0
9048,36,0
9048,37,0
9048,39,0
9048,40,0
9048,41,0
9048,49,1
9048,50,1
9048,52,1
9048,53,1
9048,54,1
9048,56,1
9048,57,1
9048,59,1
9048,60,1
9048,61,1
9048,63,1
9048,64,1
9048,65,1
9048,66,1
9048,67,1
9048,72,1
9048,73,1
9048,74,1
9048,82,1
9048,83,1
9048,84,1
9048,86,1
9048,87,1
9048,88,1
9048,90,1
9048,91,1
9048,92,1
9048,93,1
9048,147,0
9048,148,1
9048,149,0
9048,150,0
9048,152,1
9048,153,1
9048,154,1
9048,155,0
9048,157,0
9048,159,0
9048,160,0
9048,164,0
9048,170,0
9048,171,0
9048,172,0
9048,173,0
9048,174,0
9048,175,0
9048,176,0
9048,177,0
9048,178,0
9048,181,0
9048,182,0
9048,183,0
9048,184,0
9048,194,0
9048,196,0
9048,197,0
9048,198,0
9048,200,0
9048,201,1
9048,202,0
9048,203,0
9049,1,1
9049,2,0
9049,3,1
9049,5,1
9049,6,1
9049,7,1
9049,29,1
9049,30,1
9049,31,0
9049,32,0
9049,33,0
9049,34,0
9049,35,0
9049,36,0
9049,37,0
9049,39,0
9049,40,0
9049,41,0
9049,49,1
9049,50,1
9049,52,1
9049,53,1
9049,54,1
9049,56,1
9049,57,1
9049,59,1
9049,60,1
9049,61,1
9049,63,1
9049,64,1
9049,65,1
9049,66,1
9049,67,1
9049,72,0
9049,73,0
9049,74,0
9049,82,1
9049,83,1
9049,84,1
9049,86,1
9049,87,1
9049,88,1
9049,90,1
9049,91,1
9049,92,1
9049,93,1
9049,147,1
9049,148,0
9049,149,0
9049,150,0
9049,194,0
9049,196,0
9049,197,0
9049,198,0
9049,200,0
9049,201,1
9049,202,0
9049,203,0
9051,1,1
9051,2,0
9051,3,1
9051,5,1
9051,6,1
9051,7,1
9051,9,0
9051,10,0
9051,11,0
9051,12,1
9051,29,0
9051,30,0
9051,31,0
9051,32,0
9051,33,0
9051,34,0
9051,35,0
9051,36,0
9051,37,0
9051,39,1
9051,49,1
9051,50,1
9051,52,1
9051,53,1
9051,54,1
9051,56,1
9051,57,1
9051,59,1
9051,60,1
9051,61,1
9051,63,1
9051,64,1
9051,65,1
9051,66,1
9051,67,1
9051,72,1
9051,73,1
9051,74,1
9051,82,1
9051,83,1
9051,84,1
9051,86,1
9051,87,1
9051,88,1
9051,90,1
9051,91,1
9051,92,1
9051,93,1
9051,147,1
9051,148,0
9051,149,0
9051,150,0
9051,194,0
9051,196,0
9051,197,0
9051,198,0
9051,200,0
9051,201,1
9051,202,1
9051,203,1
9052,1,1
9052,5,1
9052,6,1
9052,7,1
9052,29,1
9052,30,1
9052,31,0
9052,32,0
9052,33,0
9052,34,0
9052,35,0
9052,36,0
9052,37,0
9052,39,0
9052,40,0
9052,41,0
9052,49,1
9052,50,1
9052,52,1
9052,53,1
9052,54,1
9052,56,1
9052,57,1
9052,59,1
9052,60,1
9052,61,1
9052,63,1
9052,64,1
9052,65,1
9052,66,1
9052,67,1
9052,72,1
9052,73,1
9052,74,1
9052,82,1
9052,83,1
9052,84,1
9052,86,1
9052,87,1
9052,88,1
9052,90,0
9052,91,0
9052,92,0
9052,93,0
9052,147,1
9052,148,0
9052,149,0
9052,150,0
9052,194,0
9052,196,0
9052,197,0
9052,198,0
9052,200,0
9052,201,0
9052,202,0
9052,203,0
9057,1,1
9057,2,0
9057,3,1
9057,5,1
9057,6,1
9057,7,1
9057,29,0
9057,30,0
9057,31,0
9057,32,0
9057,33,0
9057,34,0
9057,35,0
9057,36,0
9057,37,0
9057,39,1
9057,49,1
9057,50,1
9057,52,1
9057,53,1
9057,54,1
9057,56,1
9057,57,1
9057,59,1
9057,60,1
9057,61,1
9057,63,1
9057,64,1
9057,65,1
9057,66,1
9057,67,1
9057,72,1
9057,73,1
9057,74,1
9057,82,1
9057,83,1
9057,84,1
9057,86,1
9057,87,1
9057,88,1
9057,90,1
9057,91,1
9057,92,1
9057,93,1
9057,147,1
9057,148,0
9057,149,0
9057,150,0
9057,194,0
9057,196,0
9057,197,0
9057,198,0
9057,200,0
9057,201,1
9057,202,0
9057,203,0
9065,1,1
9065,2,0
9065,3,1
9065,5,1
9065,6,1
9065,7,1
9065,49,1
9065,50,1
9065,52,1
9065,53,1
9065,54,1
9065,56,1
9065,57,1
9065,59,1
9065,60,1
9065,61,1
9065,63,1
9065,64,1
9065,65,1
9065,66,1
9065,67,1
9065,72,1
9065,73,1
9065,74,1
9065,82,1
9065,83,1
9065,84,1
9065,86,1
9065,87,1
9065,88,1
9065,90,1
9065,91,1
9065,92,1
9065,93,1
9065,147,1
9065,148,0
9065,149,0
9065,150,0
9065,194,1
9065,196,1
9065,197,0
9065,198,0
9065,200,0
9065,201,1
9065,202,0
9065,203,0
9066,1,1
9066,2,0
9066,3,1
9066,5,1
9066,6,1
9066,7,1
9066,9,0
9066,10,0
9066,11,0
9066,12,1
9066,29,0
9066,30,0
9066,31,0
9066,32,0
9066,33,0
9066,34,0
9066,35,0
9066,36,0
9066,37,0
9066,39,1
9066,40,1
9066,41,0
9066,49,1
9066,50,1
9066,52,1
9066,53,1
9066,54,1
9066,56,1
9066,57,1
9066,59,1
9066,60,1
9066,61,1
9066,63,1
9066,64,1
9066,65,1
9066,66,1
9066,67,1
9066,72,1
9066,73,1
9066,74,1
9066,82,1
9066,83,1
9066,84,1
9066,86,1
9066,87,1
9066,88,1
9066,90,1
9066,91,1
9066,92,1
9066,93,1
9066,147,1
9066,148,0
9066,149,0
9066,150,0
9066,194,1
9066,196,0
9066,197,0
9066,198,0
9066,200,0
9066,201,1
9066,202,0
9066,203,0
9068,1,1
9068,2,0
9068,3,1
9068,5,1
9068,6,1
9068,7,1
9068,9,0
9068,10,1
9068,11,0
9068,12,0
9068,49,1
9068,50,1
9068,52,1
9068,53,1
9068,54,1
9068,56,1
9068,57,1
9068,59,1
9068,60,1
9068,61,1
9068,63,1
9068,64,1
9068,65,1
9068,66,1
9068,67,1
9068,72,1
9068,73,1
9068,74,1
9068,82,1
9068,83,1
9068,84,1
9068,86,1
9068,87,1
9068,88,1
9068,90,1
9068,91,1
9068,92,1
9068,93,1
9068,147,0
9068,148,0
9068,149,0
9068,150,1
9068,152,1
9068,153,0
9068,154,0
9068,155,0
9068,157,0
9068,159,0
9068,160,0
9068,164,0
9068,170,0
9068,171,0
9068,172,0
9068,173,0
9068,174,0
9068,175,0
9068,176,0
9068,177,0
9068,178,0
9068,181,0
9068,182,0
9068,183,0
9068,184,0
9068,194,0
9068,196,0
9068,197,0
9068,198,0
9068,200,0
9068,201,1
9068,202,0
9068,203,0
9324,1,1
9324,2,0
9324,3,1
9324,5,1
9324,6,1
9324,7,1
9324,29,1
9324,30,1
9324,31,0
9324,32,0
9324,33,0
9324,34,0
9324,35,0
9324,36,0
9324,37,0
9324,39,0
9324,40,0
9324,41,0
9324,72,1
9324,73,1
9324,74,1
9324,82,1
9324,83,1
9324,84,1
9324,90,1
9324,91,1
9324,92,1
9324,93,1
9324,147,1
9324,148,0
9324,149,0
9324,150,0
9324,194,0
9324,196,0
9324,197,0
9324,198,0
9324,200,0
9324,201,1
9324,202,0
9324,203,0
9329,1,1
9329,2,0
9329,3,1
9329,5,1
9329,6,1
9329,7,1
9329,49,0
9329,50,1
9329,52,1
9329,53,1
9329,54,1
9329,56,0
9329,57,1
9329,59,1
9329,60,1
9329,61,1
9329,63,1
9329,64,1
9329,65,1
9329,66,1
9329,67,1
9329,72,1
9329,73,1
9329,74,1
9329,82,1
9329,83,1
9329,84,1
9329,86,1
9329,87,1
9329,88,1
9329,90,1
9329,91,1
9329,92,1
9329,93,1
9329,147,1
9329,148,0
9329,149,0
9329,150,0
9329,194,0
9329,196,0
9329,197,0
9329,198,0
9329,200,0
9329,201,1
9329,202,0
9329,203,0
9338,1,1
9338,2,0
9338,3,1
9338,5,1
9338,6,1
9338,7,1
9338,49,1
9338,50,1
9338,52,1
9338,53,1
9338,54,1
9338,56,1
9338,57,1
9338,59,1
9338,60,1
9338,61,1
9338,63,1
9338,64,1
9338,65,1
9338,66,1
9338,67,1
9338,72,1
9338,73,1
9338,74,1
9338,82,1
9338,83,1
9338,84,1
9338,86,1
9338,87,1
9338,88,1
9338,90,1
9338,91,1
9338,92,1
9338,93,1
9338,147,1
9338,148,0
9338,149,0
9338,150,0
9338,194,0
9338,196,0
9338,197,0
9338,198,0
9338,200,0
9338,201,1
9338,202,0
9338,203,0
9343,1,1
9343,2,0
9343,3,1
9343,5,1
9343,6,1
9343,7,1
9343,49,1
9343,50,1
9343,52,1
9343,53,1
9343,54,1
9343,56,1
9343,57,1
9343,59,1
9343,60,1
9343,61,1
9343,63,0
9343,64,1
9343,65,1
9343,66,1
9343,67,1
9343,72,0
9343,73,1
9343,74,1
9343,82,1
9343,83,1
9343,84,1
9343,86,1
9343,87,1
9343,88,1
9343,90,1
9343,91,1
9343,92,1
9343,93,1
9343,147,1
9343,148,0
9343,149,0
9343,150,0
9343,194,0
9343,196,0
9343,197,0
9343,198,0
9343,200,0
9343,201,0
9343,202,0
9343,203,0
9350,1,1
9350,2,0
9350,3,1
9350,5,1
9350,6,1
9350,7,1
9350,9,1
9350,10,0
9350,11,0
9350,12,0
9350,29,1
9350,30,1
9350,31,0
9350,32,0
9350,33,0
9350,34,0
9350,35,0
9350,36,0
9350,37,0
9350,39,0
9350,40,0
9350,41,0
9350,49,1
9350,50,1
9350,52,1
9350,53,1
9350,54,1
9350,56,1
9350,57,1
9350,59,1
9350,60,1
9350,61,1
9350,63,1
9350,64,1
9350,65,1
9350,66,1
9350,67,1
9350,72,0
9350,73,1
9350,74,1
9350,82,1
9350,83,1
9350,84,1
9350,86,1
9350,87,1
9350,88,1
9350,90,1
9350,91,1
9350,92,1
9350,93,1
9350,147,1
9350,148,0
9350,149,0
9350,150,0
9350,194,0
9350,196,0
9350,197,0
9350,198,0
9350,200,0
9350,201,1
9350,202,0
9350,203,0
9351,1,1
9351,2,0
9351,3,1
9351,5,1
9351,6,1
9351,7,1
9351,29,1
9351,30,1
9351,31,0
9351,32,0
9351,33,0
9351,34,0
9351,35,0
9351,36,0
9351,37,0
9351,39,0
9351,40,0
9351,41,0
9351,49,1
9351,50,1
9351,52,1
9351,53,1
9351,54,1
9351,56,1
9351,57,1
9351,59,1
9351,60,1
9351,61,1
9351,63,1
9351,64,1
9351,65,1
9351,66,1
9351,67,1
9351,72,1
9351,73,1
9351,74,1
9351,82,1
9351,83,1
9351,84,1
9351,86,1
9351,87,1
9351,88,1
9351,90,1
9351,91,1
9351,92,1
9351,93,1
9351,147,1
9351,148,0
9351,149,0
9351,150,0
9351,194,0
9351,196,0
9351,197,0
9351,198,0
9351,200,0
9351,201,1
9351,202,0
9351,203,0
9356,1,1
9356,2,0
9356,3,1
9356,5,1
9356,6,1
9356,7,1
9356,29,1
9356,30,1
9356,31,0
9356,32,0
9356,33,0
9356,34,0
9356,35,0
9356,36,0
9356,37,0
9356,39,0
9356,40,0
9356,41,0
9356,56,1
9356,57,1
9356,59,1
9356,60,1
9356,61,1
9356,63,1
9356,64,1
9356,65,1
9356,66,1
9356,67,1
9356,72,1
9356,73,1
9356,74,1
9356,82,1
9356,83,1
9356,84,1
9356,86,1
9356,87,1
9356,88,1
9356,90,1
9356,91,1
9356,92,1
9356,93,1
9356,147,1
9356,148,0
9356,149,0
9356,150,0
9356,194,0
9356,196,0
9356,197,0
9356,198,0
9356,200,0
9356,201,1
9356,202,0
9356,203,0
9359,1,1
9359,2,0
9359,3,1
9359,5,1
9359,6,1
9359,7,1
9359,49,1
9359,50,1
9359,52,1
9359,53,1
9359,54,1
9359,56,1
9359,57,1
9359,59,1
9359,60,1
9359,61,1
9359,63,1
9359,64,1
9359,65,1
9359,66,1
9359,67,1
9359,72,1
9359,73,1
9359,74,1
9359,82,1
9359,83,1
9359,84,1
9359,86,1
9359,87,1
9359,88,1
9359,90,1
9359,91,1
9359,92,1
9359,93,0
9359,147,1
9359,148,0
9359,149,0
9359,150,0
9359,194,0
9359,196,0
9359,197,0
9359,198,0
9359,200,0
9359,201,0
9359,202,0
9359,203,0
9363,1,1
9363,2,0
9363,3,1
9363,5,1
9363,6,1
9363,7,1
9363,9,1
9363,10,0
9363,11,0
9363,12,0
9363,49,1
9363,50,1
9363,52,1
9363,53,1
9363,54,1
9363,56,1
9363,57,1
9363,59,1
9363,60,1
9363,61,1
9363,63,1
9363,64,1
9363,65,1
9363,66,1
9363,67,1
9363,72,1
9363,73,1
9363,74,1
9363,82,1
9363,83,1
9363,84,1
9363,86,1
9363,87,1
9363,88,1
9363,90,1
9363,91,1
9363,92,1
9363,93,1
9363,147,1
9363,148,0
9363,149,0
9363,150,0
9363,194,0
9363,196,0
9363,197,0
9363,198,0
9363,200,0
9363,201,1
9363,202,0
9363,203,0
9366,1,1
9366,2,0
9366,3,1
9366,5,1
9366,6,1
9366,7,1
9366,56,1
9366,57,1
9366,59,1
9366,60,1
9366,61,1
9366,63,1
9366,64,1
9366,65,1
9366,66,1
9366,67,1
9366,72,1
9366,73,1
9366,74,1
9366,82,1
9366,83,1
9366,84,1
9366,86,1
9366,87,1
9366,88,1
9366,90,1
9366,91,1
9366,92,1
9366,93,1
9366,147,1
9366,148,0
9366,149,0
9366,150,0
9366,194,0
9366,196,0
9366,197,0
9366,198,0
9366,200,0
9366,201,0
9366,202,0
9366,203,0
9371,1,1
9371,2,0
9371,3,1
9371,5,1
9371,6,1
9371,7,1
9371,9,1
9371,10,0
9371,11,0
9371,12,0
9371,49,1
9371,50,1
9371,52,1
9371,53,1
9371,54,1
9371,56,1
9371,57,1
9371,59,1
9371,60,1
9371,61,1
9371,63,1
9371,64,1
9371,65,1
9371,66,1
9371,67,1
9371,72,1
9371,73,1
9371,74,1
9371,82,1
9371,83,1
9371,84,1
9371,86,1
9371,87,1
9371,88,1
9371,90,1
9371,91,1
9371,92,1
9371,93,1
9371,147,1
9371,148,0
9371,149,0
9371,150,0
9371,194,0
9371,196,0
9371,197,0
9371,198,0
9371,200,0
9371,201,0
9371,202,0
9371,203,0
9372,1,1
9372,2,1
9372,3,0
9372,5,1
9372,6,1
9372,7,1
9372,56,1
9372,57,1
9372,59,1
9372,60,1
9372,61,1
9372,63,1
9372,64,1
9372,65,1
9372,66,1
9372,67,1
9372,72,1
9372,73,1
9372,74,1
9372,82,1
9372,83,1
9372,84,1
9372,86,1
9372,87,1
9372,88,1
9372,90,1
9372,91,1
9372,92,1
9372,93,1
9372,147,1
9372,148,0
9372,149,0
9372,150,0
9372,194,0
9372,196,0
9372,197,0
9372,198,0
9372,200,0
9372,201,0
9372,202,0
9372,203,0
9375,1,1
9375,2,1
9375,3,0
9375,5,1
9375,6,1
9375,7,1
9375,9,0
9375,10,1
9375,11,0
9375,12,0
9375,29,0
9375,30,0
9375,31,0
9375,32,0
9375,33,0
9375,34,0
9375,35,1
9375,36,1
9375,37,0
9375,39,0
9375,40,0
9375,41,0
9375,49,1
9375,50,1
9375,52,1
9375,53,1
9375,54,1
9375,56,1
9375,57,1
9375,59,1
9375,60,1
9375,61,1
9375,63,1
9375,64,1
9375,65,1
9375,66,1
9375,67,1
9375,72,1
9375,73,1
9375,74,1
9375,82,1
9375,83,1
9375,84,1
9375,86,1
9375,87,1
9375,88,1
9375,90,1
9375,91,1
9375,92,1
9375,93,1
9375,147,0
9375,148,0
9375,149,1
9375,150,0
9375,152,1
9375,153,1
9375,154,0
9375,155,1
9375,157,0
9375,159,0
9375,160,0
9375,164,0
9375,170,0
9375,171,0
9375,172,0
9375,173,0
9375,174,0
9375,175,0
9375,176,0
9375,177,0
9375,178,0
9375,181,0
9375,182,0
9375,183,0
9375,184,0
9375,194,0
9375,196,0
9375,197,0
9375,198,0
9375,200,0
9375,201,0
9375,202,0
9375,203,0
9380,1,1
9380,2,0
9380,3,1
9380,5,1
9380,6,1
9380,7,1
9380,56,1
9380,57,1
9380,59,1
9380,60,1
9380,61,1
9380,63,1
9380,64,1
9380,65,1
9380,66,1
9380,67,1
9380,72,0
9380,73,1
9380,74,1
9380,82,1
9380,83,1
9380,84,1
9380,86,1
9380,87,1
9380,88,1
9380,90,1
9380,91,1
9380,92,1
9380,93,1
9380,147,1
9380,148,0
9380,149,0
9380,150,0
9380,194,0
9380,196,0
9380,197,0
9380,198,0
9380,200,0
9380,201,1
9380,202,0
9380,203,0
9382,1,1
9382,2,0
9382,3,1
9382,5,1
9382,6,1
9382,7,1
9382,56,1
9382,57,1
9382,59,1
9382,60,1
9382,61,1
9382,63,1
9382,64,1
9382,65,1
9382,66,1
9382,67,1
9382,72,1
9382,73,1
9382,74,1
9382,82,1
9382,83,1
9382,84,1
9382,86,1
9382,87,1
9382,88,1
9382,90,1
9382,91,1
9382,92,1
9382,93,1
9382,147,1
9382,148,0
9382,149,0
9382,150,0
9382,194,1
9382,196,0
9382,197,0
9382,198,0
9382,200,0
9382,201,1
9382,202,0
9382,203,0
9389,1,1
9389,2,0
9389,3,1
9389,5,1
9389,6,1
9389,7,1
9389,9,0
9389,10,0
9389,11,1
9389,12,0
9389,29,0
9389,30,0
9389,31,0
9389,32,1
9389,33,1
9389,34,0
9389,35,0
9389,36,0
9389,37,0
9389,39,0
9389,40,0
9389,41,0
9389,49,1
9389,50,1
9389,52,1
9389,53,1
9389,54,1
9389,56,1
9389,57,1
9389,59,1
9389,60,1
9389,61,1
9389,63,1
9389,64,1
9389,65,1
9389,66,1
9389,67,1
9389,72,0
9389,73,1
9389,74,1
9389,82,1
9389,83,1
9389,84,1
9389,86,1
9389,87,1
9389,88,1
9389,90,1
9389,91,1
9389,92,1
9389,93,1
9389,147,0
9389,148,1
9389,149,0
9389,150,0
9389,152,1
9389,153,1
9389,154,1
9389,155,0
9389,157,0
9389,159,0
9389,160,0
9389,164,0
9389,170,0
9389,171,0
9389,172,0
9389,173,0
9389,174,0
9389,175,0
9389,176,0
9389,177,0
9389,178,0
9389,181,0
9389,182,0
9389,183,0
9389,184,0
9389,194,0
9389,196,0
9389,197,0
9389,198,0
9389,200,0
9389,201,1
9389,202,0
9389,203,0
9404,1,1
9404,2,0
9404,3,1
9404,5,1
9404,6,1
9404,7,1
9404,56,1
9404,57,1
9404,59,1
9404,60,1
9404,61,1
9404,63,1
9404,64,1
9404,65,1
9404,66,1
9404,67,1
9404,72,1
9404,73,1
9404,74,1
9404,82,1
9404,83,1
9404,84,1
9404,86,1
9404,87,1
9404,88,1
9404,90,1
9404,91,1
9404,92,1
9404,93,1
9404,147,1
9404,148,0
9404,149,0
9404,150,0
9404,194,0
9404,196,0
9404,197,0
9404,198,0
9404,200,0
9404,201,1
9404,202,0
9404,203,0
9405,1,1
9405,2,0
9405,3,1
9405,5,1
9405,6,1
9405,7,1
9405,29,1
9405,30,1
9405,31,0
9405,32,0
9405,33,0
9405,34,0
9405,35,0
9405,36,0
9405,37,0
9405,39,0
9405,40,0
9405,41,0
9405,49,0
9405,50,1
9405,52,1
9405,53,1
9405,54,1
9405,56,1
9405,57,1
9405,59,1
9405,60,1
9405,61,1
9405,63,1
9405,64,1
9405,65,1
9405,66,1
9405,67,1
9405,72,0
9405,73,0
9405,74,1
9405,82,1
9405,83,1
9405,84,1
9405,86,1
9405,87,1
9405,88,1
9405,90,1
9405,91,1
9405,92,1
9405,93,1
9405,147,1
9405,148,0
9405,149,0
9405,150,0
9405,194,0
9405,196,0
9405,197,0
9405,198,0
9405,200,0
9405,201,1
9405,202,0
9405,203,0
9408,1,1
9408,2,0
9408,3,1
9408,5,1
9408,6,1
9408,7,1
9408,72,1
9408,73,1
9408,74,1
9408,82,1
9408,83,1
9408,84,1
9408,86,1
9408,87,1
9408,88,1
9408,90,1
9408,91,1
9408,92,1
9408,93,1
9408,147,1
9408,148,0
9408,149,0
9408,150,0
9408,194,0
9408,196,0
9408,197,0
9408,198,0
9408,200,0
9408,201,1
9408,202,0
9408,203,0
9420,1,1
9420,2,1
9420,3,0
9420,5,1
9420,6,1
9420,7,1
9420,29,0
9420,30,0
9420,31,0
9420,32,1
9420,35,0
9420,36,0
9420,37,0
9420,39,0
9420,40,0
9420,41,0
9420,49,1
9420,50,1
9420,52,1
9420,53,1
9420,54,1
9420,56,1
9420,57,1
9420,59,1
9420,60,1
9420,61,1
9420,63,1
9420,64,1
9420,65,1
9420,66,1
9420,67,1
9420,72,1
9420,73,1
9420,74,1
9420,76,1
9420,77,1
9420,78,1
9420,79,1
9420,80,1
9420,82,1
9420,83,1
9420,84,1
9420,86,1
9420,87,1
9420,88,1
9420,90,1
9420,91,1
9420,92,1
9420,93,1
9420,147,0
9420,148,1
9420,149,0
9420,150,0
9420,152,1
9420,153,0
9420,154,0
9420,155,0
9420,157,0
9420,159,0
9420,160,0
9420,164,0
9420,170,0
9420,171,0
9420,172,0
9420,173,0
9420,174,0
9420,175,0
9420,176,0
9420,177,0
9420,178,0
9420,181,0
9420,182,0
9420,183,0
9420,184,0
9420,194,0
9420,196,0
9420,197,0
9420,198,0
9420,200,0
9420,201,1
9420,202,0
9420,203,0
9423,1,1
9423,2,1
9423,3,0
9423,5,1
9423,6,1
9423,7,1
9423,49,1
9423,50,1
9423,52,1
9423,53,1
9423,54,1
9423,56,1
9423,57,1
9423,59,1
9423,60,1
9423,61,1
9423,63,1
9423,64,1
9423,65,1
9423,66,1
9423,67,1
9423,72,0
9423,73,0
9423,74,0
9423,82,1
9423,83,1
9423,84,1
9423,86,1
9423,87,1
9423,88,1
9423,90,1
9423,91,1
9423,92,1
9423,93,0
9423,147,1
9423,148,0
9423,149,0
9423,150,0
9423,194,0
9423,196,0
9423,197,0
9423,198,0
9423,200,0
9423,201,1
9423,202,0
9423,203,0
9424,1,1
9424,2,1
9424,3,0
9424,5,1
9424,6,1
9424,7,1
9424,29,0
9424,30,0
9424,31,0
9424,32,1
9424,35,0
9424,36,0
9424,37,0
9424,39,0
9424,40,0
9424,41,0
9424,49,0
9424,50,1
9424,52,1
9424,53,1
9424,54,1
9424,56,1
9424,57,1
9424,59,1
9424,60,1
9424,61,1
9424,63,1
9424,64,1
9424,65,1
9424,66,1
9424,67,1
9424,72,1
9424,73,1
9424,74,1
9424,82,1
9424,83,1
9424,84,1
9424,86,1
9424,87,1
9424,88,1
9424,90,1
9424,91,1
9424,92,1
9424,93,1
9424,147,1
9424,148,0
9424,149,0
9424,150,0
9424,194,0
9424,196,0
9424,197,0
9424,198,0
9424,200,0
9424,201,1
9424,202,0
9424,203,0
9426,1,1
9426,2,0
9426,3,1
9426,5,1
9426,6,1
9426,7,1
9426,56,1
9426,57,1
9426,59,1
9426,60,1
9426,61,1
9426,63,1
9426,64,1
9426,65,1
9426,66,1
9426,67,1
9426,72,1
9426,73,1
9426,74,1
9426,82,1
9426,83,1
9426,84,1
9426,86,1
9426,87,1
9426,88,1
9426,90,1
9426,91,1
9426,92,1
9426,93,1
9426,147,1
9426,148,0
9426,149,0
9426,150,0
9426,194,0
9426,196,0
9426,197,0
9426,198,0
9426,200,0
9426,201,0
9426,202,0
9426,203,0
9428,1,1
9428,2,0
9428,3,1
9428,5,1
9428,6,1
9428,7,1
9428,147,1
9428,148,0
9428,149,0
9428,150,0
9428,194,0
9428,196,0
9428,197,0
9428,198,0
9428,200,0
9428,201,0
9428,202,0
9428,203,0
9432,1,1
9432,2,0
9432,3,1
9432,5,1
9432,6,1
9432,7,1
9432,29,1
9432,32,0
9432,33,0
9432,34,0
9432,35,0
9432,36,0
9432,37,0
9432,39,0
9432,40,0
9432,41,0
9432,49,1
9432,50,1
9432,52,1
9432,53,1
9432,54,1
9432,56,1
9432,57,1
9432,59,1
9432,60,1
9432,61,1
9432,63,1
9432,64,1
9432,65,1
9432,66,1
9432,67,1
9432,72,1
9432,73,1
9432,74,1
9432,82,1
9432,83,1
9432,84,1
9432,86,1
9432,87,1
9432,88,1
9432,90,1
9432,91,1
9432,92,1
9432,93,1
9432,147,1
9432,148,0
9432,149,0
9432,150,0
9432,194,0
9432,196,0
9432,197,0
9432,198,0
9432,200,0
9432,201,0
9432,202,0
9432,203,0
9433,1,1
9433,2,0
9433,3,1
9433,5,1
9433,6,1
9433,7,1
9433,29,0
9433,30,0
9433,31,0
9433,32,0
9433,33,0
9433,34,0
9433,35,0
9433,36,0
9433,37,0
9433,39,1
9433,49,1
9433,50,1
9433,52,1
9433,53,1
9433,54,1
9433,56,1
9433,57,1
9433,59,1
9433,60,1
9433,61,1
9433,63,1
9433,64,1
9433,65,1
9433,66,1
9433,67,1
9433,72,1
9433,73,1
9433,74,1
9433,82,1
9433,83,1
9433,84,1
9433,86,1
9433,87,1
9433,88,1
9433,90,1
9433,91,1
9433,92,1
9433,93,0
9433,147,1
9433,148,0
9433,149,0
9433,150,0
9433,194,0
9433,196,0
9433,197,0
9433,198,0
9433,200,0
9433,201,0
9433,202,0
9433,203,0
9436,1,1
9436,2,1
9436,3,0
9436,5,1
9436,6,1
9436,7,1
9436,49,1
9436,50,1
9436,52,1
9436,53,1
9436,54,1
9436,56,1
9436,57,1
9436,59,1
9436,60,1
9436,61,1
9436,63,1
9436,64,1
9436,65,1
9436,66,1
9436,67,1
9436,72,1
9436,73,1
9436,74,1
9436,82,1
9436,83,1
9436,84,1
9436,86,1
9436,87,1
9436,88,1
9436,90,1
9436,91,1
9436,92,1
9436,93,0
9436,147,1
9436,148,0
9436,149,0
9436,150,0
9436,194,0
9436,196,0
9436,197,0
9436,198,0
9436,200,0
9436,201,1
9436,202,0
9436,203,0
9715,1,1
9715,2,1
9715,3,0
9715,5,1
9715,6,1
9715,7,1
9715,9,0
9715,10,1
9715,11,0
9715,12,0
9715,29,0
9715,30,0
9715,31,0
9715,32,0
9715,33,0
9715,34,0
9715,35,1
9715,36,1
9715,37,0
9715,39,0
9715,40,0
9715,41,0
9715,49,1
9715,50,1
9715,52,1
9715,53,1
9715,54,1
9715,56,1
9715,57,1
9715,59,1
9715,60,1
9715,61,1
9715,63,1
9715,64,1
9715,65,1
9715,66,1
9715,67,1
9715,72,1
9715,73,1
9715,74,1
9715,82,1
9715,83,1
9715,84,1
9715,86,1
9715,87,1
9715,88,1
9715,90,1
9715,91,1
9715,92,1
9715,93,1
9715,147,0
9715,148,1
9715,149,0
9715,150,0
9715,152,1
9715,153,1
9715,154,0
9715,155,1
9715,157,0
9715,159,0
9715,160,0
9715,164,0
9715,170,0
9715,171,0
9715,172,0
9715,173,0
9715,174,0
9715,175,0
9715,176,0
9715,177,0
9715,178,0
9715,181,0
9715,182,0
9715,183,0
9715,184,0
9715,194,0
9715,196,0
9715,197,0
9715,198,0
9715,200,0
9715,201,1
9715,202,0
9715,203,0
9716,1,1
9716,2,0
9716,3,1
9716,5,1
9716,6,1
9716,7,1
9716,9,1
9716,10,0
9716,11,0
9716,12,0
9716,29,0
9716,30,0
9716,31,0
9716,32,1
9716,33,0
9716,34,1
9716,35,0
9716,36,0
9716,37,0
9716,39,0
9716,40,0
9716,41,0
9716,49,1
9716,50,1
9716,52,1
9716,53,1
9716,54,1
9716,56,1
9716,57,1
9716,59,1
9716,60,1
9716,61,1
9716,63,1
9716,64,1
9716,65,1
9716,66,1
9716,67,1
9716,72,1
9716,73,1
9716,74,1
9716,82,1
9716,83,1
9716,84,1
9716,86,1
9716,87,1
9716,88,1
9716,90,1
9716,91,1
9716,92,1
9716,93,1
9716,147,0
9716,148,1
9716,149,0
9716,150,0
9716,152,1
9716,153,1
9716,154,1
9716,155,0
9716,157,0
9716,159,0
9716,160,0
9716,164,0
9716,170,0
9716,171,0
9716,172,0
9716,173,0
9716,174,0
9716,175,0
9716,176,0
9716,177,0
9716,178,0
9716,181,0
9716,182,0
9716,183,0
9716,184,0
9716,194,0
9716,196,0
9716,197,0
9716,198,0
9716,200,0
9716,201,1
9716,202,0
9716,203,0
9718,1,1
9718,2,0
9718,3,1
9718,5,1
9718,6,1
9718,7,1
9718,49,1
9718,50,1
9718,52,1
9718,53,1
9718,54,1
9718,56,1
9718,57,1
9718,59,1
9718,60,1
9718,61,1
9718,63,1
9718,64,1
9718,65,1
9718,66,1
9718,67,1
9718,72,0
9718,73,1
9718,74,1
9718,82,1
9718,83,1
9718,84,1
9718,86,1
9718,87,1
9718,88,1
9718,90,1
9718,91,1
9718,92,1
9718,93,1
9718,147,1
9718,148,0
9718,149,0
9718,150,0
9718,194,0
9718,196,0
9718,197,0
9718,198,0
9718,200,0
9718,201,0
9718,202,0
9718,203,0
9719,1,1
9719,5,1
9719,6,1
9719,7,1
9719,9,0
9719,10,0
9719,11,0
9719,12,1
9719,49,1
9719,50,1
9719,52,1
9719,53,1
9719,54,1
9719,56,1
9719,57,1
9719,59,1
9719,60,1
9719,61,1
9719,63,1
9719,64,1
9719,65,1
9719,66,1
9719,67,1
9719,72,1
9719,73,1
9719,74,1
9719,82,1
9719,83,1
9719,84,1
9719,86,1
9719,87,1
9719,88,1
9719,90,1
9719,91,1
9719,92,1
9719,93,0
9719,147,1
9719,148,0
9719,149,0
9719,150,0
9719,194,0
9719,196,0
9719,197,0
9719,198,0
9719,200,0
9719,201,0
9719,202,0
9719,203,0
9720,1,1
9720,2,1
9720,3,0
9720,5,1
9720,6,1
9720,7,1
9720,29,0
9720,30,0
9720,31,0
9720,32,0
9720,33,0
9720,34,0
9720,35,0
9720,36,0
9720,37,0
9720,39,1
9720,72,1
9720,73,1
9720,74,1
9720,82,1
9720,83,1
9720,84,1
9720,86,1
9720,87,1
9720,88,1
9720,90,1
9720,91,1
9720,92,1
9720,93,1
9720,147,1
9720,148,0
9720,149,0
9720,150,0
9720,194,0
9720,196,0
9720,197,0
9720,198,0
9720,200,0
9720,201,1
9720,202,0
9720,203,0
9722,1,1
9722,2,0
9722,3,1
9722,5,1
9722,6,1
9722,7,1
9722,9,0
9722,10,1
9722,11,0
9722,12,0
9722,49,1
9722,50,1
9722,52,1
9722,53,1
9722,54,1
9722,56,1
9722,57,1
9722,59,1
9722,60,1
9722,61,1
9722,63,1
9722,64,1
9722,65,1
9722,66,1
9722,67,1
9722,72,0
9722,73,1
9722,74,1
9722,82,1
9722,83,1
9722,84,1
9722,86,1
9722,87,1
9722,88,1
9722,90,1
9722,91,1
9722,92,1
9722,93,1
9722,147,1
9722,148,0
9722,149,0
9722,150,0
9722,194,0
9722,196,0
9722,197,0
9722,198,0
9722,200,0
9722,201,1
9722,202,0
9722,203,0
9729,1,1
9729,2,1
9729,3,0
9729,5,1
9729,6,1
9729,7,1
9729,29,1
9729,32,0
9729,33,0
9729,34,0
9729,35,0
9729,36,0
9729,37,0
9729,39,0
9729,40,0
9729,41,0
9729,49,1
9729,50,1
9729,52,1
9729,53,1
9729,54,1
9729,56,1
9729,57,1
9729,59,1
9729,60,1
9729,61,1
9729,63,1
9729,64,1
9729,65,1
9729,66,1
9729,67,1
9729,72,0
9729,73,0
9729,74,1
9729,82,1
9729,83,1
9729,84,1
9729,86,1
9729,87,1
9729,88,1
9729,90,1
9729,91,1
9729,92,0
9729,93,0
9729,147,1
9729,148,0
9729,149,0
9729,150,0
9729,194,0
9729,196,1
9729,197,0
9729,198,0
9729,200,0
9729,201,1
9729,202,0
9729,203,0
9735,1,1
9735,2,0
9735,3,1
9735,5,1
9735,6,1
9735,7,1
9735,29,0
9735,30,0
9735,31,0
9735,32,0
9735,33,0
9735,34,0
9735,35,1
9735,36,1
9735,37,0
9735,39,0
9735,40,0
9735,41,0
9735,49,1
9735,50,1
9735,52,1
9735,53,1
9735,54,1
9735,56,1
9735,57,1
9735,59,1
9735,60,1
9735,61,1
9735,63,1
9735,64,1
9735,65,1
9735,66,1
9735,67,1
9735,72,1
9735,73,1
9735,74,1
9735,82,1
9735,83,1
9735,84,1
9735,86,1
9735,87,1
9735,88,1
9735,90,1
9735,91,1
9735,92,1
9735,93,1
9735,147,1
9735,148,0
9735,149,0
9735,150,0
9735,194,1
9735,196,1
9735,197,0
9735,198,0
9735,200,0
9735,201,1
9735,202,0
9735,203,0
9741,1,1
9741,2,0
9741,3,1
9741,5,1
9741,6,1
9741,7,1
9741,49,1
9741,50,1
9741,52,1
9741,53,1
9741,54,1
9741,56,1
9741,57,1
9741,59,1
9741,60,1
9741,61,1
9741,63,1
9741,64,1
9741,65,1
9741,66,1
9741,67,1
9741,72,0
9741,73,1
9741,74,1
9741,82,1
9741,83,1
9741,84,1
9741,86,1
9741,87,1
9741,88,1
9741,90,1
9741,91,1
9741,92,1
9741,93,1
9741,147,1
9741,148,0
9741,149,0
9741,150,0
9741,194,0
9741,196,0
9741,197,0
9741,198,0
9741,200,0
9741,201,1
9741,202,0
9741,203,0
9742,1,1
9742,2,0
9742,3,1
9742,5,1
9742,6,1
9742,7,1
9742,29,0
9742,30,0
9742,31,0
9742,32,1
9742,33,1
9742,34,0
9742,35,0
9742,36,0
9742,37,0
9742,39,0
9742,40,0
9742,41,0
9742,49,1
9742,50,1
9742,52,1
9742,53,1
9742,54,1
9742,56,1
9742,57,1
9742,59,1
9742,60,1
9742,61,1
9742,63,1
9742,64,1
9742,65,1
9742,66,1
9742,67,1
9742,72,1
9742,73,1
9742,74,1
9742,82,1
9742,83,1
9742,84,1
9742,86,1
9742,87,1
9742,88,1
9742,90,1
9742,91,1
9742,92,1
9742,93,1
9742,147,1
9742,148,0
9742,149,0
9742,150,0
9742,194,0
9742,196,0
9742,197,0
9742,198,0
9742,200,0
9742,201,1
9742,202,1
9742,203,0
9744,1,1
9744,2,0
9744,3,1
9744,5,1
9744,6,1
9744,7,1
9744,72,1
9744,73,1
9744,74,1
9744,82,1
9744,83,1
9744,84,1
9744,86,1
9744,87,1
9744,88,1
9744,90,1
9744,91,1
9744,92,1
9744,93,1
9744,147,1
9744,148,0
9744,149,0
9744,150,0
9744,194,0
9744,196,0
9744,197,0
9744,198,0
9744,200,0
9744,201,1
9744,202,0
9744,203,0
9747,1,1
9747,2,1
9747,3,0
9747,29,1
9747,30,1
9747,31,0
9747,32,0
9747,33,0
9747,34,0
9747,35,0
9747,36,0
9747,37,0
9747,39,0
9747,40,0
9747,41,0
9747,49,1
9747,50,1
9747,52,1
9747,53,1
9747,54,1
9747,56,1
9747,57,1
9747,59,1
9747,60,1
9747,61,1
9747,63,1
9747,64,1
9747,65,1
9747,66,1
9747,67,1
9747,72,0
9747,73,1
9747,74,1
9747,82,1
9747,83,1
9747,84,1
9747,86,1
9747,87,1
9747,88,1
9747,90,1
9747,91,1
9747,92,1
9747,93,1
9747,147,1
9747,148,0
9747,149,0
9747,150,0
9755,1,1
9755,2,0
9755,3,1
9755,5,1
9755,6,1
9755,7,1
9755,9,1
9755,10,0
9755,11,0
9755,12,0
9755,29,0
9755,30,0
9755,31,0
9755,32,0
9755,33,0
9755,34,0
9755,35,1
9755,36,1
9755,37,0
9755,39,0
9755,40,0
9755,41,0
9755,49,1
9755,50,1
9755,52,1
9755,53,1
9755,54,1
9755,56,1
9755,57,1
9755,59,1
9755,60,1
9755,61,1
9755,63,1
9755,64,1
9755,65,1
9755,66,1
9755,67,1
9755,72,1
9755,73,1
9755,74,1
9755,82,1
9755,83,1
9755,84,1
9755,86,1
9755,87,1
9755,88,1
9755,90,1
9755,91,1
9755,92,1
9755,93,1
9755,147,1
9755,148,0
9755,149,0
9755,150,0
9755,194,0
9755,196,1
9755,197,0
9755,198,0
9755,200,0
9755,201,1
9755,202,0
9755,203,1
9759,1,1
9759,2,0
9759,3,1
9759,5,1
9759,6,1
9759,7,1
9759,29,1
9759,32,0
9759,33,0
9759,34,0
9759,35,0
9759,36,0
9759,37,0
9759,39,0
9759,40,0
9759,41,0
9759,49,1
9759,50,1
9759,52,1
9759,53,1
9759,54,1
9759,56,1
9759,57,1
9759,59,1
9759,60,1
9759,61,1
9759,63,1
9759,64,1
9759,65,1
9759,66,1
9759,67,1
9759,72,1
9759,73,1
9759,74,1
9759,82,1
9759,83,1
9759,84,1
9759,86,1
9759,87,1
9759,88,1
9759,90,1
9759,91,1
9759,92,1
9759,93,1
9759,147,1
9759,148,0
9759,149,0
9759,150,0
9759,194,0
9759,196,0
9759,197,0
9759,198,0
9759,200,0
9759,201,1
9759,202,0
9759,203,0
9763,1,1
9763,2,1
9763,3,0
9763,5,1
9763,6,1
9763,7,1
9763,9,0
9763,10,1
9763,11,0
9763,12,0
9763,49,1
9763,50,1
9763,52,1
9763,53,1
9763,54,1
9763,56,1
9763,57,1
9763,59,1
9763,60,1
9763,61,1
9763,63,1
9763,64,1
9763,65,1
9763,66,1
9763,67,1
9763,72,1
9763,73,1
9763,74,1
9763,82,1
9763,83,1
9763,84,1
9763,86,1
9763,87,1
9763,88,1
9763,90,1
9763,91,1
9763,92,1
9763,93,1
9763,147,1
9763,148,0
9763,149,0
9763,150,0
9763,194,0
9763,196,0
9763,197,0
9763,198,0
9763,200,0
9763,201,1
9763,202,0
9763,203,0
9769,1,1
9769,2,1
9769,3,0
9769,5,1
9769,6,1
9769,7,1
9769,56,1
9769,57,1
9769,59,1
9769,60,1
9769,61,1
9769,63,1
9769,64,1
9769,65,1
9769,66,1
9769,67,1
9769,72,1
9769,73,1
9769,74,1
9769,82,1
9769,83,1
9769,84,1
9769,90,1
9769,91,1
9769,92,1
9769,93,1
9769,147,1
9769,148,0
9769,149,0
9769,150,0
9769,194,0
9769,196,0
9769,197,0
9769,198,0
9769,200,0
9769,201,0
9769,202,0
9769,203,0
9772,1,1
9772,2,0
9772,3,1
9772,5,1
9772,6,1
9772,7,1
9772,29,1
9772,30,0
9772,31,1
9772,32,0
9772,33,0
9772,34,0
9772,35,0
9772,36,0
9772,37,0
9772,39,0
9772,40,0
9772,41,0
9772,49,1
9772,50,1
9772,52,1
9772,53,1
9772,54,1
9772,56,1
9772,57,1
9772,59,1
9772,60,1
9772,61,1
9772,63,1
9772,64,1
9772,65,1
9772,66,1
9772,67,1
9772,72,1
9772,73,1
9772,74,1
9772,82,1
9772,83,1
9772,84,1
9772,86,1
9772,87,1
9772,88,1
9772,90,1
9772,91,1
9772,92,1
9772,93,1
9772,147,1
9772,148,0
9772,149,0
9772,150,0
9772,194,0
9772,196,0
9772,197,0
9772,198,0
9772,200,0
9772,201,1
9772,202,0
9772,203,0
9773,1,1
9773,2,0
9773,3,1
9773,5,1
9773,6,1
9773,7,1
9773,72,1
9773,73,1
9773,74,1
9773,82,1
9773,83,1
9773,84,1
9773,90,1
9773,91,1
9773,92,1
9773,93,1
9773,147,1
9773,148,0
9773,149,0
9773,150,0
9773,194,0
9773,196,0
9773,197,0
9773,198,0
9773,200,0
9773,201,0
9773,202,1
9773,203,0
9777,1,1
9777,2,1
9777,3,0
9777,5,1
9777,6,1
9777,7,1
9777,9,1
9777,10,0
9777,11,0
9777,12,0
9777,29,0
9777,30,0
9777,31,0
9777,32,1
9777,33,0
9777,34,1
9777,35,0
9777,36,0
9777,37,0
9777,39,0
9777,40,0
9777,41,0
9777,49,1
9777,50,1
9777,52,1
9777,53,1
9777,54,1
9777,56,1
9777,57,1
9777,59,1
9777,60,1
9777,61,1
9777,63,1
9777,64,1
9777,65,1
9777,66,1
9777,67,1
9777,72,0
9777,73,1
9777,74,1
9777,82,1
9777,83,1
9777,84,1
9777,86,1
9777,87,1
9777,88,1
9777,90,1
9777,91,1
9777,92,1
9777,93,1
9777,147,1
9777,148,0
9777,149,0
9777,150,0
9777,194,0
9777,196,0
9777,197,0
9777,198,0
9777,200,0
9777,201,0
9777,202,0
9777,203,0
9779,1,1
9779,2,0
9779,3,1
9779,5,1
9779,6,1
9779,7,1
9779,56,1
9779,57,1
9779,59,1
9779,60,1
9779,61,1
9779,63,1
9779,64,1
9779,65,1
9779,66,1
9779,67,1
9779,72,1
9779,73,1
9779,74,1
9779,82,1
9779,83,1
9779,84,1
9779,86,1
9779,87,1
9779,88,1
9779,90,1
9779,91,1
9779,92,1
9779,93,1
9779,147,1
9779,148,0
9779,149,0
9779,150,0
9779,194,0
9779,196,0
9779,197,0
9779,198,0
9779,200,0
9779,201,1
9779,202,0
9779,203,0
9781,1,1
9781,2,0
9781,3,1
9781,5,1
9781,6,1
9781,7,1
9781,147,1
9781,148,0
9781,149,0
9781,150,0
9781,194,0
9781,196,0
9781,197,0
9781,198,0
9781,200,0
9781,201,1
9781,202,0
9781,203,0
9786,1,1
9786,2,0
9786,3,1
9786,5,1
9786,6,1
9786,7,1
9786,147,1
9786,148,0
9786,149,0
9786,150,0
9786,194,0
9786,196,0
9786,197,0
9786,198,0
9786,200,0
9786,201,1
9786,202,0
9786,203,0
9788,1,1
9788,2,0
9788,3,1
9788,5,1
9788,6,1
9788,7,1
9788,9,1
9788,10,0
9788,11,0
9788,12,0
9788,29,1
9788,30,0
9788,31,1
9788,32,0
9788,33,0
9788,34,0
9788,35,0
9788,36,0
9788,37,0
9788,39,0
9788,40,0
9788,41,0
9788,49,1
9788,50,1
9788,52,1
9788,53,1
9788,54,1
9788,56,1
9788,57,1
9788,59,1
9788,60,1
9788,61,1
9788,63,1
9788,64,1
9788,65,1
9788,66,1
9788,67,1
9788,72,1
9788,73,1
9788,74,1
9788,82,1
9788,83,1
9788,84,1
9788,86,1
9788,87,1
9788,88,1
9788,90,1
9788,91,1
9788,92,1
9788,93,1
9788,147,1
9788,148,0
9788,149,0
9788,150,0
9788,194,0
9788,196,0
9788,197,0
9788,198,0
9788,200,0
9788,201,1
9788,202,0
9788,203,0
9789,1,1
9789,2,0
9789,3,1
9789,5,1
9789,6,1
9789,7,1
9789,29,1
9789,32,0
9789,33,0
9789,34,0
9789,35,0
9789,36,0
9789,37,0
9789,39,0
9789,40,0
9789,41,0
9789,49,1
9789,50,1
9789,52,1
9789,53,1
9789,54,1
9789,56,1
9789,57,1
9789,59,1
9789,60,1
9789,61,1
9789,63,1
9789,64,1
9789,65,1
9789,66,1
9789,67,1
9789,72,1
9789,73,1
9789,74,1
9789,82,1
9789,83,1
9789,84,1
9789,86,1
9789,87,1
9789,88,1
9789,90,1
9789,91,1
9789,92,1
9789,93,1
9789,147,1
9789,148,0
9789,149,0
9789,150,0
9789,194,0
9789,196,0
9789,197,0
9789,198,0
9789,200,0
9789,201,0
9789,202,0
9789,203,0
9790,1,1
9790,2,0
9790,3,1
9790,5,1
9790,6,1
9790,7,1
9790,49,1
9790,50,1
9790,52,1
9790,53,1
9790,54,1
9790,56,1
9790,57,1
9790,59,1
9790,60,1
9790,61,1
9790,63,1
9790,64,1
9790,65,1
9790,66,1
9790,67,1
9790,72,1
9790,73,1
9790,74,1
9790,82,1
9790,83,1
9790,84,1
9790,86,1
9790,87,1
9790,88,1
9790,90,1
9790,91,1
9790,92,1
9790,93,1
9790,147,1
9790,148,0
9790,149,0
9790,150,0
9790,194,0
9790,196,0
9790,197,0
9790,198,0
9790,200,0
9790,201,0
9790,202,0
9790,203,0
9792,1,1
9792,2,0
9792,3,1
9792,5,1
9792,6,1
9792,7,1
9792,29,1
9792,30,1
9792,31,0
9792,32,0
9792,33,0
9792,34,0
9792,35,0
9792,36,0
9792,37,0
9792,39,0
9792,40,0
9792,41,0
9792,49,1
9792,50,1
9792,52,1
9792,53,1
9792,54,1
9792,56,1
9792,57,1
9792,59,1
9792,60,1
9792,61,1
9792,63,1
9792,64,1
9792,65,1
9792,66,1
9792,67,1
9792,72,0
9792,73,1
9792,74,1
9792,82,1
9792,83,1
9792,84,1
9792,86,1
9792,87,1
9792,88,1
9792,90,1
9792,91,1
9792,92,1
9792,93,0
9792,147,1
9792,148,0
9792,149,0
9792,150,0
9792,194,0
9792,196,0
9792,197,0
9792,198,0
9792,200,0
9792,201,0
9792,202,0
9792,203,0
9793,1,1
9793,2,0
9793,3,1
9793,5,1
9793,6,1
9793,7,1
9793,72,1
9793,73,1
9793,74,1
9793,82,1
9793,83,1
9793,84,1
9793,86,1
9793,87,1
9793,88,1
9793,90,1
9793,91,1
9793,92,1
9793,93,0
9793,147,1
9793,148,0
9793,149,0
9793,150,0
9793,194,0
9793,196,0
9793,197,0
9793,198,0
9793,200,0
9793,201,1
9793,202,0
9793,203,0
9796,1,1
9796,2,1
9796,3,0
9796,5,1
9796,6,1
9796,7,1
9796,72,1
9796,73,1
9796,74,1
9796,82,1
9796,83,1
9796,84,1
9796,86,1
9796,87,1
9796,88,1
9796,90,1
9796,91,1
9796,92,0
9796,93,0
9796,147,1
9796,148,0
9796,149,0
9796,150,0
9796,194,0
9796,196,0
9796,197,0
9796,198,0
9796,200,0
9796,201,1
9796,202,0
9796,203,0
9800,1,1
9800,2,0
9800,3,1
9800,5,1
9800,6,1
9800,7,1
9800,56,1
9800,57,1
9800,59,1
9800,60,1
9800,61,1
9800,63,1
9800,64,1
9800,65,1
9800,66,1
9800,67,1
9800,72,1
9800,73,1
9800,74,1
9800,82,1
9800,83,1
9800,84,1
9800,86,1
9800,87,1
9800,88,1
9800,90,1
9800,91,1
9800,92,1
9800,93,1
9800,147,1
9800,148,0
9800,149,0
9800,150,0
9800,194,0
9800,196,0
9800,197,0
9800,198,0
9800,200,0
9800,201,0
9800,202,0
9800,203,0
9804,1,1
9804,2,0
9804,3,1
9804,5,1
9804,6,1
9804,7,1
9804,49,1
9804,50,1
9804,52,1
9804,53,1
9804,54,1
9804,56,1
9804,57,1
9804,59,1
9804,60,1
9804,61,1
9804,63,1
9804,64,1
9804,65,1
9804,66,1
9804,67,1
9804,72,1
9804,73,1
9804,74,1
9804,82,1
9804,83,1
9804,84,1
9804,86,1
9804,87,1
9804,88,1
9804,90,1
9804,91,1
9804,92,1
9804,93,1
9804,147,1
9804,148,0
9804,149,0
9804,150,0
9804,194,0
9804,196,0
9804,197,0
9804,198,0
9804,200,0
9804,201,1
9804,202,0
9804,203,0
9810,1,1
9810,5,1
9810,6,1
9810,7,1
9810,29,0
9810,30,0
9810,31,0
9810,32,0
9810,33,0
9810,34,0
9810,35,0
9810,36,0
9810,37,0
9810,39,1
9810,49,1
9810,50,1
9810,52,1
9810,53,1
9810,54,1
9810,56,1
9810,57,1
9810,59,1
9810,60,1
9810,61,1
9810,63,0
9810,64,1
9810,65,1
9810,66,1
9810,67,1
9810,72,1
9810,73,1
9810,74,1
9810,82,1
9810,83,1
9810,84,1
9810,86,1
9810,87,1
9810,88,1
9810,90,1
9810,91,1
9810,92,1
9810,93,1
9810,147,1
9810,148,0
9810,149,0
9810,150,0
9810,194,0
9810,196,0
9810,197,0
9810,198,0
9810,200,0
9810,201,1
9810,202,0
9810,203,0
9816,1,1
9816,2,1
9816,3,0
9816,5,1
9816,6,1
9816,7,1
9816,49,1
9816,50,1
9816,52,1
9816,53,1
9816,54,1
9816,56,1
9816,57,1
9816,59,1
9816,60,1
9816,61,1
9816,63,1
9816,64,1
9816,65,1
9816,66,1
9816,67,1
9816,72,1
9816,73,1
9816,74,1
9816,82,1
9816,83,1
9816,84,1
9816,86,1
9816,87,1
9816,88,1
9816,90,1
9816,91,1
9816,92,1
9816,93,1
9816,147,1
9816,148,0
9816,149,0
9816,150,0
9816,194,0
9816,196,0
9816,197,0
9816,198,0
9816,200,0
9816,201,1
9816,202,0
9816,203,0
9818,1,1
9818,2,1
9818,3,0
9818,5,1
9818,6,1
9818,7,1
9818,29,1
9818,30,1
9818,31,0
9818,32,0
9818,33,0
9818,34,0
9818,35,0
9818,36,0
9818,37,0
9818,39,0
9818,40,0
9818,41,0
9818,56,1
9818,57,1
9818,59,1
9818,60,1
9818,61,1
9818,63,1
9818,64,1
9818,65,1
9818,66,1
9818,67,1
9818,72,1
9818,73,1
9818,74,1
9818,82,1
9818,83,1
9818,84,1
9818,86,1
9818,87,1
9818,88,1
9818,90,1
9818,91,1
9818,92,1
9818,93,1
9818,147,1
9818,148,0
9818,149,0
9818,150,0
9818,194,0
9818,196,0
9818,197,0
9818,198,0
9818,200,0
9818,201,1
9818,202,0
9818,203,0
9823,1,1
9823,2,1
9823,3,0
9823,5,1
9823,6,1
9823,7,1
9823,9,0
9823,10,1
9823,11,0
9823,12,0
9823,29,0
9823,30,0
9823,31,0
9823,32,0
9823,33,0
9823,34,0
9823,35,1
9823,36,1
9823,37,0
9823,39,0
9823,40,0
9823,41,0
9823,49,1
9823,50,1
9823,52,1
9823,53,1
9823,54,1
9823,56,1
9823,57,1
9823,59,1
9823,60,1
9823,61,1
9823,63,1
9823,64,1
9823,65,1
9823,66,1
9823,67,1
9823,72,1
9823,73,1
9823,74,1
9823,82,1
9823,83,1
9823,84,1
9823,86,1
9823,87,1
9823,88,1
9823,90,1
9823,91,1
9823,92,1
9823,93,1
9823,147,1
9823,148,0
9823,149,1
9823,150,0
9823,152,1
9823,153,1
9823,154,0
9823,155,1
9823,157,1
9823,159,0
9823,160,0
9823,164,0
9823,170,0
9823,171,0
9823,172,0
9823,173,0
9823,174,0
9823,175,0
9823,176,0
9823,177,0
9823,178,0
9823,181,0
9823,182,0
9823,183,0
9823,184,0
9823,194,0
9823,196,0
9823,197,0
9823,198,0
9823,200,0
9823,201,1
9823,202,0
9823,203,0
9825,1,1
9825,2,0
9825,3,1
9825,5,1
9825,6,1
9825,7,1
9825,29,1
9825,32,0
9825,33,0
9825,34,0
9825,35,0
9825,36,0
9825,37,0
9825,39,0
9825,40,0
9825,41,0
9825,49,1
9825,50,1
9825,52,1
9825,53,1
9825,54,1
9825,56,1
9825,57,1
9825,59,1
9825,60,1
9825,61,1
9825,63,0
9825,64,1
9825,65,1
9825,66,1
9825,67,1
9825,72,1
9825,73,1
9825,74,1
9825,82,1
9825,83,1
9825,84,1
9825,86,1
9825,87,1
9825,88,1
9825,90,1
9825,91,1
9825,92,1
9825,93,0
9825,147,1
9825,148,0
9825,149,0
9825,150,0
9825,194,0
9825,196,0
9825,197,0
9825,198,0
9825,200,0
9825,201,1
9825,202,1
9825,203,0
10076,1,1
10076,2,0
10076,3,1
10076,5,1
10076,6,1
10076,7,1
10076,9,1
10076,10,0
10076,11,0
10076,12,0
10076,49,1
10076,50,1
10076,52,1
10076,53,1
10076,54,1
10076,56,1
10076,57,1
10076,59,1
10076,60,1
10076,61,1
10076,63,1
10076,64,1
10076,65,1
10076,66,1
10076,67,1
10076,72,1
10076,73,1
10076,74,1
10076,82,1
10076,83,1
10076,84,1
10076,86,1
10076,87,1
10076,88,1
10076,90,1
10076,91,1
10076,92,1
10076,93,1
10076,147,1
10076,148,0
10076,149,0
10076,150,0
10076,194,0
10076,196,0
10076,197,0
10076,198,0
10076,200,0
10076,201,0
10076,202,0
10076,203,0
10083,1,1
10083,2,0
10083,3,1
10083,5,1
10083,6,1
10083,7,1
10083,29,0
10083,30,0
10083,31,0
10083,32,1
10083,35,0
10083,36,0
10083,37,0
10083,39,0
10083,40,0
10083,41,0
10083,49,1
10083,50,1
10083,52,1
10083,53,1
10083,54,1
10083,56,1
10083,57,1
10083,59,1
10083,60,1
10083,61,1
10083,63,1
10083,64,1
10083,65,1
10083,66,1
10083,67,1
10083,72,0
10083,73,0
10083,74,0
10083,82,1
10083,83,1
10083,84,1
10083,86,1
10083,87,1
10083,88,1
10083,90,1
10083,91,1
10083,92,1
10083,93,0
10083,147,1
10083,148,0
10083,149,0
10083,150,0
10083,194,0
10083,196,0
10083,197,0
10083,198,0
10083,200,0
10083,201,0
10083,202,0
10083,203,0
10084,1,1
10084,2,0
10084,3,1
10084,5,1
10084,6,1
10084,7,1
10084,9,0
10084,10,1
10084,11,0
10084,12,0
10084,29,0
10084,30,0
10084,31,0
10084,32,0
10084,33,0
10084,34,0
10084,35,0
10084,36,0
10084,37,0
10084,39,1
10084,49,1
10084,50,1
10084,52,1
10084,53,1
10084,54,1
10084,56,1
10084,57,1
10084,59,1
10084,60,1
10084,61,1
10084,63,1
10084,64,1
10084,65,1
10084,66,1
10084,67,1
10084,72,1
10084,73,1
10084,74,1
10084,82,1
10084,83,1
10084,84,1
10084,86,1
10084,87,1
10084,88,1
10084,90,1
10084,91,1
10084,92,1
10084,93,1
10084,147,1
10084,148,0
10084,149,0
10084,150,0
10084,194,0
10084,196,0
10084,197,0
10084,198,0
10084,200,0
10084,201,1
10084,202,0
10084,203,0
10095,1,1
10095,2,0
10095,3,1
10095,5,1
10095,6,1
10095,7,1
10095,49,1
10095,50,1
10095,52,1
10095,53,1
10095,54,1
10095,56,1
10095,57,1
10095,59,1
10095,60,1
10095,61,1
10095,63,1
10095,64,1
10095,65,1
10095,66,1
10095,67,1
10095,72,1
10095,73,1
10095,74,1
10095,82,1
10095,83,1
10095,84,1
10095,86,1
10095,87,1
10095,88,1
10095,90,1
10095,91,1
10095,92,1
10095,93,1
10095,147,1
10095,148,0
10095,149,0
10095,150,0
10095,194,0
10095,196,0
10095,197,0
10095,198,0
10095,200,0
10095,201,0
10095,202,0
10095,203,0
10101,1,1
10101,2,0
10101,3,1
10101,5,1
10101,6,1
10101,7,1
10101,72,1
10101,73,1
10101,74,1
10101,82,1
10101,83,1
10101,84,1
10101,90,1
10101,91,1
10101,92,1
10101,93,1
10101,147,1
10101,148,0
10101,149,0
10101,150,0
10101,194,0
10101,196,0
10101,197,0
10101,198,0
10101,200,0
10101,201,0
10101,202,0
10101,203,0
10111,1,1
10111,2,0
10111,3,1
10111,5,1
10111,6,1
10111,7,1
10111,9,0
10111,10,0
10111,11,1
10111,12,0
10111,29,0
10111,30,0
10111,31,0
10111,32,0
10111,33,0
10111,34,0
10111,35,0
10111,36,0
10111,37,0
10111,39,1
10111,49,1
10111,50,1
10111,52,1
10111,53,1
10111,54,1
10111,56,1
10111,57,1
10111,59,1
10111,60,1
10111,61,1
10111,63,1
10111,64,1
10111,65,1
10111,66,1
10111,67,1
10111,72,0
10111,73,0
10111,74,1
10111,82,1
10111,83,1
10111,84,1
10111,86,1
10111,87,1
10111,88,1
10111,90,1
10111,91,1
10111,92,0
10111,93,0
10111,147,0
10111,148,0
10111,149,0
10111,150,1
10111,152,1
10111,153,0
10111,154,0
10111,155,0
10111,157,1
10111,159,1
10111,160,0
10111,164,0
10111,170,1
10111,171,1
10111,172,1
10111,173,0
10111,174,0
10111,175,1
10111,176,0
10111,177,0
10111,178,0
10111,181,0
10111,182,0
10111,183,0
10111,184,0
10111,194,0
10111,196,0
10111,197,0
10111,198,0
10111,200,0
10111,201,1
10111,202,0
10111,203,0
10112,1,1
10112,2,0
10112,3,1
10112,5,1
10112,6,1
10112,7,1
10112,49,1
10112,50,1
10112,52,1
10112,53,1
10112,54,1
10112,56,0
10112,57,1
10112,59,1
10112,60,1
10112,61,1
10112,63,1
10112,64,1
10112,65,1
10112,66,1
10112,67,1
10112,72,1
10112,73,1
10112,74,1
10112,82,1
10112,83,0
10112,84,0
10112,86,1
10112,87,1
10112,88,1
10112,90,1
10112,91,1
10112,92,0
10112,93,0
10112,147,1
10112,148,0
10112,149,0
10112,150,0
10112,194,0
10112,196,0
10112,197,0
10112,198,0
10112,200,0
10112,201,1
10112,202,0
10112,203,0
10113,1,1
10113,2,0
10113,3,1
10113,5,1
10113,6,1
10113,7,1
10113,29,1
10113,30,1
10113,31,0
10113,32,0
10113,33,0
10113,34,0
10113,35,0
10113,36,0
10113,37,0
10113,39,0
10113,40,0
10113,41,0
10113,49,1
10113,50,1
10113,52,1
10113,53,1
10113,54,1
10113,56,1
10113,57,1
10113,59,1
10113,60,1
10113,61,1
10113,63,1
10113,64,1
10113,65,1
10113,66,1
10113,67,1
10113,72,1
10113,73,1
10113,74,1
10113,82,1
10113,83,1
10113,84,1
10113,86,1
10113,87,1
10113,88,1
10113,90,1
10113,91,1
10113,92,1
10113,93,1
10113,147,1
10113,148,0
10113,149,0
10113,150,0
10113,194,0
10113,196,0
10113,197,0
10113,198,0
10113,200,0
10113,201,1
10113,202,0
10113,203,0
10116,1,1
10116,2,0
10116,3,1
10116,5,1
10116,6,1
10116,7,1
10116,49,1
10116,50,1
10116,52,1
10116,53,1
10116,54,1
10116,56,1
10116,57,1
10116,59,1
10116,60,1
10116,61,1
10116,63,1
10116,64,1
10116,65,1
10116,66,1
10116,67,1
10116,72,1
10116,73,1
10116,74,1
10116,82,1
10116,83,1
10116,84,1
10116,86,1
10116,87,1
10116,88,1
10116,90,1
10116,91,1
10116,92,1
10116,93,1
10116,147,1
10116,148,0
10116,149,0
10116,150,0
10116,194,0
10116,196,0
10116,197,0
10116,198,0
10116,200,0
10116,201,1
10116,202,0
10116,203,0
10118,1,1
10118,2,0
10118,3,1
10118,5,1
10118,6,1
10118,7,1
10118,49,1
10118,50,1
10118,52,1
10118,53,1
10118,54,1
10118,56,1
10118,57,1
10118,59,1
10118,60,1
10118,61,1
10118,63,1
10118,64,1
10118,65,1
10118,66,1
10118,67,1
10118,72,1
10118,73,1
10118,74,1
10118,82,1
10118,83,1
10118,84,1
10118,86,1
10118,87,1
10118,88,1
10118,90,1
10118,91,1
10118,92,0
10118,93,0
10118,147,1
10118,148,0
10118,149,0
10118,150,0
10118,194,0
10118,196,0
10118,197,0
10118,198,0
10118,200,0
10118,201,1
10118,202,1
10118,203,0
10122,1,1
10122,2,1
10122,3,0
10122,5,1
10122,6,1
10122,7,1
10122,49,1
10122,50,1
10122,52,1
10122,53,1
10122,54,1
10122,56,1
10122,57,1
10122,59,1
10122,60,1
10122,61,1
10122,63,1
10122,64,1
10122,65,1
10122,66,1
10122,67,1
10122,72,1
10122,73,1
10122,74,1
10122,82,1
10122,83,1
10122,84,1
10122,86,1
10122,87,1
10122,88,1
10122,90,1
10122,91,1
10122,92,1
10122,93,1
10122,147,1
10122,148,0
10122,149,0
10122,150,0
10122,194,0
10122,196,0
10122,197,0
10122,198,0
10122,200,0
10122,201,0
10122,202,0
10122,203,0
10130,1,1
10130,2,1
10130,3,0
10130,5,1
10130,6,1
10130,7,1
10130,49,0
10130,50,0
10130,52,1
10130,53,1
10130,54,1
10130,56,0
10130,57,1
10130,59,1
10130,60,1
10130,61,1
10130,63,0
10130,64,0
10130,65,1
10130,66,1
10130,67,1
10130,72,1
10130,73,1
10130,74,1
10130,82,0
10130,83,0
10130,84,0
10130,86,1
10130,87,1
10130,88,1
10130,90,1
10130,91,1
10130,92,1
10130,93,1
10130,147,1
10130,148,0
10130,149,0
10130,150,0
10130,194,1
10130,196,0
10130,197,0
10130,198,0
10130,200,0
10130,201,1
10130,202,0
10130,203,0
10132,1,1
10132,2,1
10132,3,0
10132,5,1
10132,6,1
10132,7,1
10132,49,1
10132,50,1
10132,52,1
10132,53,1
10132,54,1
10132,56,1
10132,57,1
10132,59,1
10132,60,1
10132,61,1
10132,63,1
10132,64,1
10132,65,1
10132,66,1
10132,67,1
10132,72,1
10132,73,1
10132,74,1
10132,82,1
10132,83,1
10132,84,1
10132,86,1
10132,87,1
10132,88,1
10132,90,1
10132,91,1
10132,92,1
10132,93,0
10132,147,1
10132,148,0
10132,149,0
10132,150,0
10132,194,0
10132,196,0
10132,197,0
10132,198,0
10132,200,0
10132,201,1
10132,202,0
10132,203,0
10138,1,1
10138,2,1
10138,3,0
10138,5,1
10138,6,1
10138,7,1
10138,9,1
10138,10,0
10138,11,0
10138,12,0
10138,49,1
10138,50,1
10138,52,1
10138,53,1
10138,54,1
10138,56,1
10138,57,1
10138,59,1
10138,60,1
10138,61,1
10138,63,1
10138,64,1
10138,65,1
10138,66,1
10138,67,1
10138,72,1
10138,73,1
10138,74,1
10138,82,1
10138,83,1
10138,84,1
10138,86,1
10138,87,1
10138,88,1
10138,90,1
10138,91,1
10138,92,1
10138,93,1
10138,147,0
10138,148,0
10138,149,1
10138,150,0
10138,152,1
10138,153,1
10138,154,1
10138,155,1
10138,157,0
10138,159,0
10138,160,0
10138,164,0
10138,170,1
10138,171,1
10138,172,0
10138,173,0
10138,174,0
10138,175,0
10138,176,1
10138,177,0
10138,178,0
10138,181,0
10138,182,0
10138,183,0
10138,184,0
10138,194,0
10138,196,0
10138,197,0
10138,198,0
10138,200,0
10138,201,1
10138,202,0
10138,203,0
10142,1,1
10142,2,0
10142,3,1
10142,5,1
10142,6,1
10142,7,1
10142,49,1
10142,50,1
10142,52,1
10142,53,1
10142,54,1
10142,56,1
10142,57,1
10142,59,1
10142,60,1
10142,61,1
10142,63,1
10142,64,1
10142,65,1
10142,66,1
10142,67,1
10142,72,1
10142,73,1
10142,74,1
10142,82,1
10142,83,1
10142,84,1
10142,86,1
10142,87,1
10142,88,1
10142,90,1
10142,91,1
10142,92,1
10142,93,1
10142,147,1
10142,148,0
10142,149,0
10142,150,0
10142,194,0
10142,196,0
10142,197,0
10142,198,0
10142,200,0
10142,201,1
10142,202,0
10142,203,0
10143,1,1
10143,2,0
10143,3,1
10143,5,1
10143,6,1
10143,7,1
10143,29,1
10143,30,1
10143,31,0
10143,32,0
10143,33,0
10143,34,0
10143,35,0
10143,36,0
10143,37,0
10143,39,0
10143,40,0
10143,41,0
10143,49,1
10143,50,1
10143,52,1
10143,53,1
10143,54,1
10143,56,1
10143,57,1
10143,59,1
10143,60,1
10143,61,1
10143,63,1
10143,64,1
10143,65,1
10143,66,1
10143,67,1
10143,72,1
10143,73,1
10143,74,1
10143,82,1
10143,83,1
10143,84,1
10143,86,1
10143,87,1
10143,88,1
10143,90,1
10143,91,1
10143,92,0
10143,93,0
10143,147,1
10143,148,0
10143,149,0
10143,150,0
10143,194,0
10143,196,0
10143,197,0
10143,198,0
10143,200,0
10143,201,0
10143,202,0
10143,203,0
10144,1,1
10144,2,1
10144,3,0
10144,5,1
10144,6,1
10144,7,1
10144,49,0
10144,50,1
10144,52,1
10144,53,1
10144,54,1
10144,56,0
10144,57,1
10144,59,1
10144,60,1
10144,61,1
10144,63,1
10144,64,1
10144,65,1
10144,66,1
10144,67,1
10144,72,1
10144,73,1
10144,74,1
10144,82,1
10144,83,1
10144,84,1
10144,86,1
10144,87,1
10144,88,1
10144,90,1
10144,91,1
10144,92,1
10144,93,0
10144,147,1
10144,148,0
10144,149,0
10144,150,0
10144,194,1
10144,196,0
10144,197,0
10144,198,0
10144,200,0
10144,201,1
10144,202,0
10144,203,0
10152,1,1
10152,2,0
10152,3,1
10152,5,1
10152,6,1
10152,7,1
10152,9,1
10152,10,0
10152,11,0
10152,12,0
10152,29,1
10152,30,1
10152,31,0
10152,32,0
10152,33,0
10152,34,0
10152,35,0
10152,36,0
10152,37,0
10152,39,0
10152,40,0
10152,41,0
10152,49,1
10152,50,1
10152,52,1
10152,53,1
10152,54,1
10152,56,1
10152,57,1
10152,59,1
10152,60,1
10152,61,1
10152,63,1
10152,64,1
10152,65,1
10152,66,1
10152,67,1
10152,72,1
10152,73,1
10152,74,1
10152,82,1
10152,83,1
10152,84,1
10152,86,1
10152,87,1
10152,88,1
10152,90,1
10152,91,1
10152,92,1
10152,93,1
10152,147,1
10152,148,0
10152,149,0
10152,150,0
10152,194,0
10152,196,0
10152,197,0
10152,198,0
10152,200,0
10152,201,1
10152,202,0
10152,203,0
10155,1,1
10155,2,0
10155,3,1
10155,5,1
10155,6,1
10155,7,1
10155,29,1
10155,30,1
10155,31,0
10155,32,0
10155,33,0
10155,34,0
10155,35,0
10155,36,0
10155,37,0
10155,39,0
10155,40,0
10155,41,0
10155,72,1
10155,73,1
10155,74,1
10155,82,1
10155,83,1
10155,84,1
10155,86,1
10155,87,1
10155,88,1
10155,90,1
10155,91,1
10155,92,1
10155,93,1
10155,147,1
10155,148,0
10155,149,0
10155,150,0
10155,194,0
10155,196,0
10155,197,0
10155,198,0
10155,200,0
10155,201,1
10155,202,0
10155,203,0
10156,1,1
10156,5,1
10156,6,1
10156,7,1
10156,49,1
10156,50,1
10156,52,1
10156,53,1
10156,54,1
10156,56,1
10156,57,1
10156,59,1
10156,60,1
10156,61,1
10156,63,1
10156,64,1
10156,65,1
10156,66,1
10156,67,1
10156,72,1
10156,73,1
10156,74,1
10156,82,1
10156,83,1
10156,84,1
10156,86,1
10156,87,1
10156,88,1
10156,90,1
10156,91,1
10156,92,1
10156,93,1
10156,147,1
10156,148,0
10156,149,0
10156,150,0
10156,194,0
10156,196,0
10156,197,0
10156,198,0
10156,200,0
10156,201,0
10156,202,0
10156,203,0
10157,1,1
10157,2,0
10157,3,1
10157,5,1
10157,6,1
10157,7,1
10157,49,1
10157,50,1
10157,52,1
10157,53,1
10157,54,1
10157,56,1
10157,57,1
10157,59,1
10157,60,1
10157,61,1
10157,63,1
10157,64,1
10157,65,1
10157,66,1
10157,67,1
10157,72,1
10157,73,1
10157,74,1
10157,82,1
10157,83,1
10157,84,1
10157,86,1
10157,87,1
10157,88,1
10157,90,1
10157,91,1
10157,92,1
10157,93,1
10157,147,1
10157,148,0
10157,149,0
10157,150,0
10157,194,0
10157,196,0
10157,197,0
10157,198,0
10157,200,0
10157,201,1
10157,202,0
10157,203,0
10159,1,1
10159,2,0
10159,3,1
10159,5,1
10159,6,1
10159,7,1
10159,49,1
10159,50,1
10159,52,1
10159,53,1
10159,54,1
10159,56,1
10159,57,1
10159,59,1
10159,60,1
10159,61,1
10159,63,1
10159,64,1
10159,65,1
10159,66,1
10159,67,1
10159,72,1
10159,73,1
10159,74,1
10159,82,1
10159,83,1
10159,84,1
10159,86,1
10159,87,1
10159,88,1
10159,90,1
10159,91,1
10159,92,1
10159,93,1
10159,147,1
10159,148,0
10159,149,0
10159,150,0
10159,194,0
10159,196,0
10159,197,0
10159,198,0
10159,200,0
10159,201,1
10159,202,0
10159,203,0
10161,1,1
10161,2,0
10161,3,0
10161,5,1
10161,6,1
10161,7,1
10161,56,1
10161,57,1
10161,59,1
10161,60,1
10161,61,1
10161,63,1
10161,64,1
10161,65,1
10161,66,1
10161,67,1
10161,72,1
10161,73,1
10161,74,1
10161,82,1
10161,83,1
10161,84,1
10161,86,1
10161,87,1
10161,88,1
10161,90,1
10161,91,1
10161,92,1
10161,93,1
10161,147,1
10161,148,0
10161,149,0
10161,150,0
10161,194,0
10161,196,0
10161,197,0
10161,198,0
10161,200,0
10161,201,0
10161,202,0
10161,203,0
10164,1,1
10164,2,0
10164,3,1
10164,5,1
10164,6,1
10164,7,1
10164,49,1
10164,50,1
10164,52,1
10164,53,1
10164,54,1
10164,56,1
10164,57,1
10164,59,1
10164,60,1
10164,61,1
10164,63,1
10164,64,1
10164,65,1
10164,66,1
10164,67,1
10164,72,1
10164,73,1
10164,74,1
10164,82,1
10164,83,1
10164,84,1
10164,86,1
10164,87,1
10164,88,1
10164,90,1
10164,91,1
10164,92,1
10164,93,1
10164,147,1
10164,148,0
10164,149,0
10164,150,0
10164,194,0
10164,196,0
10164,197,0
10164,198,0
10164,200,0
10164,201,1
10164,202,0
10164,203,0
10353,1,1
10353,2,1
10353,3,0
10353,5,1
10353,6,1
10353,7,1
10353,9,1
10353,10,0
10353,11,0
10353,12,0
10353,29,0
10353,30,0
10353,31,0
10353,32,0
10353,33,0
10353,34,0
10353,35,1
10353,36,1
10353,37,0
10353,39,0
10353,40,0
10353,41,0
10353,49,1
10353,50,1
10353,52,1
10353,53,1
10353,54,1
10353,56,1
10353,57,1
10353,59,1
10353,60,1
10353,61,1
10353,63,1
10353,64,1
10353,65,1
10353,66,1
10353,67,1
10353,72,0
10353,73,1
10353,74,1
10353,82,1
10353,83,1
10353,84,1
10353,86,1
10353,87,1
10353,88,1
10353,90,1
10353,91,1
10353,92,1
10353,93,1
10353,147,0
10353,148,1
10353,149,0
10353,150,0
10353,152,1
10353,153,1
10353,154,0
10353,155,1
10353,157,0
10353,159,0
10353,160,0
10353,164,0
10353,170,0
10353,171,0
10353,172,0
10353,173,0
10353,174,0
10353,175,0
10353,176,0
10353,177,0
10353,178,0
10353,181,0
10353,182,0
10353,183,0
10353,184,0
10353,194,0
10353,196,0
10353,197,0
10353,198,0
10353,200,0
10353,201,1
10353,202,0
10353,203,0
10354,1,1
10354,2,0
10354,3,1
10354,5,1
10354,6,1
10354,7,1
10354,9,0
10354,10,1
10354,11,0
10354,12,0
10354,49,0
10354,50,1
10354,52,1
10354,53,1
10354,54,1
10354,56,1
10354,57,1
10354,59,1
10354,60,1
10354,61,1
10354,63,1
10354,64,1
10354,65,1
10354,66,1
10354,67,1
10354,72,1
10354,73,1
10354,74,1
10354,82,1
10354,83,1
10354,84,1
10354,86,1
10354,87,1
10354,88,1
10354,90,1
10354,91,1
10354,92,1
10354,93,1
10354,147,0
10354,148,0
10354,149,1
10354,150,0
10354,152,0
10354,153,0
10354,154,0
10354,155,0
10354,157,0
10354,159,0
10354,160,0
10354,164,0
10354,170,1
10354,171,1
10354,172,0
10354,173,0
10354,174,1
10354,175,1
10354,176,0
10354,177,0
10354,178,0
10354,181,0
10354,182,0
10354,183,0
10354,184,0
10354,194,0
10354,196,0
10354,197,0
10354,198,0
10354,200,0
10354,201,0
10354,202,0
10354,203,0
10355,1,1
10355,2,0
10355,3,1
10355,5,1
10355,6,1
10355,7,1
10355,49,0
10355,50,1
10355,52,1
10355,53,1
10355,54,1
10355,56,1
10355,57,1
10355,59,1
10355,60,1
10355,61,1
10355,63,1
10355,64,1
10355,65,1
10355,66,1
10355,67,1
10355,72,1
10355,73,1
10355,74,1
10355,82,1
10355,83,1
10355,84,1
10355,86,1
10355,87,1
10355,88,1
10355,90,1
10355,91,1
10355,92,1
10355,93,0
10355,147,1
10355,148,0
10355,149,0
10355,150,0
10355,194,1
10355,196,0
10355,197,0
10355,198,0
10355,200,0
10355,201,1
10355,202,0
10355,203,0
10356,1,1
10356,2,1
10356,3,0
10356,5,1
10356,6,1
10356,7,1
10356,9,1
10356,10,0
10356,11,0
10356,12,0
10356,29,0
10356,30,0
10356,31,0
10356,32,0
10356,33,0
10356,34,0
10356,35,1
10356,36,1
10356,37,0
10356,39,0
10356,40,0
10356,41,0
10356,49,1
10356,50,1
10356,52,1
10356,53,1
10356,54,1
10356,56,1
10356,57,1
10356,59,1
10356,60,1
10356,61,1
10356,63,1
10356,64,1
10356,65,1
10356,66,1
10356,67,1
10356,72,1
10356,73,1
10356,74,1
10356,82,1
10356,83,1
10356,84,1
10356,86,1
10356,87,1
10356,88,1
10356,90,1
10356,91,1
10356,92,1
10356,93,1
10356,147,1
10356,148,0
10356,149,0
10356,150,0
10356,194,0
10356,196,0
10356,197,0
10356,198,0
10356,200,0
10356,201,1
10356,202,0
10356,203,0
10358,1,1
10358,2,0
10358,3,1
10358,5,1
10358,6,1
10358,7,1
10358,29,1
10358,32,0
10358,33,0
10358,34,0
10358,35,0
10358,36,0
10358,37,0
10358,39,0
10358,40,0
10358,41,0
10358,49,1
10358,50,1
10358,52,1
10358,53,1
10358,54,1
10358,56,1
10358,57,1
10358,59,1
10358,60,1
10358,61,1
10358,63,1
10358,64,1
10358,65,1
10358,66,1
10358,67,1
10358,72,1
10358,73,1
10358,74,1
10358,82,1
10358,83,1
10358,84,1
10358,86,1
10358,87,1
10358,88,1
10358,90,1
10358,91,1
10358,92,1
10358,93,1
10358,147,0
10358,148,1
10358,149,0
10358,150,0
10358,152,1
10358,153,1
10358,154,1
10358,155,0
10358,157,0
10358,159,0
10358,160,0
10358,164,0
10358,170,0
10358,171,0
10358,172,0
10358,173,0
10358,174,0
10358,175,0
10358,176,0
10358,177,0
10358,178,0
10358,181,0
10358,182,0
10358,183,0
10358,184,0
10358,194,0
10358,196,0
10358,197,0
10358,198,0
10358,200,0
10358,201,1
10358,202,0
10358,203,0
10365,1,1
10365,2,0
10365,3,1
10365,5,1
10365,6,1
10365,7,1
10365,49,1
10365,50,1
10365,52,1
10365,53,1
10365,54,1
10365,56,1
10365,57,1
10365,59,1
10365,60,1
10365,61,1
10365,63,1
10365,64,1
10365,65,1
10365,66,1
10365,67,1
10365,72,1
10365,73,1
10365,74,1
10365,82,1
10365,83,1
10365,84,1
10365,86,1
10365,87,1
10365,88,1
10365,90,1
10365,91,1
10365,92,1
10365,93,1
10365,147,1
10365,148,0
10365,149,0
10365,150,0
10365,194,1
10365,196,0
10365,197,0
10365,198,0
10365,200,0
10365,201,1
10365,202,0
10365,203,0
10369,1,1
10369,2,0
10369,3,1
10369,5,1
10369,6,1
10369,7,1
10369,9,0
10369,10,1
10369,11,0
10369,12,0
10369,29,0
10369,30,0
10369,31,0
10369,32,0
10369,33,0
10369,34,0
10369,35,1
10369,36,1
10369,37,0
10369,39,0
10369,40,0
10369,41,0
10369,49,1
10369,50,1
10369,52,1
10369,53,1
10369,54,1
10369,56,1
10369,57,1
10369,59,1
10369,60,1
10369,61,1
10369,63,1
10369,64,1
10369,65,1
10369,66,1
10369,67,1
10369,72,0
10369,73,1
10369,74,1
10369,82,1
10369,83,1
10369,84,1
10369,86,1
10369,87,1
10369,88,1
10369,90,1
10369,91,1
10369,92,1
10369,93,1
10369,147,0
10369,148,1
10369,149,0
10369,150,0
10369,152,1
10369,153,1
10369,154,1
10369,155,0
10369,157,0
10369,159,0
10369,160,0
10369,164,0
10369,170,0
10369,171,0
10369,172,0
10369,173,0
10369,174,0
10369,175,0
10369,176,0
10369,177,0
10369,178,0
10369,181,0
10369,182,0
10369,183,0
10369,184,0
10369,194,0
10369,196,0
10369,197,0
10369,198,0
10369,200,0
10369,201,1
10369,202,0
10369,203,0
10378,1,1
10378,2,0
10378,3,1
10378,5,1
10378,6,1
10378,7,1
10378,49,1
10378,50,1
10378,52,1
10378,53,1
10378,54,1
10378,56,1
10378,57,1
10378,59,1
10378,60,1
10378,61,1
10378,63,1
10378,64,1
10378,65,1
10378,66,1
10378,67,1
10378,72,0
10378,73,1
10378,74,1
10378,82,1
10378,83,1
10378,84,1
10378,86,1
10378,87,1
10378,88,1
10378,90,1
10378,91,1
10378,92,1
10378,93,1
10378,147,1
10378,148,0
10378,149,0
10378,150,0
10378,194,0
10378,196,0
10378,197,0
10378,198,0
10378,200,0
10378,201,1
10378,202,0
10378,203,0
10384,1,1
10384,2,0
10384,3,1
10384,5,1
10384,6,1
10384,7,1
10384,9,0
10384,10,0
10384,11,1
10384,12,0
10384,29,0
10384,30,0
10384,31,0
10384,32,0
10384,33,0
10384,34,0
10384,35,0
10384,36,0
10384,37,0
10384,39,1
10384,49,1
10384,50,1
10384,52,1
10384,53,1
10384,54,1
10384,56,1
10384,57,1
10384,59,1
10384,60,1
10384,61,1
10384,63,1
10384,64,1
10384,65,1
10384,66,1
10384,67,1
10384,72,1
10384,73,1
10384,74,1
10384,82,1
10384,83,1
10384,84,1
10384,86,1
10384,87,1
10384,88,1
10384,90,1
10384,91,1
10384,92,1
10384,93,1
10384,147,0
10384,148,1
10384,149,0
10384,150,0
10384,152,1
10384,153,1
10384,154,0
10384,155,1
10384,157,1
10384,159,1
10384,160,0
10384,164,0
10384,170,0
10384,171,0
10384,172,0
10384,173,0
10384,174,0
10384,175,0
10384,176,0
10384,177,0
10384,178,0
10384,181,0
10384,182,0
10384,183,0
10384,184,0
10384,194,0
10384,196,0
10384,197,0
10384,198,0
10384,200,0
10384,201,1
10384,202,0
10384,203,0
10385,1,1
10385,2,0
10385,3,1
10385,5,1
10385,6,1
10385,7,1
10385,49,1
10385,50,1
10385,52,1
10385,53,1
10385,54,1
10385,56,1
10385,57,1
10385,59,1
10385,60,1
10385,61,1
10385,63,1
10385,64,1
10385,65,1
10385,66,1
10385,67,1
10385,72,1
10385,73,1
10385,74,1
10385,82,1
10385,83,1
10385,84,1
10385,86,1
10385,87,1
10385,88,1
10385,90,1
10385,91,1
10385,92,1
10385,93,1
10385,147,1
10385,148,0
10385,149,0
10385,150,0
10385,194,0
10385,196,0
10385,197,0
10385,198,0
10385,200,0
10385,201,1
10385,202,0
10385,203,0
10386,1,1
10386,2,0
10386,3,1
10386,5,1
10386,6,1
10386,7,1
10386,29,1
10386,30,1
10386,31,0
10386,32,0
10386,33,0
10386,34,0
10386,35,0
10386,36,0
10386,37,0
10386,39,0
10386,40,0
10386,41,0
10386,49,1
10386,50,1
10386,52,1
10386,53,1
10386,54,1
10386,56,1
10386,57,1
10386,59,1
10386,60,1
10386,61,1
10386,63,1
10386,64,1
10386,65,1
10386,66,1
10386,67,1
10386,72,0
10386,73,0
10386,74,1
10386,82,1
10386,83,1
10386,84,1
10386,86,1
10386,87,1
10386,88,1
10386,90,1
10386,91,1
10386,92,1
10386,93,1
10386,147,1
10386,148,0
10386,149,0
10386,150,0
10386,194,0
10386,196,0
10386,197,0
10386,198,0
10386,200,0
10386,201,1
10386,202,1
10386,203,1
10389,1,1
10389,2,0
10389,3,1
10389,5,1
10389,6,1
10389,7,1
10389,9,0
10389,10,1
10389,11,0
10389,12,0
10389,29,1
10389,32,0
10389,33,0
10389,34,0
10389,35,0
10389,36,0
10389,37,0
10389,39,0
10389,40,0
10389,41,0
10389,56,1
10389,57,1
10389,59,1
10389,60,1
10389,61,1
10389,63,1
10389,64,1
10389,65,1
10389,66,1
10389,67,1
10389,72,1
10389,73,1
10389,74,1
10389,82,1
10389,83,1
10389,84,1
10389,86,1
10389,87,1
10389,88,1
10389,90,1
10389,91,1
10389,92,1
10389,93,1
10389,147,1
10389,148,0
10389,149,0
10389,150,0
10389,194,0
10389,196,0
10389,197,0
10389,198,0
10389,200,0
10389,201,1
10389,202,0
10389,203,0
10390,1,1
10390,2,1
10390,3,0
10390,5,1
10390,6,1
10390,7,1
10390,29,1
10390,30,0
10390,31,1
10390,32,0
10390,33,0
10390,34,0
10390,35,0
10390,36,0
10390,37,0
10390,39,0
10390,40,0
10390,41,0
10390,147,1
10390,148,0
10390,149,0
10390,150,0
10390,194,0
10390,196,0
10390,197,0
10390,198,0
10390,200,0
10390,201,0
10390,202,0
10390,203,0
10393,1,1
10393,2,0
10393,3,1
10393,5,1
10393,6,1
10393,7,1
10393,49,1
10393,50,1
10393,52,1
10393,53,1
10393,54,1
10393,56,1
10393,57,1
10393,59,1
10393,60,1
10393,61,1
10393,63,1
10393,64,1
10393,65,1
10393,66,1
10393,67,1
10393,72,1
10393,73,1
10393,74,1
10393,82,1
10393,83,1
10393,84,1
10393,90,1
10393,91,1
10393,92,1
10393,93,1
10393,147,1
10393,148,0
10393,149,0
10393,150,0
10393,194,0
10393,196,0
10393,197,0
10393,198,0
10393,200,0
10393,201,1
10393,202,0
10393,203,0
10396,1,1
10396,2,0
10396,3,1
10396,5,1
10396,6,1
10396,7,1
10396,9,0
10396,10,1
10396,11,0
10396,12,0
10396,29,0
10396,30,0
10396,31,0
10396,32,0
10396,33,0
10396,34,0
10396,35,0
10396,36,0
10396,37,0
10396,39,1
10396,49,1
10396,50,1
10396,52,1
10396,53,1
10396,54,1
10396,56,1
10396,57,1
10396,59,1
10396,60,1
10396,61,1
10396,63,1
10396,64,1
10396,65,1
10396,66,1
10396,67,1
10396,72,1
10396,73,1
10396,74,1
10396,82,1
10396,83,1
10396,84,1
10396,86,1
10396,87,1
10396,88,1
10396,90,1
10396,91,1
10396,92,1
10396,93,1
10396,147,0
10396,148,0
10396,149,1
10396,150,0
10396,152,1
10396,153,1
10396,154,0
10396,155,1
10396,157,1
10396,159,1
10396,160,0
10396,164,0
10396,170,0
10396,171,0
10396,172,0
10396,173,0
10396,174,0
10396,175,0
10396,176,0
10396,177,0
10396,178,0
10396,181,0
10396,182,0
10396,183,0
10396,184,0
10396,194,0
10396,196,0
10396,197,0
10396,198,0
10396,200,0
10396,201,1
10396,202,0
10396,203,0
10397,1,1
10397,2,0
10397,3,1
10397,5,1
10397,6,1
10397,7,1
10397,9,1
10397,10,0
10397,11,0
10397,12,0
10397,29,0
10397,30,0
10397,31,0
10397,32,0
10397,33,0
10397,34,0
10397,35,1
10397,36,1
10397,37,0
10397,39,0
10397,40,0
10397,41,0
10397,72,1
10397,73,1
10397,74,1
10397,82,1
10397,83,1
10397,84,1
10397,86,1
10397,87,1
10397,88,1
10397,90,1
10397,91,1
10397,92,1
10397,93,1
10397,147,1
10397,148,0
10397,149,0
10397,150,0
10397,194,0
10397,196,0
10397,197,0
10397,198,0
10397,200,0
10397,201,1
10397,202,0
10397,203,0
10398,1,1
10398,2,0
10398,3,1
10398,5,1
10398,6,1
10398,7,1
10398,49,1
10398,50,1
10398,52,1
10398,53,1
10398,54,1
10398,56,1
10398,57,1
10398,59,1
10398,60,1
10398,61,1
10398,63,1
10398,64,1
10398,65,1
10398,66,1
10398,67,1
10398,72,1
10398,73,1
10398,74,1
10398,82,1
10398,83,1
10398,84,1
10398,86,1
10398,87,1
10398,88,1
10398,90,1
10398,91,1
10398,92,1
10398,93,1
10398,147,1
10398,148,0
10398,149,0
10398,150,0
10398,194,0
10398,196,0
10398,197,0
10398,198,0
10398,200,0
10398,201,0
10398,202,0
10398,203,0
10399,1,1
10399,2,0
10399,3,1
10399,5,1
10399,6,1
10399,7,1
10399,49,0
10399,50,0
10399,52,1
10399,53,1
10399,54,1
10399,56,1
10399,57,1
10399,59,1
10399,60,1
10399,61,1
10399,63,1
10399,64,1
10399,65,1
10399,66,1
10399,67,1
10399,72,0
10399,73,1
10399,74,1
10399,82,1
10399,83,1
10399,84,1
10399,86,1
10399,87,1
10399,88,1
10399,90,1
10399,91,0
10399,92,0
10399,93,0
10399,147,1
10399,148,0
10399,149,0
10399,150,0
10399,194,0
10399,196,0
10399,197,0
10399,198,0
10399,200,0
10399,201,0
10399,202,1
10399,203,0
10401,1,1
10401,2,0
10401,3,1
10401,5,1
10401,6,1
10401,7,1
10401,49,1
10401,50,1
10401,52,1
10401,53,1
10401,54,1
10401,56,1
10401,57,1
10401,59,1
10401,60,1
10401,61,1
10401,63,1
10401,64,1
10401,65,1
10401,66,1
10401,67,1
10401,72,1
10401,73,1
10401,74,1
10401,82,1
10401,83,1
10401,84,1
10401,86,1
10401,87,1
10401,88,1
10401,90,1
10401,91,1
10401,92,1
10401,93,1
10401,147,1
10401,148,0
10401,149,0
10401,150,0
10401,194,0
10401,196,0
10401,197,0
10401,198,0
10401,200,0
10401,201,0
10401,202,0
10401,203,0
10406,1,1
10406,2,0
10406,3,1
10406,5,1
10406,6,1
10406,7,1
10406,49,1
10406,50,1
10406,52,1
10406,53,1
10406,54,1
10406,56,1
10406,57,1
10406,59,1
10406,60,1
10406,61,1
10406,63,0
10406,64,0
10406,65,0
10406,66,1
10406,67,1
10406,72,1
10406,73,1
10406,74,1
10406,82,1
10406,83,1
10406,84,1
10406,86,1
10406,87,1
10406,88,1
10406,90,1
10406,91,1
10406,92,1
10406,93,0
10406,147,1
10406,148,0
10406,149,0
10406,150,0
10406,194,0
10406,196,0
10406,197,0
10406,198,0
10406,200,0
10406,201,1
10406,202,0
10406,203,0
10407,1,1
10407,2,0
10407,3,1
10407,5,1
10407,6,1
10407,7,1
10407,49,1
10407,50,1
10407,52,1
10407,53,1
10407,54,1
10407,56,1
10407,57,1
10407,59,1
10407,60,1
10407,61,1
10407,63,1
10407,64,1
10407,65,1
10407,66,1
10407,67,1
10407,72,0
10407,73,1
10407,74,1
10407,82,1
10407,83,1
10407,84,1
10407,86,1
10407,87,1
10407,88,1
10407,90,1
10407,91,1
10407,92,1
10407,93,1
10407,147,1
10407,148,0
10407,149,0
10407,150,0
10407,194,0
10407,196,1
10407,197,0
10407,198,0
10407,200,0
10407,201,1
10407,202,1
10407,203,0
10409,1,1
10409,2,0
10409,3,1
10409,5,1
10409,6,1
10409,7,1
10409,29,0
10409,30,0
10409,31,0
10409,32,0
10409,33,0
10409,34,0
10409,35,0
10409,36,0
10409,37,0
10409,39,1
10409,49,0
10409,50,0
10409,52,1
10409,53,1
10409,54,1
10409,56,0
10409,57,1
10409,59,1
10409,60,1
10409,61,1
10409,63,1
10409,64,1
10409,65,1
10409,66,1
10409,67,1
10409,72,1
10409,73,1
10409,74,1
10409,82,1
10409,83,1
10409,84,1
10409,86,1
10409,87,1
10409,88,1
10409,90,1
10409,91,1
10409,92,1
10409,93,1
10409,147,1
10409,148,0
10409,149,0
10409,150,0
10409,194,0
10409,196,0
10409,197,0
10409,198,0
10409,200,0
10409,201,1
10409,202,0
10409,203,0
10411,1,1
10411,2,0
10411,3,1
10411,5,1
10411,6,1
10411,7,1
10411,49,1
10411,50,1
10411,52,1
10411,53,1
10411,54,1
10411,56,1
10411,57,1
10411,59,1
10411,60,1
10411,61,1
10411,63,1
10411,64,1
10411,65,1
10411,66,1
10411,67,1
10411,72,1
10411,73,1
10411,74,1
10411,82,1
10411,83,1
10411,84,1
10411,86,1
10411,87,1
10411,88,1
10411,90,1
10411,91,1
10411,92,1
10411,93,1
10411,147,1
10411,148,0
10411,149,0
10411,150,0
10411,194,0
10411,196,0
10411,197,0
10411,198,0
10411,200,0
10411,201,0
10411,202,0
10411,203,0
10412,1,1
10412,2,0
10412,3,1
10412,5,1
10412,6,1
10412,7,1
10412,147,1
10412,148,0
10412,149,0
10412,150,0
10412,194,0
10412,196,0
10412,197,0
10412,198,0
10412,200,0
10412,201,0
10412,202,0
10412,203,0
10415,1,1
10415,2,0
10415,3,1
10415,5,1
10415,6,1
10415,7,1
10415,9,0
10415,10,1
10415,11,0
10415,12,0
10415,29,0
10415,30,0
10415,31,0
10415,32,0
10415,33,0
10415,34,0
10415,35,0
10415,36,0
10415,37,0
10415,39,1
10415,49,1
10415,50,1
10415,52,1
10415,53,1
10415,54,1
10415,56,1
10415,57,1
10415,59,1
10415,60,1
10415,61,1
10415,63,1
10415,64,1
10415,65,1
10415,66,1
10415,67,1
10415,72,1
10415,73,1
10415,74,1
10415,82,1
10415,83,1
10415,84,1
10415,86,1
10415,87,1
10415,88,1
10415,90,1
10415,91,1
10415,92,1
10415,93,1
10415,147,1
10415,148,0
10415,149,0
10415,150,0
10415,194,0
10415,196,0
10415,197,0
10415,198,0
10415,200,0
10415,201,1
10415,202,0
10415,203,0
10421,1,1
10421,2,0
10421,3,1
10421,5,1
10421,6,1
10421,7,1
10421,49,1
10421,50,1
10421,52,1
10421,53,1
10421,54,1
10421,56,1
10421,57,1
10421,59,1
10421,60,1
10421,61,1
10421,63,1
10421,64,1
10421,65,1
10421,66,1
10421,67,1
10421,72,1
10421,73,1
10421,74,1
10421,82,1
10421,83,1
10421,84,1
10421,86,1
10421,87,1
10421,88,1
10421,90,1
10421,91,1
10421,92,1
10421,93,1
10421,147,1
10421,148,0
10421,149,0
10421,150,0
10421,194,0
10421,196,0
10421,197,0
10421,198,0
10421,200,0
10421,201,1
10421,202,0
10421,203,0
10425,1,1
10425,2,0
10425,3,1
10425,5,1
10425,6,1
10425,7,1
10425,72,1
10425,73,1
10425,74,1
10425,82,1
10425,83,1
10425,84,1
10425,86,1
10425,87,1
10425,88,1
10425,90,1
10425,91,1
10425,92,1
10425,93,1
10425,147,1
10425,148,0
10425,149,0
10425,150,0
10425,194,0
10425,196,0
10425,197,0
10425,198,0
10425,200,0
10425,201,1
10425,202,0
10425,203,0
10426,1,1
10426,2,0
10426,3,1
10426,5,1
10426,6,1
10426,7,1
10426,49,1
10426,50,1
10426,52,1
10426,53,1
10426,54,1
10426,56,1
10426,57,1
10426,59,1
10426,60,1
10426,61,1
10426,63,1
10426,64,1
10426,65,1
10426,66,1
10426,67,1
10426,72,1
10426,73,1
10426,74,1
10426,82,1
10426,83,1
10426,84,1
10426,86,1
10426,87,1
10426,88,1
10426,90,1
10426,91,1
10426,92,1
10426,93,1
10426,147,1
10426,148,0
10426,149,0
10426,150,0
10426,194,0
10426,196,0
10426,197,0
10426,198,0
10426,200,0
10426,201,1
10426,202,0
10426,203,0
10433,1,1
10433,2,0
10433,3,1
10433,5,1
10433,6,1
10433,7,1
10433,9,0
10433,10,1
10433,11,0
10433,12,0
10433,49,0
10433,50,0
10433,52,1
10433,53,1
10433,54,1
10433,56,0
10433,57,1
10433,59,1
10433,60,1
10433,61,1
10433,63,0
10433,64,0
10433,65,0
10433,66,0
10433,67,0
10433,72,0
10433,73,0
10433,74,0
10433,82,1
10433,83,1
10433,84,1
10433,86,1
10433,87,1
10433,88,1
10433,90,0
10433,91,0
10433,92,0
10433,93,0
10433,147,1
10433,148,0
10433,149,0
10433,150,0
10433,194,0
10433,196,0
10433,197,0
10433,198,0
10433,200,0
10433,201,0
10433,202,0
10433,203,0
10434,1,1
10434,2,0
10434,3,1
10434,5,1
10434,6,1
10434,7,1
10434,72,1
10434,73,1
10434,74,1
10434,82,1
10434,83,1
10434,84,1
10434,86,1
10434,87,1
10434,88,1
10434,90,1
10434,91,1
10434,92,1
10434,93,1
10434,147,1
10434,148,0
10434,149,0
10434,150,0
10434,194,0
10434,196,0
10434,197,0
10434,198,0
10434,200,0
10434,201,0
10434,202,0
10434,203,0
10435,1,1
10435,2,0
10435,3,1
10435,5,1
10435,6,1
10435,7,1
10435,72,1
10435,73,1
10435,74,1
10435,82,1
10435,83,1
10435,84,1
10435,90,1
10435,91,1
10435,92,1
10435,93,1
10435,147,1
10435,148,0
10435,149,0
10435,150,0
10435,194,0
10435,196,0
10435,197,0
10435,198,0
10435,200,0
10435,201,0
10435,202,0
10435,203,0
10436,1,1
10436,2,0
10436,3,1
10436,5,1
10436,6,1
10436,7,1
10436,72,1
10436,73,1
10436,74,1
10436,82,1
10436,83,1
10436,84,1
10436,86,1
10436,87,1
10436,88,1
10436,90,1
10436,91,1
10436,92,1
10436,93,1
10436,147,1
10436,148,0
10436,149,0
10436,150,0
10436,194,0
10436,196,0
10436,197,0
10436,198,0
10436,200,0
10436,201,1
10436,202,0
10436,203,0
10437,1,1
10437,2,0
10437,3,1
10437,5,1
10437,6,1
10437,7,1
10437,49,0
10437,50,1
10437,52,1
10437,53,1
10437,54,1
10437,56,1
10437,57,1
10437,59,1
10437,60,1
10437,61,1
10437,63,1
10437,64,1
10437,65,1
10437,66,1
10437,67,1
10437,72,0
10437,73,0
10437,74,0
10437,82,1
10437,83,1
10437,84,0
10437,86,1
10437,87,1
10437,88,1
10437,90,1
10437,91,1
10437,92,1
10437,93,1
10437,147,1
10437,148,0
10437,149,0
10437,150,0
10437,194,0
10437,196,0
10437,197,0
10437,198,0
10437,200,0
10437,201,0
10437,202,0
10437,203,0
10439,1,1
10439,2,0
10439,3,1
10439,5,1
10439,6,1
10439,7,1
10439,49,1
10439,50,1
10439,52,1
10439,53,1
10439,54,1
10439,56,1
10439,57,1
10439,59,1
10439,60,1
10439,61,1
10439,63,1
10439,64,1
10439,65,1
10439,66,1
10439,67,1
10439,72,0
10439,73,1
10439,74,1
10439,82,1
10439,83,1
10439,84,1
10439,86,1
10439,87,1
10439,88,1
10439,90,1
10439,91,1
10439,92,1
10439,93,1
10439,147,1
10439,148,0
10439,149,0
10439,150,0
10439,194,0
10439,196,0
10439,197,0
10439,198,0
10439,200,0
10439,201,0
10439,202,0
10439,203,0
10441,1,1
10441,2,0
10441,3,1
10441,5,1
10441,6,1
10441,7,1
10441,9,0
10441,10,0
10441,11,1
10441,12,0
10441,49,1
10441,50,1
10441,52,1
10441,53,1
10441,54,1
10441,56,1
10441,57,1
10441,59,1
10441,60,1
10441,61,1
10441,63,1
10441,64,1
10441,65,1
10441,66,1
10441,67,1
10441,72,1
10441,73,1
10441,74,1
10441,82,1
10441,83,1
10441,84,1
10441,86,1
10441,87,1
10441,88,1
10441,90,1
10441,91,1
10441,92,1
10441,93,1
10441,147,0
10441,148,1
10441,149,0
10441,150,0
10441,152,1
10441,153,1
10441,154,0
10441,155,1
10441,157,0
10441,159,0
10441,160,0
10441,164,0
10441,170,0
10441,171,0
10441,172,0
10441,173,0
10441,174,0
10441,175,0
10441,176,0
10441,177,0
10441,178,0
10441,181,0
10441,182,0
10441,183,0
10441,184,0
10441,194,0
10441,196,0
10441,197,0
10441,198,0
10441,200,0
10441,201,1
10441,202,0
10441,203,0
10445,1,1
10445,2,0
10445,3,1
10445,5,1
10445,6,1
10445,7,1
10445,49,1
10445,50,1
10445,52,1
10445,53,1
10445,54,1
10445,56,1
10445,57,1
10445,59,1
10445,60,1
10445,61,1
10445,63,0
10445,64,0
10445,65,1
10445,66,1
10445,67,1
10445,72,1
10445,73,1
10445,74,1
10445,82,1
10445,83,1
10445,84,1
10445,86,1
10445,87,1
10445,88,1
10445,90,1
10445,91,1
10445,92,1
10445,93,0
10445,147,1
10445,148,0
10445,149,0
10445,150,0
10445,194,0
10445,196,0
10445,197,0
10445,198,0
10445,200,0
10445,201,0
10445,202,0
10445,203,0
10446,1,1
10446,2,0
10446,3,1
10446,5,1
10446,6,1
10446,7,1
10446,9,0
10446,10,0
10446,11,1
10446,12,0
10446,29,0
10446,30,0
10446,31,0
10446,32,0
10446,33,0
10446,34,0
10446,35,0
10446,36,0
10446,37,0
10446,39,1
10446,49,0
10446,50,1
10446,52,1
10446,53,1
10446,54,1
10446,56,1
10446,57,1
10446,59,1
10446,60,1
10446,61,1
10446,63,1
10446,64,1
10446,65,1
10446,66,1
10446,67,1
10446,72,1
10446,73,1
10446,74,1
10446,82,1
10446,83,1
10446,84,1
10446,86,1
10446,87,1
10446,88,1
10446,90,1
10446,91,1
10446,92,1
10446,93,1
10446,147,0
10446,148,1
10446,149,0
10446,150,0
10446,152,1
10446,153,1
10446,154,0
10446,155,1
10446,157,1
10446,159,1
10446,160,0
10446,164,0
10446,170,0
10446,171,0
10446,172,0
10446,173,0
10446,174,0
10446,175,0
10446,176,0
10446,177,0
10446,178,0
10446,181,0
10446,182,0
10446,183,0
10446,184,0
10446,194,0
10446,196,0
10446,197,0
10446,198,0
10446,200,0
10446,201,1
10446,202,0
10446,203,0
10449,1,1
10449,2,0
10449,3,1
10449,5,1
10449,6,1
10449,7,1
10449,49,1
10449,50,1
10449,52,1
10449,53,1
10449,54,1
10449,56,1
10449,57,1
10449,59,1
10449,60,1
10449,61,1
10449,63,1
10449,64,1
10449,65,1
10449,66,1
10449,67,1
10449,72,1
10449,73,1
10449,74,1
10449,82,1
10449,83,1
10449,84,1
10449,86,1
10449,87,1
10449,88,1
10449,90,1
10449,91,1
10449,92,1
10449,93,0
10449,147,1
10449,148,0
10449,149,0
10449,150,0
10449,194,0
10449,196,0
10449,197,0
10449,198,0
10449,200,0
10449,201,1
10449,202,0
10449,203,0
10451,1,1
10451,2,0
10451,3,1
10451,5,1
10451,6,1
10451,7,1
10451,29,0
10451,30,0
10451,31,0
10451,32,0
10451,33,0
10451,34,0
10451,35,0
10451,36,0
10451,37,0
10451,39,1
10451,49,0
10451,50,0
10451,52,1
10451,53,1
10451,54,1
10451,56,0
10451,57,1
10451,59,1
10451,60,1
10451,61,1
10451,63,1
10451,64,1
10451,65,1
10451,66,1
10451,67,1
10451,72,1
10451,73,1
10451,74,1
10451,82,1
10451,83,1
10451,84,1
10451,86,1
10451,87,1
10451,88,1
10451,90,1
10451,91,1
10451,92,0
10451,93,0
10451,147,1
10451,148,0
10451,149,0
10451,150,0
10451,194,0
10451,196,0
10451,197,0
10451,198,0
10451,200,0
10451,201,1
10451,202,0
10451,203,0
10453,1,1
10453,2,0
10453,3,1
10453,5,1
10453,6,1
10453,7,1
10453,147,1
10453,148,0
10453,149,0
10453,150,0
10453,194,0
10453,196,0
10453,197,0
10453,198,0
10453,200,0
10453,201,0
10453,202,0
10453,203,0
10454,1,1
10454,2,0
10454,3,1
10454,5,1
10454,6,1
10454,7,1
10454,9,0
10454,10,0
10454,11,0
10454,12,1
10454,29,0
10454,30,0
10454,31,0
10454,32,0
10454,33,0
10454,34,0
10454,35,0
10454,36,0
10454,37,0
10454,39,1
10454,147,1
10454,148,0
10454,149,0
10454,150,0
10454,194,0
10454,196,0
10454,197,0
10454,198,0
10454,200,0
10454,201,1
10454,202,0
10454,203,0
10457,1,1
10457,2,0
10457,3,1
10457,5,1
10457,6,1
10457,7,1
10457,29,1
10457,30,1
10457,31,0
10457,32,0
10457,33,0
10457,34,0
10457,35,0
10457,36,0
10457,37,0
10457,39,0
10457,40,0
10457,41,0
10457,49,1
10457,50,1
10457,52,1
10457,53,1
10457,54,1
10457,56,1
10457,57,1
10457,59,1
10457,60,1
10457,61,1
10457,63,1
10457,64,1
10457,65,1
10457,66,1
10457,67,1
10457,72,1
10457,73,1
10457,74,1
10457,82,1
10457,83,1
10457,84,1
10457,86,1
10457,87,1
10457,88,1
10457,90,1
10457,91,1
10457,92,1
10457,93,1
10457,147,1
10457,148,0
10457,149,0
10457,150,0
10457,194,0
10457,196,0
10457,197,0
10457,198,0
10457,200,0
10457,201,1
10457,202,0
10457,203,0
10505,1,1
10505,5,1
10505,6,1
10505,7,1
10505,49,1
10505,50,1
10505,52,1
10505,53,1
10505,54,1
10505,56,1
10505,57,1
10505,59,1
10505,60,1
10505,61,1
10505,63,1
10505,64,1
10505,65,1
10505,66,1
10505,67,1
10505,72,1
10505,73,1
10505,74,1
10505,82,1
10505,83,1
10505,84,1
10505,90,1
10505,91,1
10505,92,1
10505,93,1
10505,147,1
10505,148,0
10505,149,0
10505,150,0
10505,194,0
10505,196,0
10505,197,0
10505,198,0
10505,200,0
10505,201,1
10505,202,0
10505,203,0
10571,1,1
10571,2,0
10571,3,1
10571,5,1
10571,6,1
10571,7,1
10571,72,1
10571,73,1
10571,74,1
10571,82,1
10571,83,1
10571,84,1
10571,90,1
10571,91,1
10571,92,1
10571,93,1
10571,147,1
10571,148,0
10571,149,0
10571,150,0
10571,194,0
10571,196,0
10571,197,0
10571,198,0
10571,200,0
10571,201,1
10571,202,0
10571,203,0
10632,1,1
10632,2,0
10632,3,1
10632,5,1
10632,6,1
10632,7,1
10632,29,1
10632,32,0
10632,33,0
10632,34,0
10632,35,0
10632,36,0
10632,37,0
10632,39,0
10632,40,0
10632,41,0
10632,49,1
10632,50,1
10632,52,1
10632,53,1
10632,54,1
10632,56,1
10632,57,1
10632,59,1
10632,60,1
10632,61,1
10632,63,1
10632,64,1
10632,65,1
10632,66,1
10632,67,1
10632,72,1
10632,73,1
10632,74,1
10632,82,1
10632,83,1
10632,84,1
10632,86,1
10632,87,1
10632,88,1
10632,90,1
10632,91,1
10632,92,1
10632,93,1
10632,147,1
10632,148,0
10632,149,0
10632,150,0
10632,194,0
10632,196,0
10632,197,0
10632,198,0
10632,200,0
10632,201,1
10632,202,0
10632,203,0
10731,1,1
10731,2,1
10731,3,0
10731,5,1
10731,6,1
10731,7,1
10731,72,0
10731,73,1
10731,74,1
10731,82,1
10731,83,1
10731,84,1
10731,86,1
10731,87,1
10731,88,1
10731,90,1
10731,91,1
10731,92,1
10731,93,0
10731,147,1
10731,148,0
10731,149,0
10731,150,0
10731,194,0
10731,196,0
10731,197,0
10731,198,0
10731,200,0
10731,201,0
10731,202,0
10731,203,0
10734,1,1
10734,2,0
10734,3,1
10734,5,1
10734,6,1
10734,7,1
10734,49,1
10734,50,1
10734,52,1
10734,53,1
10734,54,1
10734,72,1
10734,73,1
10734,74,1
10734,82,1
10734,83,1
10734,84,1
10734,86,1
10734,87,1
10734,88,1
10734,90,1
10734,91,1
10734,92,1
10734,93,1
10734,147,1
10734,148,0
10734,149,0
10734,150,0
10734,194,0
10734,196,0
10734,197,0
10734,198,0
10734,200,0
10734,201,1
10734,202,1
10734,203,0
10735,1,1
10735,2,0
10735,3,1
10735,5,1
10735,6,1
10735,7,1
10735,49,1
10735,50,1
10735,52,1
10735,53,1
10735,54,1
10735,56,1
10735,57,1
10735,59,1
10735,60,1
10735,61,1
10735,63,1
10735,64,1
10735,65,1
10735,66,1
10735,67,1
10735,72,0
10735,73,0
10735,74,1
10735,82,1
10735,83,1
10735,84,1
10735,86,1
10735,87,1
10735,88,1
10735,90,1
10735,91,1
10735,92,1
10735,93,1
10735,147,1
10735,148,0
10735,149,0
10735,150,0
10735,194,0
10735,196,0
10735,197,0
10735,198,0
10735,200,0
10735,201,1
10735,202,0
10735,203,0
10739,1,1
10739,5,1
10739,6,1
10739,7,1
10739,29,0
10739,30,0
10739,31,0
10739,32,0
10739,33,0
10739,34,0
10739,35,0
10739,36,0
10739,37,0
10739,39,1
10739,49,0
10739,50,1
10739,52,1
10739,53,1
10739,54,1
10739,56,1
10739,57,1
10739,59,1
10739,60,1
10739,61,1
10739,63,1
10739,64,1
10739,65,1
10739,66,1
10739,67,1
10739,72,1
10739,73,1
10739,74,1
10739,82,1
10739,83,1
10739,84,1
10739,86,1
10739,87,1
10739,88,1
10739,90,1
10739,91,1
10739,92,1
10739,93,1
10739,147,1
10739,148,0
10739,149,0
10739,150,0
10739,194,1
10739,196,1
10739,197,0
10739,198,0
10739,200,0
10739,201,1
10739,202,0
10739,203,0
10747,1,1
10747,2,0
10747,3,1
10747,5,1
10747,6,1
10747,7,1
10747,72,1
10747,73,1
10747,74,1
10747,82,1
10747,83,1
10747,84,1
10747,86,1
10747,87,1
10747,88,1
10747,90,1
10747,91,1
10747,92,1
10747,93,1
10747,147,1
10747,148,0
10747,149,0
10747,150,0
10747,194,0
10747,196,0
10747,197,0
10747,198,0
10747,200,0
10747,201,0
10747,202,0
10747,203,0
10748,1,1
10748,2,0
10748,3,1
10748,5,1
10748,6,1
10748,7,1
10748,29,0
10748,30,0
10748,31,0
10748,32,0
10748,33,0
10748,34,0
10748,35,1
10748,39,0
10748,40,0
10748,41,0
10748,49,1
10748,50,1
10748,52,1
10748,53,1
10748,54,1
10748,56,1
10748,57,1
10748,59,1
10748,60,1
10748,61,1
10748,63,1
10748,64,1
10748,65,1
10748,66,1
10748,67,1
10748,72,1
10748,73,1
10748,74,1
10748,82,1
10748,83,1
10748,84,1
10748,86,1
10748,87,1
10748,88,1
10748,90,1
10748,91,1
10748,92,1
10748,93,1
10748,147,1
10748,148,0
10748,149,0
10748,150,0
10748,194,1
10748,196,0
10748,197,0
10748,198,0
10748,200,0
10748,201,1
10748,202,0
10748,203,0
10751,1,1
10751,2,0
10751,3,1
10751,5,1
10751,6,1
10751,7,1
10751,29,1
10751,30,1
10751,31,0
10751,32,0
10751,33,0
10751,34,0
10751,35,0
10751,36,0
10751,37,0
10751,39,0
10751,40,0
10751,41,0
10751,72,1
10751,73,1
10751,74,1
10751,82,1
10751,83,1
10751,84,1
10751,86,1
10751,87,1
10751,88,1
10751,90,1
10751,91,1
10751,92,1
10751,93,1
10751,147,1
10751,148,0
10751,149,0
10751,150,0
10751,194,0
10751,196,0
10751,197,0
10751,198,0
10751,200,0
10751,201,0
10751,202,0
10751,203,0
10753,1,1
10753,2,1
10753,3,0
10753,5,1
10753,6,1
10753,7,1
10753,49,1
10753,50,1
10753,52,1
10753,53,1
10753,54,1
10753,56,1
10753,57,1
10753,59,1
10753,60,1
10753,61,1
10753,63,1
10753,64,1
10753,65,1
10753,66,1
10753,67,1
10753,72,1
10753,73,1
10753,74,1
10753,82,1
10753,83,1
10753,84,1
10753,86,1
10753,87,1
10753,88,1
10753,90,1
10753,91,1
10753,92,1
10753,93,1
10753,147,1
10753,148,0
10753,149,0
10753,150,0
10753,194,0
10753,196,0
10753,197,0
10753,198,0
10753,200,0
10753,201,0
10753,202,0
10753,203,0
10754,1,1
10754,2,0
10754,3,1
10754,5,1
10754,6,1
10754,7,1
10754,29,1
10754,30,1
10754,31,0
10754,32,0
10754,33,0
10754,34,0
10754,35,0
10754,36,0
10754,37,0
10754,39,0
10754,40,0
10754,41,0
10754,49,1
10754,50,1
10754,52,1
10754,53,1
10754,54,1
10754,56,1
10754,57,1
10754,59,1
10754,60,1
10754,61,1
10754,63,1
10754,64,1
10754,65,1
10754,66,1
10754,67,1
10754,72,1
10754,73,1
10754,74,1
10754,82,1
10754,83,1
10754,84,1
10754,86,1
10754,87,1
10754,88,1
10754,90,1
10754,91,1
10754,92,1
10754,93,1
10754,147,1
10754,148,0
10754,149,0
10754,150,0
10754,194,0
10754,196,0
10754,197,0
10754,198,0
10754,200,0
10754,201,1
10754,202,0
10754,203,0
10757,1,1
10757,2,0
10757,3,1
10757,5,1
10757,6,1
10757,7,1
10757,72,1
10757,73,1
10757,74,1
10757,82,1
10757,83,1
10757,84,1
10757,86,1
10757,87,1
10757,88,1
10757,90,1
10757,91,1
10757,92,1
10757,93,1
10757,147,1
10757,148,0
10757,149,0
10757,150,0
10757,194,0
10757,196,0
10757,197,0
10757,198,0
10757,200,0
10757,201,1
10757,202,0
10757,203,0
10765,1,1
10765,2,0
10765,3,1
10765,5,1
10765,6,1
10765,7,1
10765,49,1
10765,50,1
10765,52,1
10765,53,1
10765,54,1
10765,56,1
10765,57,1
10765,59,1
10765,60,1
10765,61,1
10765,63,1
10765,64,1
10765,65,1
10765,66,1
10765,67,1
10765,72,1
10765,73,1
10765,74,1
10765,82,1
10765,83,1
10765,84,1
10765,86,1
10765,87,1
10765,88,1
10765,90,1
10765,91,1
10765,92,1
10765,93,1
10765,147,1
10765,148,0
10765,149,0
10765,150,0
10765,194,0
10765,196,0
10765,197,0
10765,198,0
10765,200,0
10765,201,1
10765,202,0
10765,203,0
10766,1,1
10766,5,1
10766,6,1
10766,7,1
10766,49,1
10766,50,1
10766,52,1
10766,53,1
10766,54,1
10766,56,1
10766,57,1
10766,59,1
10766,60,1
10766,61,1
10766,63,1
10766,64,1
10766,65,1
10766,66,1
10766,67,1
10766,72,0
10766,73,1
10766,74,1
10766,82,1
10766,83,1
10766,84,1
10766,86,1
10766,87,1
10766,88,1
10766,90,1
10766,91,1
10766,92,1
10766,93,1
10766,147,1
10766,148,0
10766,149,0
10766,150,0
10766,194,1
10766,196,0
10766,197,0
10766,198,0
10766,200,0
10766,201,1
10766,202,0
10766,203,0
10767,1,1
10767,2,0
10767,3,1
10767,5,1
10767,6,1
10767,7,1
10767,49,1
10767,50,1
10767,52,1
10767,53,1
10767,54,1
10767,56,1
10767,57,1
10767,59,1
10767,60,1
10767,61,1
10767,63,1
10767,64,1
10767,65,1
10767,66,1
10767,67,1
10767,72,0
10767,73,1
10767,74,1
10767,82,1
10767,83,1
10767,84,1
10767,86,1
10767,87,1
10767,88,1
10767,90,1
10767,91,1
10767,92,1
10767,93,1
10767,147,0
10767,148,1
10767,149,0
10767,150,0
10767,152,1
10767,153,1
10767,154,1
10767,155,0
10767,157,0
10767,159,0
10767,160,0
10767,164,0
10767,170,0
10767,171,0
10767,172,0
10767,173,0
10767,174,0
10767,175,0
10767,176,0
10767,177,0
10767,178,0
10767,181,0
10767,182,0
10767,183,0
10767,184,0
10767,194,0
10767,196,0
10767,197,0
10767,198,0
10767,200,0
10767,201,1
10767,202,0
10767,203,1
10776,1,1
10776,2,0
10776,3,1
10776,5,1
10776,6,1
10776,7,1
10776,9,0
10776,10,1
10776,11,0
10776,12,0
10776,29,1
10776,32,0
10776,33,0
10776,34,0
10776,35,0
10776,36,0
10776,37,0
10776,39,0
10776,40,0
10776,41,0
10776,49,1
10776,50,1
10776,52,1
10776,53,1
10776,54,1
10776,56,1
10776,57,1
10776,59,1
10776,60,1
10776,61,1
10776,63,1
10776,64,1
10776,65,1
10776,66,1
10776,67,1
10776,72,1
10776,73,1
10776,74,1
10776,82,1
10776,83,1
10776,84,1
10776,86,1
10776,87,1
10776,88,1
10776,90,1
10776,91,1
10776,92,1
10776,93,1
10776,147,1
10776,148,0
10776,149,0
10776,150,0
10776,194,0
10776,196,0
10776,197,0
10776,198,0
10776,200,0
10776,201,1
10776,202,0
10776,203,0
10778,1,1
10778,2,0
10778,3,1
10778,5,1
10778,6,1
10778,7,1
10778,72,1
10778,73,1
10778,74,1
10778,82,1
10778,83,1
10778,84,1
10778,86,1
10778,87,1
10778,88,1
10778,90,1
10778,91,1
10778,92,1
10778,93,1
10778,147,1
10778,148,0
10778,149,0
10778,150,0
10778,194,0
10778,196,0
10778,197,0
10778,198,0
10778,200,0
10778,201,1
10778,202,0
10778,203,0
10780,1,1
10780,2,1
10780,3,0
10780,5,1
10780,6,1
10780,7,1
10780,29,1
10780,32,0
10780,33,0
10780,34,0
10780,35,0
10780,36,0
10780,37,0
10780,39,0
10780,40,0
10780,41,0
10780,72,1
10780,73,1
10780,74,1
10780,82,1
10780,83,1
10780,84,1
10780,86,1
10780,87,1
10780,88,1
10780,90,1
10780,91,1
10780,92,1
10780,93,1
10780,147,1
10780,148,0
10780,149,0
10780,150,0
10780,194,0
10780,196,0
10780,197,0
10780,198,0
10780,200,0
10780,201,1
10780,202,0
10780,203,0
10782,1,1
10782,2,0
10782,3,1
10782,5,1
10782,6,1
10782,7,1
10782,49,1
10782,50,1
10782,52,1
10782,53,1
10782,54,1
10782,56,1
10782,57,1
10782,59,1
10782,60,1
10782,61,1
10782,63,1
10782,64,1
10782,65,1
10782,66,1
10782,67,1
10782,72,1
10782,73,1
10782,74,1
10782,82,1
10782,83,1
10782,84,1
10782,86,1
10782,87,1
10782,88,1
10782,90,1
10782,91,1
10782,92,1
10782,93,1
10782,147,1
10782,148,0
10782,149,0
10782,150,0
10782,194,0
10782,196,0
10782,197,0
10782,198,0
10782,200,0
10782,201,1
10782,202,0
10782,203,0
10783,1,1
10783,2,0
10783,3,1
10783,5,1
10783,6,1
10783,7,1
10783,72,1
10783,73,1
10783,74,1
10783,82,1
10783,83,1
10783,84,1
10783,90,1
10783,91,1
10783,92,1
10783,93,1
10783,147,1
10783,148,0
10783,149,0
10783,150,0
10783,194,0
10783,196,0
10783,197,0
10783,198,0
10783,200,0
10783,201,1
10783,202,0
10783,203,0
10784,1,1
10784,2,0
10784,3,1
10784,5,1
10784,6,1
10784,7,1
10784,147,1
10784,148,0
10784,149,0
10784,150,0
10784,194,0
10784,196,0
10784,197,0
10784,198,0
10784,200,0
10784,201,0
10784,202,0
10784,203,0
10792,1,1
10792,2,0
10792,3,1
10792,5,1
10792,6,1
10792,7,1
10792,29,0
10792,30,0
10792,31,0
10792,32,1
10792,33,1
10792,34,0
10792,35,0
10792,36,0
10792,37,0
10792,39,0
10792,40,0
10792,41,0
10792,147,1
10792,148,0
10792,149,0
10792,150,0
10792,194,0
10792,196,0
10792,197,0
10792,198,0
10792,200,0
10792,201,0
10792,202,0
10792,203,0
10793,1,1
10793,2,1
10793,3,0
10793,5,1
10793,6,1
10793,7,1
10793,72,1
10793,73,1
10793,74,1
10793,82,1
10793,83,1
10793,84,1
10793,86,1
10793,87,1
10793,88,1
10793,90,1
10793,91,1
10793,92,1
10793,93,1
10793,147,1
10793,148,0
10793,149,0
10793,150,0
10793,194,0
10793,196,0
10793,197,0
10793,198,0
10793,200,0
10793,201,1
10793,202,0
10793,203,0
10802,1,1
10802,2,0
10802,3,1
10802,5,1
10802,6,1
10802,7,1
10802,29,0
10802,30,0
10802,31,0
10802,32,0
10802,33,0
10802,34,0
10802,35,0
10802,36,0
10802,37,0
10802,39,1
10802,147,1
10802,148,0
10802,149,0
10802,150,0
10802,194,0
10802,196,0
10802,197,0
10802,198,0
10802,200,0
10802,201,0
10802,202,0
10802,203,0
10808,1,1
10808,2,0
10808,3,1
10808,5,1
10808,6,1
10808,7,1
10808,9,1
10808,10,0
10808,11,0
10808,12,0
10808,29,0
10808,30,0
10808,31,0
10808,32,0
10808,33,0
10808,34,0
10808,35,1
10808,39,0
10808,40,0
10808,41,0
10808,49,1
10808,50,1
10808,52,1
10808,53,1
10808,54,1
10808,56,1
10808,57,1
10808,59,1
10808,60,1
10808,61,1
10808,63,1
10808,64,1
10808,65,1
10808,66,1
10808,67,1
10808,72,0
10808,73,1
10808,74,1
10808,82,1
10808,83,1
10808,84,1
10808,86,1
10808,87,1
10808,88,1
10808,90,1
10808,91,1
10808,92,1
10808,93,1
10808,147,0
10808,148,0
10808,149,0
10808,150,1
10808,152,1
10808,153,1
10808,154,1
10808,155,0
10808,157,0
10808,159,0
10808,160,0
10808,164,0
10808,170,1
10808,171,1
10808,172,0
10808,173,0
10808,174,1
10808,175,1
10808,176,0
10808,177,0
10808,178,0
10808,181,0
10808,182,0
10808,183,0
10808,184,0
10808,194,1
10808,196,0
10808,197,0
10808,198,0
10808,200,0
10808,201,1
10808,202,0
10808,203,0
10812,1,1
10812,2,0
10812,3,1
10812,5,1
10812,6,1
10812,7,1
10812,29,1
10812,32,0
10812,33,0
10812,34,0
10812,35,0
10812,36,0
10812,37,0
10812,39,0
10812,40,0
10812,41,0
10812,72,0
10812,73,1
10812,74,1
10812,82,1
10812,83,1
10812,84,1
10812,86,1
10812,87,1
10812,88,1
10812,90,1
10812,91,1
10812,92,1
10812,93,1
10812,147,1
10812,148,0
10812,149,0
10812,150,0
10812,194,0
10812,196,0
10812,197,0
10812,198,0
10812,200,0
10812,201,0
10812,202,0
10812,203,0
10820,1,1
10820,2,0
10820,3,1
10820,5,1
10820,6,1
10820,7,1
10820,72,1
10820,73,1
10820,74,1
10820,82,1
10820,83,1
10820,84,1
10820,90,1
10820,91,1
10820,92,1
10820,93,1
10820,147,1
10820,148,0
10820,149,0
10820,150,0
10820,194,0
10820,196,0
10820,197,0
10820,198,0
10820,200,0
10820,201,1
10820,202,0
10820,203,0
10821,1,1
10821,2,0
10821,3,1
10821,5,1
10821,6,1
10821,7,1
10821,49,1
10821,50,1
10821,52,1
10821,53,1
10821,54,1
10821,56,1
10821,57,1
10821,59,1
10821,60,1
10821,61,1
10821,63,1
10821,64,1
10821,65,1
10821,66,1
10821,67,1
10821,72,1
10821,73,1
10821,74,1
10821,82,1
10821,83,1
10821,84,1
10821,86,1
10821,87,1
10821,88,1
10821,90,1
10821,91,1
10821,92,1
10821,93,1
10821,147,1
10821,148,0
10821,149,0
10821,150,0
10821,194,0
10821,196,0
10821,197,0
10821,198,0
10821,200,0
10821,201,0
10821,202,0
10821,203,0
10825,1,1
10825,2,0
10825,3,1
10825,5,1
10825,6,1
10825,7,1
10825,9,0
10825,10,1
10825,11,0
10825,12,0
10825,29,0
10825,30,0
10825,31,0
10825,32,0
10825,33,0
10825,34,0
10825,35,1
10825,36,0
10825,37,1
10825,39,0
10825,40,0
10825,41,0
10825,49,1
10825,50,1
10825,52,1
10825,53,1
10825,54,1
10825,56,1
10825,57,1
10825,59,1
10825,60,1
10825,61,1
10825,63,1
10825,64,1
10825,65,1
10825,66,1
10825,67,1
10825,72,1
10825,73,1
10825,74,1
10825,82,1
10825,83,1
10825,84,1
10825,86,1
10825,87,1
10825,88,1
10825,90,1
10825,91,1
10825,92,1
10825,93,1
10825,147,0
10825,148,0
10825,149,1
10825,150,0
10825,152,1
10825,153,1
10825,154,1
10825,155,0
10825,157,1
10825,159,0
10825,160,1
10825,164,0
10825,170,0
10825,171,0
10825,172,0
10825,173,0
10825,174,0
10825,175,0
10825,176,0
10825,177,0
10825,178,0
10825,181,0
10825,182,0
10825,183,0
10825,184,0
10825,194,1
10825,196,1
10825,197,0
10825,198,0
10825,200,0
10825,201,1
10825,202,0
10825,203,0
10826,1,1
10826,2,1
10826,3,0
10826,5,1
10826,6,1
10826,7,1
10826,29,1
10826,30,1
10826,31,0
10826,32,0
10826,33,0
10826,34,0
10826,35,0
10826,36,0
10826,37,0
10826,39,0
10826,40,0
10826,41,0
10826,49,1
10826,50,1
10826,52,1
10826,53,1
10826,54,1
10826,56,1
10826,57,1
10826,59,1
10826,60,1
10826,61,1
10826,63,1
10826,64,1
10826,65,1
10826,66,1
10826,67,1
10826,72,1
10826,73,1
10826,74,1
10826,82,1
10826,83,1
10826,84,1
10826,86,1
10826,87,1
10826,88,1
10826,90,1
10826,91,1
10826,92,1
10826,93,1
10826,147,1
10826,148,0
10826,149,0
10826,150,0
10826,194,0
10826,196,0
10826,197,0
10826,198,0
10826,200,0
10826,201,1
10826,202,0
10826,203,0
11085,1,1
11085,2,0
11085,3,1
11085,5,1
11085,6,1
11085,7,1
11085,29,0
11085,30,0
11085,31,0
11085,32,1
11085,33,0
11085,34,1
11085,35,0
11085,36,0
11085,37,0
11085,39,0
11085,40,0
11085,41,0
11085,49,1
11085,50,1
11085,52,1
11085,53,1
11085,54,1
11085,56,1
11085,57,1
11085,59,1
11085,60,1
11085,61,1
11085,63,1
11085,64,1
11085,65,1
11085,66,1
11085,67,1
11085,72,1
11085,73,1
11085,74,1
11085,82,1
11085,83,1
11085,84,1
11085,86,1
11085,87,1
11085,88,1
11085,90,1
11085,91,1
11085,92,1
11085,93,1
11085,147,1
11085,148,0
11085,149,0
11085,150,0
11085,194,0
11085,196,0
11085,197,0
11085,198,0
11085,200,0
11085,201,1
11085,202,0
11085,203,0
11086,1,1
11086,2,0
11086,3,1
11086,5,1
11086,6,1
11086,7,1
11086,29,0
11086,30,0
11086,31,0
11086,32,0
11086,33,0
11086,34,0
11086,35,1
11086,36,1
11086,37,0
11086,39,0
11086,40,0
11086,41,0
11086,49,1
11086,50,1
11086,52,1
11086,53,1
11086,54,1
11086,56,1
11086,57,1
11086,59,1
11086,60,1
11086,61,1
11086,63,1
11086,64,1
11086,65,1
11086,66,1
11086,67,1
11086,72,0
11086,73,1
11086,74,1
11086,82,1
11086,83,1
11086,84,1
11086,86,1
11086,87,1
11086,88,1
11086,90,1
11086,91,1
11086,92,1
11086,93,1
11086,147,1
11086,148,0
11086,149,0
11086,150,0
11086,194,0
11086,196,0
11086,197,0
11086,198,0
11086,200,0
11086,201,1
11086,202,0
11086,203,0
11093,1,1
11093,2,1
11093,3,0
11093,5,1
11093,6,1
11093,7,1
11093,56,1
11093,57,1
11093,59,1
11093,60,1
11093,61,1
11093,63,1
11093,64,1
11093,65,1
11093,66,1
11093,67,1
11093,72,1
11093,73,1
11093,74,1
11093,82,1
11093,83,1
11093,84,1
11093,90,1
11093,91,1
11093,92,1
11093,93,0
11093,147,1
11093,148,0
11093,149,0
11093,150,0
11093,194,0
11093,196,0
11093,197,0
11093,198,0
11093,200,0
11093,201,1
11093,202,0
11093,203,0
11105,1,1
11105,5,1
11105,6,1
11105,7,1
11105,29,0
11105,30,0
11105,31,0
11105,32,0
11105,33,0
11105,34,0
11105,35,1
11105,39,0
11105,40,0
11105,41,0
11105,49,1
11105,50,1
11105,52,1
11105,53,1
11105,54,1
11105,56,1
11105,57,1
11105,59,1
11105,60,1
11105,61,1
11105,63,1
11105,64,1
11105,65,1
11105,66,1
11105,67,1
11105,72,0
11105,73,1
11105,74,1
11105,82,1
11105,83,1
11105,84,1
11105,90,1
11105,91,1
11105,92,1
11105,93,0
11105,147,0
11105,148,1
11105,149,0
11105,150,0
11105,152,1
11105,153,1
11105,154,0
11105,155,1
11105,157,0
11105,159,0
11105,160,0
11105,164,0
11105,170,0
11105,171,0
11105,172,0
11105,173,0
11105,174,0
11105,175,0
11105,176,0
11105,177,0
11105,178,0
11105,181,0
11105,182,0
11105,183,0
11105,184,0
11105,194,0
11105,196,0
11105,197,0
11105,198,0
11105,200,0
11105,201,0
11105,202,1
11105,203,0
11107,1,1
11107,2,0
11107,3,1
11107,5,1
11107,6,1
11107,7,1
11107,49,1
11107,50,1
11107,52,1
11107,53,1
11107,54,1
11107,56,1
11107,57,1
11107,59,1
11107,60,1
11107,61,1
11107,63,1
11107,64,1
11107,65,1
11107,66,1
11107,67,1
11107,72,0
11107,73,0
11107,74,0
11107,82,1
11107,83,1
11107,84,1
11107,86,1
11107,87,1
11107,88,1
11107,90,0
11107,91,0
11107,92,0
11107,93,0
11107,147,1
11107,148,0
11107,149,0
11107,150,0
11107,194,0
11107,196,0
11107,197,0
11107,198,0
11107,200,0
11107,201,1
11107,202,0
11107,203,0
11110,1,1
11110,2,0
11110,3,1
11110,5,1
11110,6,1
11110,7,1
11110,29,1
11110,30,1
11110,31,0
11110,32,0
11110,33,0
11110,34,0
11110,35,0
11110,36,0
11110,37,0
11110,39,0
11110,40,0
11110,41,0
11110,56,1
11110,57,1
11110,59,1
11110,60,1
11110,61,1
11110,63,1
11110,64,1
11110,65,1
11110,66,1
11110,67,1
11110,72,1
11110,73,1
11110,74,1
11110,82,1
11110,83,1
11110,84,1
11110,86,1
11110,87,1
11110,88,1
11110,90,1
11110,91,1
11110,92,1
11110,93,0
11110,147,1
11110,148,0
11110,149,0
11110,150,0
11110,194,0
11110,196,0
11110,197,0
11110,198,0
11110,200,0
11110,201,1
11110,202,0
11110,203,0
11111,1,1
11111,2,1
11111,3,0
11111,5,1
11111,6,1
11111,7,1
11111,9,0
11111,10,1
11111,11,0
11111,12,0
11111,29,0
11111,30,0
11111,31,0
11111,32,1
11111,35,0
11111,36,0
11111,37,0
11111,39,0
11111,40,0
11111,41,0
11111,49,1
11111,50,1
11111,52,1
11111,53,1
11111,54,1
11111,56,1
11111,57,1
11111,59,1
11111,60,1
11111,61,1
11111,63,1
11111,64,1
11111,65,1
11111,66,1
11111,67,1
11111,72,1
11111,73,1
11111,74,1
11111,82,1
11111,83,1
11111,84,1
11111,86,1
11111,87,1
11111,88,1
11111,90,1
11111,91,1
11111,92,1
11111,93,1
11111,147,0
11111,148,1
11111,149,0
11111,150,0
11111,152,1
11111,153,1
11111,154,1
11111,155,0
11111,157,0
11111,159,0
11111,160,0
11111,164,0
11111,170,0
11111,171,0
11111,172,0
11111,173,0
11111,174,0
11111,175,0
11111,176,0
11111,177,0
11111,178,0
11111,181,0
11111,182,0
11111,183,0
11111,184,0
11111,194,0
11111,196,0
11111,197,0
11111,198,0
11111,200,0
11111,201,1
11111,202,0
11111,203,0
11114,1,1
11114,2,0
11114,3,1
11114,5,1
11114,6,1
11114,7,1
11114,49,1
11114,50,1
11114,52,1
11114,53,1
11114,54,1
11114,56,1
11114,57,1
11114,59,1
11114,60,1
11114,61,1
11114,63,1
11114,64,1
11114,65,1
11114,66,1
11114,67,1
11114,72,1
11114,73,1
11114,74,1
11114,82,1
11114,83,1
11114,84,1
11114,86,1
11114,87,1
11114,88,1
11114,90,1
11114,91,1
11114,92,1
11114,93,1
11114,147,1
11114,148,0
11114,149,0
11114,150,0
11114,194,0
11114,196,0
11114,197,0
11114,198,0
11114,200,0
11114,201,1
11114,202,0
11114,203,0
11116,1,1
11116,2,0
11116,3,1
11116,5,1
11116,6,1
11116,7,1
11116,56,1
11116,57,1
11116,59,1
11116,60,1
11116,61,1
11116,63,1
11116,64,1
11116,65,1
11116,66,1
11116,67,1
11116,72,1
11116,73,1
11116,74,1
11116,82,1
11116,83,1
11116,84,1
11116,86,1
11116,87,1
11116,88,1
11116,90,1
11116,91,1
11116,92,1
11116,93,1
11116,147,1
11116,148,0
11116,149,0
11116,150,0
11116,194,0
11116,196,0
11116,197,0
11116,198,0
11116,200,0
11116,201,0
11116,202,0
11116,203,0
11125,1,1
11125,2,0
11125,3,1
11125,5,1
11125,6,1
11125,7,1
11125,72,1
11125,73,1
11125,74,1
11125,82,1
11125,83,1
11125,84,1
11125,86,1
11125,87,1
11125,88,1
11125,90,1
11125,91,1
11125,92,1
11125,93,0
11125,147,1
11125,148,0
11125,149,0
11125,150,0
11125,194,0
11125,196,0
11125,197,0
11125,198,0
11125,200,0
11125,201,0
11125,202,0
11125,203,0
11128,1,1
11128,2,0
11128,3,1
11128,5,1
11128,6,1
11128,7,1
11128,9,1
11128,10,0
11128,11,0
11128,12,0
11128,49,0
11128,50,1
11128,52,1
11128,53,1
11128,54,1
11128,56,1
11128,57,1
11128,59,1
11128,60,1
11128,61,1
11128,63,1
11128,64,1
11128,65,1
11128,66,1
11128,67,1
11128,72,1
11128,73,1
11128,74,1
11128,82,1
11128,83,1
11128,84,1
11128,86,1
11128,87,1
11128,88,1
11128,90,1
11128,91,1
11128,92,1
11128,93,1
11128,147,0
11128,148,1
11128,149,0
11128,150,0
11128,152,1
11128,153,0
11128,154,0
11128,155,0
11128,157,0
11128,159,0
11128,160,0
11128,164,0
11128,170,0
11128,171,0
11128,172,0
11128,173,0
11128,174,0
11128,175,0
11128,176,0
11128,177,0
11128,178,0
11128,181,0
11128,182,0
11128,183,0
11128,184,0
11128,194,0
11128,196,0
11128,197,0
11128,198,0
11128,200,0
11128,201,1
11128,202,0
11128,203,0
11133,1,1
11133,2,0
11133,3,1
11133,5,1
11133,6,1
11133,7,1
11133,49,1
11133,50,1
11133,52,1
11133,53,1
11133,54,1
11133,56,1
11133,57,1
11133,59,1
11133,60,1
11133,61,1
11133,63,1
11133,64,1
11133,65,1
11133,66,1
11133,67,1
11133,72,1
11133,73,1
11133,74,1
11133,82,1
11133,83,1
11133,84,1
11133,86,1
11133,87,1
11133,88,1
11133,90,1
11133,91,1
11133,92,1
11133,93,1
11133,147,1
11133,148,0
11133,149,0
11133,150,0
11133,194,0
11133,196,0
11133,197,0
11133,198,0
11133,200,0
11133,201,1
11133,202,0
11133,203,0
11139,1,1
11139,2,0
11139,3,1
11139,5,1
11139,6,1
11139,7,1
11139,9,0
11139,10,0
11139,11,1
11139,12,0
11139,29,1
11139,30,1
11139,31,0
11139,32,0
11139,33,0
11139,34,0
11139,35,0
11139,36,0
11139,37,0
11139,39,0
11139,40,0
11139,41,0
11139,49,1
11139,50,1
11139,52,1
11139,53,1
11139,54,1
11139,56,1
11139,57,1
11139,59,1
11139,60,1
11139,61,1
11139,63,1
11139,64,1
11139,65,1
11139,66,1
11139,67,1
11139,72,0
11139,73,1
11139,74,1
11139,82,1
11139,83,1
11139,84,1
11139,86,1
11139,87,1
11139,88,1
11139,90,1
11139,91,1
11139,92,1
11139,93,0
11139,147,1
11139,148,0
11139,149,0
11139,150,0
11139,194,0
11139,196,0
11139,197,0
11139,198,0
11139,200,0
11139,201,1
11139,202,0
11139,203,0
11148,1,1
11148,2,1
11148,3,0
11148,5,1
11148,6,1
11148,7,1
11148,9,0
11148,10,0
11148,11,0
11148,12,0
11148,49,1
11148,50,1
11148,52,1
11148,53,1
11148,54,1
11148,56,1
11148,57,1
11148,59,1
11148,60,1
11148,61,1
11148,63,1
11148,64,1
11148,65,1
11148,66,1
11148,67,1
11148,72,1
11148,73,1
11148,74,1
11148,82,1
11148,83,1
11148,84,1
11148,86,1
11148,87,1
11148,88,1
11148,90,1
11148,91,1
11148,92,1
11148,93,1
11148,147,1
11148,148,0
11148,149,0
11148,150,0
11148,194,0
11148,196,0
11148,197,0
11148,198,0
11148,200,0
11148,201,1
11148,202,0
11148,203,0
11153,1,1
11153,2,0
11153,3,1
11153,5,1
11153,6,1
11153,7,1
11153,56,1
11153,57,1
11153,59,1
11153,60,1
11153,61,1
11153,63,1
11153,64,1
11153,65,1
11153,66,1
11153,67,1
11153,72,1
11153,73,1
11153,74,1
11153,82,1
11153,83,1
11153,84,1
11153,86,1
11153,87,1
11153,88,1
11153,90,1
11153,91,1
11153,92,1
11153,93,1
11153,147,1
11153,148,0
11153,149,0
11153,150,0
11153,194,0
11153,196,0
11153,197,0
11153,198,0
11153,200,0
11153,201,1
11153,202,0
11153,203,0
11159,1,1
11159,2,0
11159,3,1
11159,5,1
11159,6,1
11159,7,1
11159,49,1
11159,50,1
11159,52,1
11159,53,1
11159,54,1
11159,56,1
11159,57,1
11159,59,1
11159,60,1
11159,61,1
11159,63,1
11159,64,1
11159,65,1
11159,66,1
11159,67,1
11159,72,1
11159,73,1
11159,74,1
11159,82,1
11159,83,1
11159,84,1
11159,86,1
11159,87,1
11159,88,1
11159,90,1
11159,91,1
11159,92,1
11159,93,1
11159,147,1
11159,148,0
11159,149,0
11159,150,0
11159,194,0
11159,196,0
11159,197,0
11159,198,0
11159,200,0
11159,201,1
11159,202,0
11159,203,0
11161,1,1
11161,5,1
11161,6,1
11161,7,1
11161,9,0
11161,10,0
11161,11,0
11161,12,1
11161,29,0
11161,30,0
11161,31,0
11161,32,0
11161,33,0
11161,34,0
11161,35,1
11161,39,0
11161,40,0
11161,41,0
11161,49,1
11161,50,1
11161,52,1
11161,53,1
11161,54,1
11161,56,1
11161,57,1
11161,59,1
11161,60,1
11161,61,1
11161,63,1
11161,64,1
11161,65,1
11161,66,1
11161,67,1
11161,72,1
11161,73,1
11161,74,1
11161,82,1
11161,83,1
11161,84,1
11161,86,1
11161,87,1
11161,88,1
11161,90,1
11161,91,1
11161,92,1
11161,93,1
11161,147,1
11161,148,0
11161,149,0
11161,150,0
11161,194,0
11161,196,0
11161,197,0
11161,198,0
11161,200,0
11161,201,0
11161,202,0
11161,203,0
11174,1,1
11174,2,0
11174,3,1
11174,5,1
11174,6,1
11174,7,1
11174,29,1
11174,30,0
11174,31,1
11174,32,0
11174,33,0
11174,34,0
11174,35,0
11174,36,0
11174,37,0
11174,39,0
11174,40,0
11174,41,0
11174,56,1
11174,57,1
11174,59,1
11174,60,1
11174,61,1
11174,63,1
11174,64,1
11174,65,1
11174,66,1
11174,67,1
11174,72,1
11174,73,1
11174,74,1
11174,82,1
11174,83,1
11174,84,1
11174,86,1
11174,87,1
11174,88,1
11174,90,1
11174,91,1
11174,92,1
11174,93,1
11174,147,1
11174,148,0
11174,149,0
11174,150,0
11174,194,0
11174,196,0
11174,197,0
11174,198,0
11174,200,0
11174,201,1
11174,202,0
11174,203,0
11178,1,1
11178,2,0
11178,3,1
11178,5,1
11178,6,1
11178,7,1
11178,29,1
11178,30,1
11178,31,0
11178,32,0
11178,33,0
11178,34,0
11178,35,0
11178,36,0
11178,37,0
11178,39,0
11178,40,0
11178,41,0
11178,49,1
11178,50,1
11178,52,1
11178,53,1
11178,54,1
11178,56,1
11178,57,1
11178,59,1
11178,60,1
11178,61,1
11178,63,1
11178,64,1
11178,65,1
11178,66,1
11178,67,1
11178,72,1
11178,73,1
11178,74,1
11178,82,1
11178,83,1
11178,84,1
11178,86,1
11178,87,1
11178,88,1
11178,90,1
11178,91,1
11178,92,1
11178,93,1
11178,147,1
11178,148,0
11178,149,0
11178,150,0
11178,194,0
11178,196,0
11178,197,0
11178,198,0
11178,200,0
11178,201,0
11178,202,0
11178,203,0
11180,1,1
11180,2,0
11180,3,1
11180,5,1
11180,6,1
11180,7,1
11180,9,1
11180,10,0
11180,11,0
11180,12,0
11180,29,0
11180,30,0
11180,31,0
11180,32,1
11180,33,1
11180,34,0
11180,35,0
11180,36,0
11180,37,0
11180,39,0
11180,40,0
11180,41,0
11180,49,1
11180,50,1
11180,52,1
11180,53,1
11180,54,1
11180,56,1
11180,57,1
11180,59,1
11180,60,1
11180,61,1
11180,63,1
11180,64,1
11180,65,1
11180,66,1
11180,67,1
11180,72,1
11180,73,1
11180,74,1
11180,82,1
11180,83,1
11180,84,1
11180,86,1
11180,87,1
11180,88,1
11180,90,1
11180,91,1
11180,92,1
11180,93,1
11180,147,1
11180,148,0
11180,149,0
11180,150,0
11180,194,0
11180,196,0
11180,197,0
11180,198,0
11180,200,0
11180,201,0
11180,202,0
11180,203,0
11182,1,1
11182,2,0
11182,3,1
11182,5,1
11182,6,1
11182,7,1
11182,9,1
11182,10,0
11182,11,0
11182,12,0
11182,29,1
11182,30,1
11182,31,0
11182,32,0
11182,33,0
11182,34,0
11182,35,0
11182,36,0
11182,37,0
11182,39,0
11182,40,0
11182,41,0
11182,49,1
11182,50,1
11182,52,1
11182,53,1
11182,54,1
11182,56,1
11182,57,1
11182,59,1
11182,60,1
11182,61,1
11182,63,1
11182,64,1
11182,65,1
11182,66,1
11182,67,1
11182,72,1
11182,73,1
11182,74,1
11182,82,1
11182,83,1
11182,84,1
11182,86,1
11182,87,1
11182,88,1
11182,90,1
11182,91,1
11182,92,1
11182,93,1
11182,147,0
11182,148,1
11182,149,0
11182,150,0
11182,152,0
11182,153,0
11182,154,0
11182,155,0
11182,157,0
11182,159,0
11182,160,0
11182,164,0
11182,170,1
11182,171,0
11182,172,0
11182,173,0
11182,174,0
11182,175,0
11182,176,0
11182,177,1
11182,178,0
11182,181,0
11182,182,0
11182,183,0
11182,184,0
11182,194,0
11182,196,0
11182,197,0
11182,198,0
11182,200,0
11182,201,1
11182,202,0
11182,203,0
11183,1,1
11183,2,0
11183,3,1
11183,5,1
11183,6,1
11183,7,1
11183,49,0
11183,50,0
11183,52,1
11183,53,1
11183,54,1
11183,56,1
11183,57,1
11183,59,1
11183,60,1
11183,61,1
11183,63,1
11183,64,1
11183,65,1
11183,66,1
11183,67,1
11183,72,1
11183,73,1
11183,74,1
11183,82,1
11183,83,1
11183,84,1
11183,86,1
11183,87,1
11183,88,1
11183,90,1
11183,91,1
11183,92,1
11183,93,0
11183,147,0
11183,148,1
11183,149,0
11183,150,0
11183,152,1
11183,153,1
11183,154,1
11183,155,0
11183,157,0
11183,159,0
11183,160,0
11183,164,0
11183,170,0
11183,171,0
11183,172,0
11183,173,0
11183,174,0
11183,175,0
11183,176,0
11183,177,0
11183,178,0
11183,181,0
11183,182,0
11183,183,0
11183,184,0
11183,194,0
11183,196,0
11183,197,0
11183,198,0
11183,200,0
11183,201,1
11183,202,0
11183,203,0
11186,1,1
11186,5,1
11186,6,1
11186,7,1
11186,29,0
11186,30,0
11186,31,0
11186,32,0
11186,33,0
11186,34,0
11186,35,1
11186,36,1
11186,37,0
11186,39,0
11186,40,0
11186,41,0
11186,49,1
11186,50,1
11186,52,1
11186,53,1
11186,54,1
11186,56,1
11186,57,1
11186,59,1
11186,60,1
11186,61,1
11186,63,1
11186,64,1
11186,65,1
11186,66,1
11186,67,1
11186,72,1
11186,73,1
11186,74,1
11186,82,1
11186,83,1
11186,84,1
11186,86,1
11186,87,1
11186,88,1
11186,90,1
11186,91,1
11186,92,1
11186,93,1
11186,147,1
11186,148,0
11186,149,0
11186,150,0
11186,194,0
11186,196,0
11186,197,0
11186,198,0
11186,200,0
11186,201,1
11186,202,0
11186,203,0
11187,1,1
11187,2,1
11187,3,0
11187,5,1
11187,6,1
11187,7,1
11187,49,1
11187,50,1
11187,52,1
11187,53,1
11187,54,1
11187,56,1
11187,57,1
11187,59,1
11187,60,1
11187,61,1
11187,63,1
11187,64,1
11187,65,1
11187,66,1
11187,67,1
11187,72,1
11187,73,1
11187,74,1
11187,82,1
11187,83,1
11187,84,1
11187,86,1
11187,87,1
11187,88,1
11187,90,1
11187,91,1
11187,92,1
11187,93,1
11187,147,0
11187,148,1
11187,149,0
11187,150,0
11187,152,1
11187,153,1
11187,154,0
11187,155,1
11187,157,0
11187,159,0
11187,160,0
11187,164,0
11187,170,0
11187,171,0
11187,172,0
11187,173,0
11187,174,0
11187,175,0
11187,176,0
11187,177,0
11187,178,0
11187,181,0
11187,182,0
11187,183,0
11187,184,0
11187,194,0
11187,196,0
11187,197,0
11187,198,0
11187,200,0
11187,201,1
11187,202,0
11187,203,0
11188,1,1
11188,2,0
11188,3,1
11188,5,1
11188,6,1
11188,7,1
11188,49,1
11188,50,1
11188,52,1
11188,53,1
11188,54,1
11188,56,1
11188,57,1
11188,59,1
11188,60,1
11188,61,1
11188,63,1
11188,64,1
11188,65,1
11188,66,1
11188,67,1
11188,72,1
11188,73,1
11188,74,1
11188,82,1
11188,83,1
11188,84,1
11188,86,1
11188,87,1
11188,88,1
11188,90,1
11188,91,1
11188,92,1
11188,93,1
11188,147,1
11188,148,0
11188,149,0
11188,150,0
11188,194,0
11188,196,1
11188,197,0
11188,198,1
11188,200,0
11188,201,1
11188,202,0
11188,203,0
11199,1,1
11199,2,0
11199,3,1
11199,5,1
11199,6,1
11199,7,1
11199,49,1
11199,50,1
11199,52,1
11199,53,1
11199,54,1
11199,56,1
11199,57,1
11199,59,1
11199,60,1
11199,61,1
11199,63,1
11199,64,1
11199,65,1
11199,66,1
11199,67,1
11199,72,1
11199,73,1
11199,74,1
11199,82,1
11199,83,1
11199,84,1
11199,86,1
11199,87,1
11199,88,1
11199,90,1
11199,91,1
11199,92,1
11199,93,0
11199,147,1
11199,148,0
11199,149,0
11199,150,0
11199,194,0
11199,196,0
11199,197,0
11199,198,0
11199,200,0
11199,201,1
11199,202,0
11199,203,0
11375,1,1
11375,2,0
11375,3,1
11375,5,1
11375,6,1
11375,7,1
11375,49,1
11375,50,1
11375,52,1
11375,53,1
11375,54,1
11375,56,1
11375,57,1
11375,59,1
11375,60,1
11375,61,1
11375,63,1
11375,64,1
11375,65,1
11375,66,1
11375,67,1
11375,72,1
11375,73,1
11375,74,1
11375,82,1
11375,83,1
11375,84,1
11375,86,1
11375,87,1
11375,88,1
11375,90,1
11375,91,1
11375,92,1
11375,93,1
11375,147,1
11375,148,0
11375,149,0
11375,150,0
11375,194,0
11375,196,0
11375,197,0
11375,198,0
11375,200,0
11375,201,1
11375,202,1
11375,203,0
11480,1,1
11480,2,0
11480,3,1
11480,5,1
11480,6,1
11480,7,1
11480,29,0
11480,30,0
11480,31,0
11480,32,0
11480,33,0
11480,34,0
11480,35,0
11480,36,0
11480,37,0
11480,39,1
11480,49,1
11480,50,1
11480,52,1
11480,53,1
11480,54,1
11480,56,1
11480,57,1
11480,59,1
11480,60,1
11480,61,1
11480,63,1
11480,64,1
11480,65,1
11480,66,1
11480,67,1
11480,72,1
11480,73,1
11480,74,1
11480,82,1
11480,83,1
11480,84,1
11480,86,1
11480,87,1
11480,88,1
11480,90,1
11480,91,1
11480,92,1
11480,93,1
11480,147,1
11480,148,0
11480,149,0
11480,150,0
11480,194,0
11480,196,0
11480,197,0
11480,198,0
11480,200,0
11480,201,1
11480,202,0
11480,203,0
11495,1,1
11495,2,0
11495,3,1
11495,5,1
11495,6,1
11495,7,1
11495,49,1
11495,50,1
11495,52,1
11495,53,1
11495,54,1
11495,56,1
11495,57,1
11495,59,1
11495,60,1
11495,61,1
11495,63,1
11495,64,1
11495,65,1
11495,66,1
11495,67,1
11495,72,0
11495,73,1
11495,74,1
11495,82,1
11495,83,1
11495,84,1
11495,86,1
11495,87,1
11495,88,1
11495,90,1
11495,91,1
11495,92,1
11495,93,1
11495,147,1
11495,148,0
11495,149,0
11495,150,0
11495,194,0
11495,196,0
11495,197,0
11495,198,0
11495,200,0
11495,201,1
11495,202,0
11495,203,0
11499,1,1
11499,2,0
11499,3,1
11499,5,1
11499,6,1
11499,7,1
11499,56,1
11499,57,1
11499,59,1
11499,60,1
11499,61,1
11499,63,1
11499,64,1
11499,65,1
11499,66,1
11499,67,1
11499,72,0
11499,73,1
11499,74,1
11499,82,1
11499,83,1
11499,84,1
11499,86,1
11499,87,1
11499,88,1
11499,90,1
11499,91,1
11499,92,1
11499,93,1
11499,147,1
11499,148,0
11499,149,0
11499,150,0
11499,194,0
11499,196,0
11499,197,0
11499,198,0
11499,200,0
11499,201,1
11499,202,0
11499,203,0
11503,1,1
11503,2,0
11503,3,1
11503,5,1
11503,6,1
11503,7,1
11503,49,1
11503,50,1
11503,52,1
11503,53,1
11503,54,1
11503,56,1
11503,57,1
11503,59,1
11503,60,1
11503,61,1
11503,63,1
11503,64,1
11503,65,1
11503,66,1
11503,67,1
11503,72,1
11503,73,1
11503,74,1
11503,82,1
11503,83,1
11503,84,1
11503,86,1
11503,87,1
11503,88,1
11503,90,1
11503,91,1
11503,92,1
11503,93,1
11503,147,1
11503,148,0
11503,149,0
11503,150,0
11503,194,0
11503,196,0
11503,197,0
11503,198,0
11503,200,0
11503,201,1
11503,202,0
11503,203,0
11505,1,1
11505,2,0
11505,3,1
11505,5,1
11505,6,1
11505,7,1
11505,72,1
11505,73,1
11505,74,1
11505,82,1
11505,83,1
11505,84,1
11505,86,1
11505,87,1
11505,88,1
11505,90,1
11505,91,1
11505,92,1
11505,93,1
11505,147,1
11505,148,0
11505,149,0
11505,150,0
11505,194,0
11505,196,0
11505,197,0
11505,198,0
11505,200,0
11505,201,1
11505,202,0
11505,203,0
11507,1,1
11507,2,0
11507,3,1
11507,5,1
11507,6,1
11507,7,1
11507,49,1
11507,50,1
11507,52,1
11507,53,1
11507,54,1
11507,56,1
11507,57,1
11507,59,1
11507,60,1
11507,61,1
11507,63,1
11507,64,1
11507,65,1
11507,66,1
11507,67,1
11507,72,0
11507,73,1
11507,74,1
11507,82,1
11507,83,1
11507,84,1
11507,86,1
11507,87,1
11507,88,1
11507,90,1
11507,91,1
11507,92,1
11507,93,1
11507,147,1
11507,148,0
11507,149,0
11507,150,0
11507,194,0
11507,196,0
11507,197,0
11507,198,0
11507,200,0
11507,201,0
11507,202,0
11507,203,0
11508,1,1
11508,2,0
11508,3,1
11508,5,1
11508,6,1
11508,7,1
11508,29,1
11508,30,1
11508,31,0
11508,32,0
11508,33,0
11508,34,0
11508,35,0
11508,36,0
11508,37,0
11508,39,0
11508,40,0
11508,41,0
11508,56,1
11508,57,1
11508,59,1
11508,60,1
11508,61,1
11508,63,1
11508,64,1
11508,65,1
11508,66,1
11508,67,1
11508,72,1
11508,73,1
11508,74,1
11508,82,1
11508,83,1
11508,84,1
11508,86,1
11508,87,1
11508,88,1
11508,90,1
11508,91,1
11508,92,1
11508,93,1
11508,147,1
11508,148,0
11508,149,0
11508,150,0
11508,194,0
11508,196,0
11508,197,0
11508,198,0
11508,200,0
11508,201,0
11508,202,0
11508,203,0
11512,1,1
11512,2,1
11512,3,0
11512,5,1
11512,6,1
11512,7,1
11512,72,1
11512,73,1
11512,74,1
11512,82,1
11512,83,1
11512,84,1
11512,86,1
11512,87,1
11512,88,1
11512,90,1
11512,91,1
11512,92,1
11512,93,1
11512,147,1
11512,148,0
11512,149,0
11512,150,0
11512,194,0
11512,196,0
11512,197,0
11512,198,0
11512,200,0
11512,201,0
11512,202,0
11512,203,0
11514,1,1
11514,2,1
11514,3,0
11514,5,1
11514,6,1
11514,7,1
11514,49,1
11514,50,1
11514,52,1
11514,53,1
11514,54,1
11514,56,1
11514,57,1
11514,59,1
11514,60,1
11514,61,1
11514,63,1
11514,64,1
11514,65,1
11514,66,1
11514,67,1
11514,72,1
11514,73,1
11514,74,1
11514,82,1
11514,83,1
11514,84,1
11514,86,1
11514,87,1
11514,88,1
11514,90,1
11514,91,1
11514,92,1
11514,93,1
11514,147,1
11514,148,0
11514,149,0
11514,150,0
11514,194,0
11514,196,0
11514,197,0
11514,198,0
11514,200,0
11514,201,1
11514,202,0
11514,203,0
11518,1,1
11518,2,0
11518,3,1
11518,5,1
11518,6,1
11518,7,1
11518,29,0
11518,30,0
11518,31,0
11518,32,1
11518,35,0
11518,36,0
11518,37,0
11518,39,0
11518,40,0
11518,41,0
11518,56,1
11518,57,1
11518,59,1
11518,60,1
11518,61,1
11518,63,1
11518,64,1
11518,65,1
11518,66,1
11518,67,1
11518,72,1
11518,73,1
11518,74,1
11518,82,1
11518,83,1
11518,84,1
11518,86,1
11518,87,1
11518,88,1
11518,90,1
11518,91,1
11518,92,1
11518,93,1
11518,147,1
11518,148,0
11518,149,0
11518,150,0
11518,194,0
11518,196,0
11518,197,0
11518,198,0
11518,200,0
11518,201,0
11518,202,0
11518,203,0
11523,1,1
11523,2,1
11523,3,0
11523,5,1
11523,6,1
11523,7,1
11523,49,1
11523,50,1
11523,52,1
11523,53,1
11523,54,1
11523,56,1
11523,57,1
11523,59,1
11523,60,1
11523,61,1
11523,63,1
11523,64,1
11523,65,1
11523,66,1
11523,67,1
11523,72,1
11523,73,1
11523,74,1
11523,82,1
11523,83,1
11523,84,1
11523,86,1
11523,87,1
11523,88,1
11523,90,1
11523,91,1
11523,92,1
11523,93,0
11523,147,1
11523,148,0
11523,149,0
11523,150,0
11523,194,0
11523,196,0
11523,197,0
11523,198,0
11523,200,0
11523,201,0
11523,202,0
11523,203,0
11524,1,1
11524,2,0
11524,3,1
11524,5,1
11524,6,1
11524,7,1
11524,56,1
11524,57,1
11524,59,1
11524,60,1
11524,61,1
11524,63,1
11524,64,1
11524,65,1
11524,66,1
11524,67,1
11524,72,1
11524,73,1
11524,74,1
11524,82,1
11524,83,1
11524,84,1
11524,86,1
11524,87,1
11524,88,1
11524,90,1
11524,91,1
11524,92,1
11524,93,1
11524,147,1
11524,148,0
11524,149,0
11524,150,0
11524,194,0
11524,196,0
11524,197,0
11524,198,0
11524,200,0
11524,201,0
11524,202,0
11524,203,0
11527,1,1
11527,2,0
11527,3,1
11527,5,1
11527,6,1
11527,7,1
11527,49,1
11527,50,1
11527,52,1
11527,53,1
11527,54,1
11527,56,1
11527,57,1
11527,59,1
11527,60,1
11527,61,1
11527,63,1
11527,64,1
11527,65,1
11527,66,1
11527,67,1
11527,72,1
11527,73,1
11527,74,1
11527,82,1
11527,83,1
11527,84,1
11527,90,1
11527,91,1
11527,92,1
11527,93,1
11527,147,1
11527,148,0
11527,149,0
11527,150,0
11527,194,0
11527,196,0
11527,197,0
11527,198,0
11527,200,0
11527,201,1
11527,202,0
11527,203,0
11533,1,1
11533,2,0
11533,3,1
11533,5,1
11533,6,1
11533,7,1
11533,49,1
11533,50,1
11533,52,1
11533,53,1
11533,54,1
11533,56,1
11533,57,1
11533,59,1
11533,60,1
11533,61,1
11533,63,1
11533,64,1
11533,65,1
11533,66,1
11533,67,1
11533,72,1
11533,73,1
11533,74,1
11533,82,1
11533,83,1
11533,84,1
11533,86,1
11533,87,1
11533,88,1
11533,90,1
11533,91,1
11533,92,1
11533,93,1
11533,147,1
11533,148,0
11533,149,0
11533,150,0
11533,194,0
11533,196,1
11533,197,0
11533,198,0
11533,200,0
11533,201,0
11533,202,0
11533,203,0
11534,1,1
11534,2,0
11534,3,1
11534,5,1
11534,6,1
11534,7,1
11534,49,1
11534,50,1
11534,52,1
11534,53,1
11534,54,1
11534,56,1
11534,57,1
11534,59,1
11534,60,1
11534,61,1
11534,63,1
11534,64,1
11534,65,1
11534,66,1
11534,67,1
11534,72,1
11534,73,1
11534,74,1
11534,82,1
11534,83,1
11534,84,1
11534,86,1
11534,87,1
11534,88,1
11534,90,1
11534,91,1
11534,92,1
11534,93,0
11534,147,1
11534,148,0
11534,149,0
11534,150,0
11534,194,0
11534,196,0
11534,197,0
11534,198,0
11534,200,0
11534,201,1
11534,202,0
11534,203,0
11538,1,1
11538,2,0
11538,3,1
11538,5,1
11538,6,1
11538,7,1
11538,9,1
11538,10,0
11538,11,0
11538,12,0
11538,29,0
11538,30,0
11538,31,0
11538,32,0
11538,33,0
11538,34,0
11538,35,0
11538,36,0
11538,37,0
11538,39,1
11538,49,1
11538,50,1
11538,52,1
11538,53,1
11538,54,1
11538,56,1
11538,57,1
11538,59,1
11538,60,1
11538,61,1
11538,63,1
11538,64,1
11538,65,1
11538,66,1
11538,67,1
11538,72,1
11538,73,1
11538,74,1
11538,82,1
11538,83,1
11538,84,1
11538,86,1
11538,87,1
11538,88,1
11538,90,1
11538,91,1
11538,92,1
11538,93,1
11538,147,0
11538,148,1
11538,149,0
11538,150,0
11538,152,1
11538,153,1
11538,154,0
11538,155,1
11538,157,0
11538,159,0
11538,160,0
11538,164,0
11538,170,0
11538,171,0
11538,172,0
11538,173,0
11538,174,0
11538,175,0
11538,176,0
11538,177,0
11538,178,0
11538,181,0
11538,182,0
11538,183,0
11538,184,0
11538,194,1
11538,196,1
11538,197,0
11538,198,0
11538,200,0
11538,201,1
11538,202,0
11538,203,0
11541,1,1
11541,2,1
11541,3,0
11541,5,1
11541,6,1
11541,7,1
11541,29,0
11541,30,0
11541,31,0
11541,32,1
11541,33,0
11541,34,1
11541,35,0
11541,36,0
11541,37,0
11541,39,0
11541,40,0
11541,41,0
11541,49,1
11541,50,1
11541,52,1
11541,53,1
11541,54,1
11541,56,1
11541,57,1
11541,59,1
11541,60,1
11541,61,1
11541,63,1
11541,64,1
11541,65,1
11541,66,1
11541,67,1
11541,72,1
11541,73,1
11541,74,1
11541,82,1
11541,83,1
11541,84,1
11541,86,1
11541,87,1
11541,88,1
11541,90,1
11541,91,0
11541,92,0
11541,93,0
11541,147,1
11541,148,0
11541,149,0
11541,150,0
11541,194,0
11541,196,0
11541,197,0
11541,198,0
11541,200,0
11541,201,0
11541,202,0
11541,203,0
11547,1,1
11547,2,0
11547,3,1
11547,5,1
11547,6,1
11547,7,1
11547,9,0
11547,10,0
11547,11,1
11547,12,0
11547,29,0
11547,30,0
11547,31,0
11547,32,0
11547,33,0
11547,34,0
11547,35,0
11547,36,0
11547,37,0
11547,39,1
11547,49,1
11547,50,1
11547,52,1
11547,53,1
11547,54,1
11547,56,0
11547,57,0
11547,59,1
11547,60,1
11547,61,1
11547,63,1
11547,64,1
11547,65,1
11547,66,1
11547,67,1
11547,72,1
11547,73,1
11547,74,1
11547,82,1
11547,83,1
11547,84,1
11547,86,1
11547,87,1
11547,88,1
11547,90,1
11547,91,1
11547,92,1
11547,93,1
11547,147,0
11547,148,0
11547,149,1
11547,150,0
11547,152,1
11547,153,1
11547,154,0
11547,155,1
11547,157,1
11547,159,0
11547,160,1
11547,164,0
11547,170,1
11547,171,0
11547,172,0
11547,173,0
11547,174,0
11547,175,0
11547,176,0
11547,177,0
11547,178,0
11547,181,0
11547,182,0
11547,183,0
11547,184,0
11547,194,1
11547,196,1
11547,197,0
11547,198,0
11547,200,0
11547,201,1
11547,202,0
11547,203,0
11548,1,1
11548,2,1
11548,3,0
11548,5,1
11548,6,1
11548,7,1
11548,9,0
11548,10,0
11548,11,0
11548,12,0
11548,49,0
11548,50,0
11548,52,0
11548,53,1
11548,54,1
11548,56,0
11548,57,0
11548,59,1
11548,60,1
11548,61,1
11548,63,1
11548,64,1
11548,65,1
11548,66,1
11548,67,1
11548,72,0
11548,73,1
11548,74,1
11548,82,1
11548,83,1
11548,84,0
11548,86,1
11548,87,1
11548,88,1
11548,90,1
11548,91,1
11548,92,0
11548,93,0
11548,147,0
11548,148,1
11548,149,0
11548,150,0
11548,152,1
11548,153,1
11548,154,0
11548,155,1
11548,157,0
11548,159,0
11548,160,0
11548,164,0
11548,170,0
11548,171,0
11548,172,0
11548,173,0
11548,174,0
11548,175,0
11548,176,0
11548,177,0
11548,178,0
11548,181,0
11548,182,0
11548,183,0
11548,184,0
11548,194,0
11548,196,0
11548,197,0
11548,198,0
11548,200,0
11548,201,1
11548,202,1
11548,203,0
11551,1,1
11551,2,0
11551,3,1
11551,5,1
11551,6,1
11551,7,1
11551,29,1
11551,30,1
11551,31,0
11551,32,0
11551,33,0
11551,34,0
11551,35,0
11551,36,0
11551,37,0
11551,39,0
11551,40,0
11551,41,0
11551,56,1
11551,57,1
11551,59,1
11551,60,1
11551,61,1
11551,63,1
11551,64,1
11551,65,1
11551,66,1
11551,67,1
11551,72,1
11551,73,1
11551,74,1
11551,82,1
11551,83,1
11551,84,1
11551,86,1
11551,87,1
11551,88,1
11551,90,1
11551,91,1
11551,92,1
11551,93,0
11551,147,1
11551,148,0
11551,149,0
11551,150,0
11551,194,0
11551,196,0
11551,197,0
11551,198,1
11551,200,0
11551,201,1
11551,202,0
11551,203,1
11560,1,1
11560,2,0
11560,3,1
11560,5,1
11560,6,1
11560,7,1
11560,49,1
11560,50,1
11560,52,1
11560,53,1
11560,54,1
11560,56,1
11560,57,1
11560,59,1
11560,60,1
11560,61,1
11560,63,1
11560,64,1
11560,65,1
11560,66,1
11560,67,1
11560,72,1
11560,73,1
11560,74,1
11560,82,1
11560,83,1
11560,84,1
11560,86,1
11560,87,1
11560,88,1
11560,90,1
11560,91,1
11560,92,1
11560,93,1
11560,147,1
11560,148,0
11560,149,0
11560,150,0
11560,194,0
11560,196,0
11560,197,0
11560,198,0
11560,200,0
11560,201,0
11560,202,0
11560,203,0
11563,1,1
11563,2,1
11563,3,0
11563,5,1
11563,6,1
11563,7,1
11563,49,0
11563,50,0
11563,52,1
11563,53,1
11563,54,1
11563,56,0
11563,57,1
11563,59,1
11563,60,1
11563,61,1
11563,63,1
11563,64,1
11563,65,1
11563,66,1
11563,67,1
11563,72,1
11563,73,1
11563,74,1
11563,82,1
11563,83,1
11563,84,1
11563,86,1
11563,87,1
11563,88,1
11563,90,1
11563,91,1
11563,92,1
11563,93,1
11563,147,1
11563,148,0
11563,149,0
11563,150,0
11563,194,0
11563,196,0
11563,197,0
11563,198,0
11563,200,0
11563,201,0
11563,202,0
11563,203,0
11565,1,1
11565,2,0
11565,3,1
11565,5,1
11565,6,1
11565,7,1
11565,56,1
11565,57,1
11565,59,1
11565,60,1
11565,61,1
11565,63,1
11565,64,1
11565,65,1
11565,66,1
11565,67,1
11565,72,1
11565,73,1
11565,74,1
11565,82,1
11565,83,1
11565,84,1
11565,86,1
11565,87,1
11565,88,1
11565,90,1
11565,91,1
11565,92,1
11565,93,1
11565,147,1
11565,148,0
11565,149,0
11565,150,0
11565,194,0
11565,196,0
11565,197,0
11565,198,0
11565,200,0
11565,201,0
11565,202,0
11565,203,0
11569,1,1
11569,2,0
11569,3,1
11569,5,1
11569,6,1
11569,7,1
11569,72,1
11569,73,1
11569,74,1
11569,82,1
11569,83,1
11569,84,1
11569,90,1
11569,91,1
11569,92,1
11569,93,1
11569,147,1
11569,148,0
11569,149,0
11569,150,0
11569,194,0
11569,196,0
11569,197,0
11569,198,0
11569,200,0
11569,201,0
11569,202,0
11569,203,0
11573,1,1
11573,2,0
11573,3,1
11573,5,1
11573,6,1
11573,7,1
11573,9,0
11573,10,1
11573,11,0
11573,12,0
11573,29,0
11573,30,0
11573,31,0
11573,32,0
11573,33,0
11573,34,0
11573,35,0
11573,36,0
11573,37,0
11573,39,1
11573,49,1
11573,50,1
11573,52,1
11573,53,1
11573,54,1
11573,56,1
11573,57,1
11573,59,1
11573,60,1
11573,61,1
11573,63,1
11573,64,1
11573,65,1
11573,66,1
11573,67,1
11573,72,1
11573,73,1
11573,74,1
11573,82,1
11573,83,1
11573,84,1
11573,86,1
11573,87,1
11573,88,1
11573,90,1
11573,91,1
11573,92,1
11573,93,1
11573,147,1
11573,148,0
11573,149,0
11573,150,0
11573,194,0
11573,196,0
11573,197,0
11573,198,0
11573,200,0
11573,201,1
11573,202,0
11573,203,0
11696,1,1
11696,2,0
11696,3,1
11696,5,1
11696,6,1
11696,7,1
11696,29,1
11696,30,1
11696,31,0
11696,32,0
11696,33,0
11696,34,0
11696,35,0
11696,36,0
11696,37,0
11696,39,0
11696,40,0
11696,41,0
11696,49,1
11696,50,1
11696,52,1
11696,53,1
11696,54,1
11696,56,1
11696,57,1
11696,59,1
11696,60,1
11696,61,1
11696,63,1
11696,64,1
11696,65,1
11696,66,1
11696,67,1
11696,72,1
11696,73,1
11696,74,1
11696,82,1
11696,83,1
11696,84,1
11696,86,1
11696,87,1
11696,88,1
11696,90,1
11696,91,1
11696,92,1
11696,93,1
11696,147,1
11696,148,0
11696,149,0
11696,150,0
11696,194,0
11696,196,0
11696,197,0
11696,198,0
11696,200,0
11696,201,1
11696,202,1
11696,203,0
11699,1,1
11699,2,0
11699,3,1
11699,5,1
11699,6,1
11699,7,1
11699,29,1
11699,30,1
11699,31,0
11699,32,0
11699,33,0
11699,34,0
11699,35,0
11699,36,0
11699,37,0
11699,39,0
11699,40,0
11699,41,0
11699,49,1
11699,50,1
11699,52,1
11699,53,1
11699,54,1
11699,56,1
11699,57,1
11699,59,1
11699,60,1
11699,61,1
11699,63,1
11699,64,1
11699,65,1
11699,66,1
11699,67,1
11699,72,1
11699,73,1
11699,74,1
11699,82,1
11699,83,1
11699,84,1
11699,86,1
11699,87,1
11699,88,1
11699,90,0
11699,91,0
11699,92,0
11699,93,0
11699,147,1
11699,148,0
11699,149,0
11699,150,0
11699,194,0
11699,196,0
11699,197,0
11699,198,0
11699,200,0
11699,201,1
11699,202,0
11699,203,0
11704,1,1
11704,2,0
11704,3,1
11704,5,1
11704,6,1
11704,7,1
11704,9,0
11704,10,1
11704,11,0
11704,12,0
11704,29,0
11704,30,0
11704,31,0
11704,32,0
11704,33,0
11704,34,0
11704,35,0
11704,36,0
11704,37,0
11704,39,1
11704,147,1
11704,148,0
11704,149,0
11704,150,0
11704,194,0
11704,196,0
11704,197,0
11704,198,0
11704,200,0
11704,201,0
11704,202,0
11704,203,0
11705,1,1
11705,2,0
11705,3,1
11705,5,1
11705,6,1
11705,7,1
11705,49,1
11705,50,1
11705,52,1
11705,53,1
11705,54,1
11705,56,1
11705,57,1
11705,59,1
11705,60,1
11705,61,1
11705,63,1
11705,64,1
11705,65,1
11705,66,1
11705,67,1
11705,72,1
11705,73,1
11705,74,1
11705,82,1
11705,83,1
11705,84,1
11705,86,1
11705,87,1
11705,88,1
11705,90,1
11705,91,1
11705,92,1
11705,93,1
11705,147,1
11705,148,0
11705,149,0
11705,150,0
11705,194,0
11705,196,0
11705,197,0
11705,198,0
11705,200,0
11705,201,1
11705,202,0
11705,203,0
11707,1,1
11707,2,0
11707,3,1
11707,5,1
11707,6,1
11707,7,1
11707,49,1
11707,50,1
11707,52,1
11707,53,1
11707,54,1
11707,56,1
11707,57,1
11707,59,1
11707,60,1
11707,61,1
11707,63,1
11707,64,1
11707,65,1
11707,66,1
11707,67,1
11707,72,1
11707,73,1
11707,74,1
11707,82,1
11707,83,1
11707,84,1
11707,86,1
11707,87,1
11707,88,1
11707,90,1
11707,91,1
11707,92,1
11707,93,0
11707,147,1
11707,148,0
11707,149,0
11707,150,0
11707,194,0
11707,196,0
11707,197,0
11707,198,0
11707,200,0
11707,201,1
11707,202,0
11707,203,0
11951,1,1
11951,2,0
11951,3,1
11951,5,1
11951,6,1
11951,7,1
11951,9,0
11951,10,1
11951,11,0
11951,12,0
11951,29,1
11951,30,0
11951,31,0
11951,32,1
11951,33,1
11951,34,0
11951,35,0
11951,36,0
11951,37,0
11951,39,0
11951,40,0
11951,41,0
11951,49,1
11951,50,1
11951,52,1
11951,53,1
11951,54,1
11951,56,1
11951,57,1
11951,59,1
11951,60,1
11951,61,1
11951,63,1
11951,64,1
11951,65,1
11951,66,1
11951,67,1
11951,72,1
11951,73,1
11951,74,1
11951,82,1
11951,83,1
11951,84,1
11951,86,1
11951,87,1
11951,88,1
11951,90,1
11951,91,1
11951,92,1
11951,93,1
11951,147,1
11951,148,0
11951,149,0
11951,150,0
11951,194,0
11951,196,0
11951,197,0
11951,198,0
11951,200,0
11951,201,1
11951,202,0
11951,203,0
11952,1,1
11952,2,0
11952,3,1
11952,5,1
11952,6,1
11952,7,1
11952,9,0
11952,10,1
11952,11,0
11952,12,0
11952,29,1
11952,30,1
11952,31,0
11952,32,0
11952,33,0
11952,34,0
11952,35,0
11952,36,0
11952,37,0
11952,39,0
11952,40,0
11952,41,0
11952,49,1
11952,50,1
11952,52,1
11952,53,1
11952,54,1
11952,56,1
11952,57,1
11952,59,1
11952,60,1
11952,61,1
11952,63,1
11952,64,1
11952,65,1
11952,66,1
11952,67,1
11952,72,1
11952,73,1
11952,74,1
11952,82,1
11952,83,1
11952,84,1
11952,86,1
11952,87,1
11952,88,1
11952,90,1
11952,91,1
11952,92,1
11952,93,1
11952,147,0
11952,148,1
11952,149,0
11952,150,0
11952,152,0
11952,153,0
11952,154,0
11952,155,0
11952,157,1
11952,159,1
11952,160,0
11952,164,0
11952,170,0
11952,171,0
11952,172,0
11952,173,0
11952,174,0
11952,175,0
11952,176,0
11952,177,0
11952,178,0
11952,181,0
11952,182,0
11952,183,0
11952,184,0
11952,194,0
11952,196,0
11952,197,0
11952,198,0
11952,200,0
11952,201,1
11952,202,1
11952,203,0
11953,1,1
11953,2,0
11953,3,1
11953,5,1
11953,6,1
11953,7,1
11953,29,0
11953,30,0
11953,31,0
11953,32,0
11953,33,0
11953,34,0
11953,35,0
11953,36,0
11953,37,0
11953,39,1
11953,49,1
11953,50,1
11953,52,1
11953,53,1
11953,54,1
11953,56,1
11953,57,1
11953,59,1
11953,60,1
11953,61,1
11953,63,1
11953,64,1
11953,65,1
11953,66,1
11953,67,1
11953,72,1
11953,73,1
11953,74,1
11953,82,1
11953,83,1
11953,84,1
11953,86,1
11953,87,1
11953,88,1
11953,90,1
11953,91,1
11953,92,0
11953,93,0
11953,147,0
11953,148,1
11953,149,0
11953,150,0
11953,152,0
11953,153,0
11953,154,0
11953,155,0
11953,157,0
11953,159,0
11953,160,0
11953,164,0
11953,170,1
11953,171,1
11953,172,0
11953,173,1
11953,174,0
11953,175,0
11953,176,0
11953,177,0
11953,178,0
11953,181,0
11953,182,0
11953,183,0
11953,184,0
11953,194,1
11953,196,0
11953,197,0
11953,198,0
11953,200,0
11953,201,1
11953,202,0
11953,203,0
11954,1,1
11954,2,0
11954,3,1
11954,5,1
11954,6,1
11954,7,1
11954,49,1
11954,50,1
11954,52,1
11954,53,1
11954,54,1
11954,56,1
11954,57,1
11954,59,1
11954,60,1
11954,61,1
11954,63,1
11954,64,1
11954,65,1
11954,66,1
11954,67,1
11954,72,0
11954,73,1
11954,74,1
11954,82,1
11954,83,1
11954,84,1
11954,86,1
11954,87,1
11954,88,1
11954,90,1
11954,91,1
11954,92,1
11954,93,1
11954,147,1
11954,148,0
11954,149,0
11954,150,0
11954,194,0
11954,196,0
11954,197,0
11954,198,0
11954,200,0
11954,201,0
11954,202,0
11954,203,0
11959,1,1
11959,2,0
11959,3,1
11959,5,1
11959,6,1
11959,7,1
11959,29,1
11959,30,1
11959,31,0
11959,32,0
11959,33,0
11959,34,0
11959,35,0
11959,36,0
11959,37,0
11959,39,0
11959,40,0
11959,41,0
11959,49,1
11959,50,1
11959,52,1
11959,53,1
11959,54,1
11959,56,1
11959,57,1
11959,59,1
11959,60,1
11959,61,1
11959,63,1
11959,64,1
11959,65,1
11959,66,1
11959,67,1
11959,72,1
11959,73,1
11959,74,1
11959,82,1
11959,83,1
11959,84,1
11959,86,1
11959,87,1
11959,88,1
11959,90,1
11959,91,1
11959,92,1
11959,93,1
11959,147,1
11959,148,0
11959,149,0
11959,150,0
11959,194,0
11959,196,0
11959,197,0
11959,198,0
11959,200,0
11959,201,1
11959,202,0
11959,203,0
11972,1,1
11972,2,0
11972,3,1
11972,5,1
11972,6,1
11972,7,1
11972,49,1
11972,50,1
11972,52,1
11972,53,1
11972,54,1
11972,56,1
11972,57,1
11972,59,1
11972,60,1
11972,61,1
11972,63,1
11972,64,1
11972,65,1
11972,66,1
11972,67,1
11972,72,1
11972,73,1
11972,74,1
11972,82,1
11972,83,1
11972,84,1
11972,86,1
11972,87,1
11972,88,1
11972,90,1
11972,91,1
11972,92,1
11972,93,1
11972,147,1
11972,148,0
11972,149,0
11972,150,0
11972,194,0
11972,196,0
11972,197,0
11972,198,0
11972,200,0
11972,201,1
11972,202,0
11972,203,0
11973,1,1
11973,2,1
11973,3,0
11973,5,1
11973,6,1
11973,7,1
11973,29,1
11973,30,0
11973,31,1
11973,32,0
11973,33,0
11973,34,0
11973,35,0
11973,36,0
11973,37,0
11973,39,0
11973,40,0
11973,41,0
11973,56,1
11973,57,1
11973,59,1
11973,60,1
11973,61,1
11973,63,1
11973,64,1
11973,65,1
11973,66,1
11973,67,1
11973,72,1
11973,73,1
11973,74,1
11973,82,1
11973,83,1
11973,84,1
11973,86,1
11973,87,1
11973,88,1
11973,90,1
11973,91,1
11973,92,1
11973,93,1
11973,147,1
11973,148,0
11973,149,0
11973,150,0
11973,194,0
11973,196,0
11973,197,0
11973,198,0
11973,200,0
11973,201,0
11973,202,0
11973,203,0
11980,1,1
11980,2,0
11980,3,1
11980,5,1
11980,6,1
11980,7,1
11980,29,1
11980,32,0
11980,33,0
11980,34,0
11980,35,0
11980,36,0
11980,37,0
11980,39,0
11980,40,0
11980,41,0
11980,56,1
11980,57,1
11980,59,1
11980,60,1
11980,61,1
11980,63,1
11980,64,1
11980,65,1
11980,66,1
11980,67,1
11980,72,1
11980,73,1
11980,74,1
11980,82,1
11980,83,1
11980,84,1
11980,86,1
11980,87,1
11980,88,1
11980,90,1
11980,91,1
11980,92,1
11980,93,1
11980,147,1
11980,148,0
11980,149,0
11980,150,0
11980,194,0
11980,196,0
11980,197,0
11980,198,0
11980,200,0
11980,201,1
11980,202,0
11980,203,0
11982,1,1
11982,5,1
11982,6,1
11982,7,1
11982,49,1
11982,50,1
11982,52,1
11982,53,1
11982,54,1
11982,56,1
11982,57,1
11982,59,1
11982,60,1
11982,61,1
11982,63,1
11982,64,1
11982,65,1
11982,66,1
11982,67,1
11982,72,0
11982,73,0
11982,74,0
11982,82,1
11982,83,1
11982,84,0
11982,86,1
11982,87,1
11982,88,1
11982,90,1
11982,91,1
11982,92,1
11982,93,1
11982,147,1
11982,148,0
11982,149,0
11982,150,0
11982,194,0
11982,196,0
11982,197,0
11982,198,0
11982,200,0
11982,201,1
11982,202,0
11982,203,0
11989,1,1
11989,2,0
11989,3,1
11989,5,1
11989,6,1
11989,7,1
11989,9,1
11989,10,0
11989,11,0
11989,12,0
11989,49,1
11989,50,1
11989,52,1
11989,53,1
11989,54,1
11989,56,1
11989,57,1
11989,59,1
11989,60,1
11989,61,1
11989,63,1
11989,64,1
11989,65,1
11989,66,1
11989,67,1
11989,72,1
11989,73,1
11989,74,1
11989,82,1
11989,83,1
11989,84,1
11989,86,1
11989,87,1
11989,88,1
11989,90,1
11989,91,1
11989,92,1
11989,93,1
11989,147,1
11989,148,0
11989,149,0
11989,150,0
11989,194,0
11989,196,0
11989,197,0
11989,198,0
11989,200,0
11989,201,1
11989,202,0
11989,203,0
11993,1,1
11993,2,1
11993,3,0
11993,5,1
11993,6,1
11993,7,1
11993,49,1
11993,50,1
11993,52,1
11993,53,1
11993,54,1
11993,56,1
11993,57,1
11993,59,1
11993,60,1
11993,61,1
11993,63,1
11993,64,1
11993,65,1
11993,66,1
11993,67,1
11993,72,1
11993,73,1
11993,74,1
11993,82,1
11993,83,1
11993,84,1
11993,86,1
11993,87,1
11993,88,1
11993,90,1
11993,91,1
11993,92,1
11993,93,0
11993,147,1
11993,148,0
11993,149,0
11993,150,0
11993,194,0
11993,196,0
11993,197,0
11993,198,0
11993,200,0
11993,201,0
11993,202,0
11993,203,0
11995,1,1
11995,2,0
11995,3,1
11995,5,1
11995,6,1
11995,7,1
11995,49,1
11995,50,1
11995,52,1
11995,53,1
11995,54,1
11995,56,1
11995,57,1
11995,59,1
11995,60,1
11995,61,1
11995,63,1
11995,64,1
11995,65,1
11995,66,1
11995,67,1
11995,72,1
11995,73,1
11995,74,1
11995,82,1
11995,83,1
11995,84,1
11995,86,1
11995,87,1
11995,88,1
11995,90,1
11995,91,1
11995,92,1
11995,93,1
11995,147,1
11995,148,0
11995,149,0
11995,150,0
11995,194,1
11995,196,1
11995,197,0
11995,198,0
11995,200,0
11995,201,1
11995,202,0
11995,203,0
11996,1,1
11996,2,1
11996,3,0
11996,5,1
11996,6,1
11996,7,1
11996,9,0
11996,10,1
11996,11,0
11996,12,0
11996,29,0
11996,30,0
11996,31,0
11996,32,0
11996,33,0
11996,34,0
11996,35,0
11996,36,0
11996,37,0
11996,39,1
11996,49,1
11996,50,1
11996,52,1
11996,53,1
11996,54,1
11996,56,1
11996,57,1
11996,59,1
11996,60,1
11996,61,1
11996,63,1
11996,64,1
11996,65,1
11996,66,1
11996,67,1
11996,72,1
11996,73,1
11996,74,1
11996,82,1
11996,83,1
11996,84,1
11996,86,1
11996,87,1
11996,88,1
11996,90,1
11996,91,1
11996,92,1
11996,93,1
11996,147,0
11996,148,1
11996,149,0
11996,150,0
11996,152,1
11996,153,1
11996,154,0
11996,155,1
11996,157,0
11996,159,0
11996,160,0
11996,164,0
11996,170,0
11996,171,0
11996,172,0
11996,173,0
11996,174,0
11996,175,0
11996,176,0
11996,177,0
11996,178,0
11996,181,0
11996,182,0
11996,183,0
11996,184,0
11996,194,1
11996,196,1
11996,197,0
11996,198,0
11996,200,0
11996,201,1
11996,202,0
11996,203,0
11998,1,1
11998,2,0
11998,3,1
11998,5,1
11998,6,1
11998,7,1
11998,72,1
11998,73,1
11998,74,1
11998,82,1
11998,83,1
11998,84,1
11998,86,1
11998,87,1
11998,88,1
11998,90,1
11998,91,1
11998,92,1
11998,93,1
11998,147,1
11998,148,0
11998,149,0
11998,150,0
11998,194,0
11998,196,0
11998,197,0
11998,198,0
11998,200,0
11998,201,1
11998,202,0
11998,203,0
12001,1,1
12001,2,1
12001,3,0
12001,5,1
12001,6,1
12001,7,1
12001,29,0
12001,30,0
12001,31,0
12001,32,0
12001,33,0
12001,34,0
12001,35,0
12001,36,0
12001,37,0
12001,39,1
12001,49,1
12001,50,1
12001,52,1
12001,53,1
12001,54,1
12001,56,1
12001,57,1
12001,59,1
12001,60,1
12001,61,1
12001,63,1
12001,64,1
12001,65,1
12001,66,1
12001,67,1
12001,72,0
12001,73,0
12001,74,1
12001,82,1
12001,83,1
12001,84,0
12001,86,1
12001,87,1
12001,88,1
12001,90,1
12001,91,1
12001,92,0
12001,93,0
12001,147,1
12001,148,0
12001,149,0
12001,150,0
12001,194,0
12001,196,0
12001,197,0
12001,198,1
12001,200,0
12001,201,1
12001,202,0
12001,203,0
12005,1,1
12005,2,0
12005,3,1
12005,5,1
12005,6,1
12005,7,1
12005,56,1
12005,57,1
12005,59,1
12005,60,1
12005,61,1
12005,63,1
12005,64,1
12005,65,1
12005,66,1
12005,67,1
12005,72,1
12005,73,1
12005,74,1
12005,82,1
12005,83,1
12005,84,1
12005,86,1
12005,87,1
12005,88,1
12005,90,1
12005,91,1
12005,92,1
12005,93,0
12005,147,1
12005,148,0
12005,149,0
12005,150,0
12005,194,0
12005,196,0
12005,197,0
12005,198,0
12005,200,0
12005,201,0
12005,202,0
12005,203,0
12007,1,1
12007,5,1
12007,6,1
12007,7,1
12007,49,1
12007,50,1
12007,52,1
12007,53,1
12007,54,1
12007,56,1
12007,57,1
12007,59,1
12007,60,1
12007,61,1
12007,63,1
12007,64,1
12007,65,1
12007,66,1
12007,67,1
12007,72,1
12007,73,1
12007,74,1
12007,82,1
12007,83,1
12007,84,1
12007,86,1
12007,87,1
12007,88,1
12007,90,1
12007,91,1
12007,92,1
12007,93,1
12007,147,1
12007,148,0
12007,149,0
12007,150,0
12007,194,0
12007,196,0
12007,197,0
12007,198,1
12007,200,0
12007,201,0
12007,202,0
12007,203,0
12008,1,1
12008,2,1
12008,3,0
12008,5,1
12008,6,1
12008,7,1
12008,72,1
12008,73,1
12008,74,1
12008,82,1
12008,83,1
12008,84,0
12008,90,1
12008,91,1
12008,92,1
12008,93,1
12008,147,1
12008,148,0
12008,149,0
12008,150,0
12008,194,0
12008,196,0
12008,197,0
12008,198,0
12008,200,0
12008,201,0
12008,202,0
12008,203,0
12009,1,1
12009,2,1
12009,3,0
12009,5,1
12009,6,1
12009,7,1
12009,56,1
12009,57,1
12009,59,1
12009,60,1
12009,61,1
12009,63,1
12009,64,1
12009,65,1
12009,66,1
12009,67,1
12009,72,1
12009,73,1
12009,74,1
12009,82,1
12009,83,1
12009,84,1
12009,86,1
12009,87,1
12009,88,1
12009,90,1
12009,91,1
12009,92,1
12009,93,0
12009,147,1
12009,148,0
12009,149,0
12009,150,0
12009,194,0
12009,196,0
12009,197,0
12009,198,0
12009,200,0
12009,201,1
12009,202,0
12009,203,0
12012,1,1
12012,2,0
12012,3,1
12012,5,1
12012,6,1
12012,7,1
12012,49,1
12012,50,1
12012,52,1
12012,53,1
12012,54,1
12012,56,1
12012,57,1
12012,59,1
12012,60,1
12012,61,1
12012,63,1
12012,64,1
12012,65,1
12012,66,1
12012,67,1
12012,72,0
12012,73,1
12012,74,1
12012,82,1
12012,83,1
12012,84,1
12012,86,1
12012,87,1
12012,88,1
12012,90,1
12012,91,0
12012,92,0
12012,93,0
12012,147,1
12012,148,0
12012,149,0
12012,150,0
12012,194,0
12012,196,0
12012,197,0
12012,198,0
12012,200,0
12012,201,1
12012,202,0
12012,203,0
12014,1,1
12014,2,1
12014,3,0
12014,5,1
12014,6,1
12014,7,1
12014,72,1
12014,73,1
12014,74,1
12014,82,1
12014,83,1
12014,84,1
12014,86,1
12014,87,1
12014,88,1
12014,90,1
12014,91,1
12014,92,1
12014,93,1
12014,147,1
12014,148,0
12014,149,0
12014,150,0
12014,194,0
12014,196,0
12014,197,0
12014,198,0
12014,200,0
12014,201,0
12014,202,0
12014,203,0
12017,1,1
12017,2,0
12017,3,1
12017,5,1
12017,6,1
12017,7,1
12017,72,1
12017,73,1
12017,74,1
12017,82,1
12017,83,1
12017,84,1
12017,90,1
12017,91,1
12017,92,1
12017,93,1
12017,147,1
12017,148,0
12017,149,0
12017,150,0
12017,194,0
12017,196,0
12017,197,0
12017,198,0
12017,200,0
12017,201,1
12017,202,0
12017,203,0
12022,1,1
12022,2,0
12022,3,1
12022,5,1
12022,6,1
12022,7,1
12022,9,0
12022,10,1
12022,11,0
12022,12,0
12022,29,0
12022,30,0
12022,31,0
12022,32,0
12022,33,0
12022,34,0
12022,35,0
12022,36,0
12022,37,0
12022,39,1
12022,49,1
12022,50,1
12022,52,1
12022,53,1
12022,54,1
12022,56,1
12022,57,1
12022,59,1
12022,60,1
12022,61,1
12022,63,1
12022,64,1
12022,65,1
12022,66,1
12022,67,1
12022,72,1
12022,73,1
12022,74,1
12022,82,1
12022,83,1
12022,84,1
12022,86,1
12022,87,1
12022,88,1
12022,90,1
12022,91,1
12022,92,1
12022,93,1
12022,147,0
12022,148,1
12022,149,0
12022,150,0
12022,152,1
12022,153,1
12022,154,0
12022,155,1
12022,157,0
12022,159,0
12022,160,0
12022,164,0
12022,170,1
12022,171,0
12022,172,0
12022,173,0
12022,174,0
12022,175,0
12022,176,0
12022,177,0
12022,178,0
12022,181,0
12022,182,0
12022,183,0
12022,184,0
12022,194,0
12022,196,0
12022,197,0
12022,198,0
12022,200,0
12022,201,1
12022,202,1
12022,203,0
12028,1,1
12028,2,0
12028,3,1
12028,5,1
12028,6,1
12028,7,1
12028,29,0
12028,30,0
12028,31,0
12028,32,0
12028,33,0
12028,34,0
12028,35,1
12028,36,1
12028,37,0
12028,39,0
12028,40,0
12028,41,0
12028,49,1
12028,50,1
12028,52,1
12028,53,1
12028,54,1
12028,56,1
12028,57,1
12028,59,1
12028,60,1
12028,61,1
12028,63,1
12028,64,1
12028,65,1
12028,66,1
12028,67,1
12028,72,1
12028,73,1
12028,74,1
12028,82,1
12028,83,1
12028,84,1
12028,86,1
12028,87,1
12028,88,1
12028,90,1
12028,91,1
12028,92,1
12028,93,1
12028,147,1
12028,148,0
12028,149,0
12028,150,0
12028,194,0
12028,196,0
12028,197,0
12028,198,0
12028,200,0
12028,201,0
12028,202,0
12028,203,0
12033,1,1
12033,5,1
12033,6,1
12033,7,1
12033,9,0
12033,10,0
12033,11,0
12033,12,1
12033,29,0
12033,30,0
12033,31,0
12033,32,0
12033,33,0
12033,34,0
12033,35,0
12033,36,0
12033,37,0
12033,39,1
12033,49,1
12033,50,1
12033,52,1
12033,53,1
12033,54,1
12033,56,1
12033,57,1
12033,59,1
12033,60,1
12033,61,1
12033,63,1
12033,64,1
12033,65,1
12033,66,1
12033,67,1
12033,72,1
12033,73,1
12033,74,1
12033,82,1
12033,83,1
12033,84,1
12033,86,1
12033,87,1
12033,88,1
12033,90,1
12033,91,1
12033,92,0
12033,93,0
12033,147,0
12033,148,1
12033,149,0
12033,150,0
12033,152,0
12033,153,0
12033,154,0
12033,155,0
12033,157,0
12033,159,0
12033,160,0
12033,164,0
12033,170,1
12033,171,1
12033,172,0
12033,173,0
12033,174,1
12033,175,0
12033,176,0
12033,177,0
12033,178,0
12033,181,0
12033,182,0
12033,183,0
12033,184,0
12033,194,1
12033,196,0
12033,197,0
12033,198,0
12033,200,0
12033,201,1
12033,202,0
12033,203,0
12037,1,1
12037,2,0
12037,3,1
12037,5,1
12037,6,1
12037,7,1
12037,49,1
12037,50,1
12037,52,1
12037,53,1
12037,54,1
12037,56,1
12037,57,1
12037,59,1
12037,60,1
12037,61,1
12037,63,1
12037,64,1
12037,65,1
12037,66,1
12037,67,1
12037,72,1
12037,73,1
12037,74,1
12037,82,1
12037,83,1
12037,84,1
12037,86,1
12037,87,1
12037,88,1
12037,90,1
12037,91,1
12037,92,1
12037,93,1
12037,147,1
12037,148,0
12037,149,0
12037,150,0
12037,194,1
12037,196,1
12037,197,0
12037,198,0
12037,200,0
12037,201,1
12037,202,0
12037,203,0
12043,1,1
12043,2,1
12043,3,0
12043,5,1
12043,6,1
12043,7,1
12043,9,0
12043,10,1
12043,11,0
12043,12,0
12043,29,1
12043,30,1
12043,31,0
12043,32,0
12043,33,0
12043,34,0
12043,35,0
12043,36,0
12043,37,0
12043,39,0
12043,40,0
12043,41,0
12043,49,0
12043,50,1
12043,52,1
12043,53,1
12043,54,1
12043,56,1
12043,57,1
12043,59,1
12043,60,1
12043,61,1
12043,63,1
12043,64,1
12043,65,1
12043,66,1
12043,67,1
12043,72,0
12043,73,1
12043,74,1
12043,82,1
12043,83,1
12043,84,1
12043,86,1
12043,87,1
12043,88,1
12043,90,1
12043,91,1
12043,92,1
12043,93,0
12043,147,0
12043,148,0
12043,149,0
12043,150,0
12043,152,1
12043,153,1
12043,154,0
12043,155,1
12043,157,1
12043,159,0
12043,160,0
12043,164,0
12043,170,1
12043,171,0
12043,172,0
12043,173,0
12043,174,0
12043,175,0
12043,176,0
12043,177,0
12043,178,0
12043,181,0
12043,182,0
12043,183,0
12043,184,0
12043,194,1
12043,196,0
12043,197,0
12043,198,0
12043,200,0
12043,201,1
12043,202,1
12043,203,0
12044,1,1
12044,2,0
12044,3,1
12044,5,1
12044,6,1
12044,7,1
12044,29,1
12044,32,0
12044,33,0
12044,34,0
12044,35,0
12044,36,0
12044,37,0
12044,39,0
12044,40,0
12044,41,0
12044,49,1
12044,50,1
12044,52,1
12044,53,1
12044,54,1
12044,56,1
12044,57,1
12044,59,1
12044,60,1
12044,61,1
12044,63,1
12044,64,1
12044,65,1
12044,66,1
12044,67,1
12044,72,1
12044,73,1
12044,74,1
12044,82,1
12044,83,1
12044,84,1
12044,86,1
12044,87,1
12044,88,1
12044,90,1
12044,91,1
12044,92,1
12044,93,1
12044,147,1
12044,148,0
12044,149,0
12044,150,0
12044,194,0
12044,196,0
12044,197,0
12044,198,0
12044,200,0
12044,201,0
12044,202,0
12044,203,0
12046,1,1
12046,2,1
12046,3,0
12046,5,1
12046,6,1
12046,7,1
12046,29,0
12046,30,0
12046,31,0
12046,32,0
12046,33,0
12046,34,0
12046,35,1
12046,39,0
12046,40,0
12046,41,0
12046,49,0
12046,50,0
12046,52,1
12046,53,1
12046,54,1
12046,56,0
12046,57,0
12046,59,1
12046,60,1
12046,61,1
12046,63,1
12046,64,1
12046,65,1
12046,66,1
12046,67,1
12046,72,0
12046,73,1
12046,74,1
12046,82,1
12046,83,1
12046,84,1
12046,86,1
12046,87,1
12046,88,1
12046,90,1
12046,91,1
12046,92,1
12046,93,1
12046,147,1
12046,148,0
12046,149,0
12046,150,0
12046,194,0
12046,196,0
12046,197,0
12046,198,0
12046,200,0
12046,201,1
12046,202,1
12046,203,0
12047,1,1
12047,2,0
12047,3,1
12047,5,1
12047,6,1
12047,7,1
12047,29,0
12047,30,0
12047,31,0
12047,32,0
12047,33,0
12047,34,0
12047,35,0
12047,36,0
12047,37,0
12047,39,1
12047,49,1
12047,50,1
12047,52,1
12047,53,1
12047,54,1
12047,56,1
12047,57,1
12047,59,1
12047,60,1
12047,61,1
12047,63,1
12047,64,1
12047,65,1
12047,66,1
12047,67,1
12047,72,1
12047,73,1
12047,74,1
12047,82,1
12047,83,1
12047,84,1
12047,90,1
12047,91,1
12047,92,1
12047,93,1
12047,147,1
12047,148,0
12047,149,0
12047,150,0
12047,194,1
12047,196,0
12047,197,0
12047,198,0
12047,200,0
12047,201,1
12047,202,0
12047,203,1
12049,1,1
12049,2,0
12049,3,1
12049,5,1
12049,6,1
12049,7,1
12049,56,1
12049,57,1
12049,59,1
12049,60,1
12049,61,1
12049,63,1
12049,64,1
12049,65,1
12049,66,1
12049,67,1
12049,72,1
12049,73,1
12049,74,1
12049,82,1
12049,83,1
12049,84,1
12049,86,1
12049,87,1
12049,88,1
12049,90,1
12049,91,1
12049,92,1
12049,93,0
12049,147,1
12049,148,0
12049,149,0
12049,150,0
12049,194,0
12049,196,0
12049,197,0
12049,198,0
12049,200,0
12049,201,0
12049,202,0
12049,203,0
12056,1,1
12056,2,0
12056,3,1
12056,5,1
12056,6,1
12056,7,1
12056,9,1
12056,10,0
12056,11,0
12056,12,0
12056,49,1
12056,50,1
12056,52,1
12056,53,1
12056,54,1
12056,56,0
12056,57,1
12056,59,1
12056,60,1
12056,61,1
12056,63,1
12056,64,1
12056,65,1
12056,66,1
12056,67,1
12056,72,1
12056,73,1
12056,74,1
12056,82,1
12056,83,1
12056,84,1
12056,86,1
12056,87,1
12056,88,1
12056,90,1
12056,91,1
12056,92,1
12056,93,1
12056,147,0
12056,148,1
12056,149,0
12056,150,0
12056,152,1
12056,153,1
12056,154,1
12056,155,0
12056,157,0
12056,159,0
12056,160,0
12056,164,0
12056,170,0
12056,171,0
12056,172,0
12056,173,0
12056,174,0
12056,175,0
12056,176,0
12056,177,0
12056,178,0
12056,181,0
12056,182,0
12056,183,0
12056,184,0
12056,194,0
12056,196,0
12056,197,0
12056,198,0
12056,200,0
12056,201,1
12056,202,0
12056,203,0
12057,1,1
12057,2,0
12057,3,1
12057,5,1
12057,6,1
12057,7,1
12057,9,0
12057,10,0
12057,11,0
12057,12,0
12057,29,0
12057,30,0
12057,31,0
12057,32,0
12057,33,0
12057,34,0
12057,35,0
12057,36,0
12057,37,0
12057,39,1
12057,49,1
12057,50,1
12057,52,1
12057,53,1
12057,54,1
12057,56,1
12057,57,1
12057,59,1
12057,60,1
12057,61,1
12057,63,1
12057,64,1
12057,65,1
12057,66,1
12057,67,1
12057,72,1
12057,73,1
12057,74,1
12057,82,1
12057,83,1
12057,84,1
12057,86,1
12057,87,1
12057,88,1
12057,90,1
12057,91,1
12057,92,1
12057,93,0
12057,147,0
12057,148,0
12057,149,0
12057,150,1
12057,152,1
12057,153,1
12057,154,0
12057,155,1
12057,157,1
12057,159,0
12057,160,1
12057,164,0
12057,170,1
12057,171,1
12057,172,0
12057,173,0
12057,174,1
12057,175,0
12057,176,0
12057,177,0
12057,178,0
12057,181,0
12057,182,0
12057,183,0
12057,184,0
12057,194,1
12057,196,1
12057,197,1
12057,198,0
12057,200,0
12057,201,1
12057,202,0
12057,203,0
12058,1,1
12058,2,0
12058,3,1
12058,5,1
12058,6,1
12058,7,1
12058,29,1
12058,30,0
12058,31,1
12058,32,0
12058,33,0
12058,34,0
12058,35,0
12058,36,0
12058,37,0
12058,39,0
12058,40,0
12058,41,0
12058,49,0
12058,50,1
12058,52,1
12058,53,1
12058,54,1
12058,56,0
12058,57,0
12058,59,0
12058,60,1
12058,61,1
12058,63,1
12058,64,1
12058,65,1
12058,66,1
12058,67,1
12058,72,1
12058,73,1
12058,74,1
12058,82,1
12058,83,1
12058,84,1
12058,86,1
12058,87,1
12058,88,1
12058,90,1
12058,91,1
12058,92,1
12058,93,1
12058,147,1
12058,148,0
12058,149,0
12058,150,0
12058,194,0
12058,196,0
12058,197,0
12058,198,0
12058,200,0
12058,201,1
12058,202,0
12058,203,0
12060,1,1
12060,2,0
12060,3,1
12060,5,1
12060,6,1
12060,7,1
12060,29,0
12060,30,0
12060,31,0
12060,32,0
12060,33,0
12060,34,0
12060,35,0
12060,36,0
12060,37,0
12060,39,1
12060,49,1
12060,50,1
12060,52,1
12060,53,1
12060,54,1
12060,56,1
12060,57,1
12060,59,1
12060,60,1
12060,61,1
12060,63,1
12060,64,1
12060,65,1
12060,66,1
12060,67,1
12060,72,1
12060,73,1
12060,74,1
12060,82,1
12060,83,1
12060,84,1
12060,86,1
12060,87,1
12060,88,1
12060,90,1
12060,91,1
12060,92,1
12060,93,1
12060,147,1
12060,148,0
12060,149,0
12060,150,0
12060,194,0
12060,196,0
12060,197,0
12060,198,0
12060,200,0
12060,201,1
12060,202,0
12060,203,0
12063,1,1
12063,2,0
12063,3,1
12063,5,1
12063,6,1
12063,7,1
12063,56,1
12063,57,1
12063,59,1
12063,60,1
12063,61,1
12063,63,1
12063,64,1
12063,65,1
12063,66,1
12063,67,1
12063,72,1
12063,73,1
12063,74,1
12063,82,1
12063,83,1
12063,84,1
12063,86,1
12063,87,1
12063,88,1
12063,90,1
12063,91,1
12063,92,1
12063,93,1
12063,147,1
12063,148,0
12063,149,0
12063,150,0
12063,194,0
12063,196,0
12063,197,0
12063,198,0
12063,200,0
12063,201,0
12063,202,0
12063,203,0
12082,1,1
12082,2,0
12082,3,1
12082,72,1
12082,73,1
12082,74,1
12082,82,1
12082,83,1
12082,84,1
12082,90,1
12082,91,1
12082,92,1
12082,93,1
12082,147,1
12082,148,0
12082,149,0
12082,150,0
12301,1,1
12301,2,1
12301,3,0
12301,5,1
12301,6,1
12301,7,1
12301,9,0
12301,10,1
12301,11,0
12301,12,0
12301,29,0
12301,30,0
12301,31,0
12301,32,0
12301,33,0
12301,34,0
12301,35,1
12301,36,1
12301,37,0
12301,39,0
12301,40,0
12301,41,0
12301,49,1
12301,50,1
12301,52,1
12301,53,1
12301,54,1
12301,56,1
12301,57,1
12301,59,1
12301,60,1
12301,61,1
12301,63,1
12301,64,1
12301,65,1
12301,66,1
12301,67,1
12301,72,0
12301,73,0
12301,74,0
12301,82,1
12301,83,1
12301,84,1
12301,86,1
12301,87,1
12301,88,1
12301,90,1
12301,91,1
12301,92,1
12301,93,0
12301,147,0
12301,148,1
12301,149,0
12301,150,0
12301,152,1
12301,153,1
12301,154,1
12301,155,0
12301,157,0
12301,159,0
12301,160,0
12301,164,0
12301,170,0
12301,171,0
12301,172,0
12301,173,0
12301,174,0
12301,175,0
12301,176,0
12301,177,0
12301,178,0
12301,181,0
12301,182,0
12301,183,0
12301,184,0
12301,194,0
12301,196,1
12301,197,0
12301,198,0
12301,200,0
12301,201,1
12301,202,1
12301,203,0
12308,1,1
12308,2,0
12308,3,1
12308,5,1
12308,6,1
12308,7,1
12308,9,1
12308,10,0
12308,11,0
12308,12,0
12308,29,1
12308,30,0
12308,31,1
12308,32,0
12308,33,0
12308,34,0
12308,35,0
12308,36,0
12308,37,0
12308,39,0
12308,40,0
12308,41,0
12308,49,1
12308,50,1
12308,52,1
12308,53,1
12308,54,1
12308,56,1
12308,57,1
12308,59,1
12308,60,1
12308,61,1
12308,63,1
12308,64,1
12308,65,1
12308,66,1
12308,67,1
12308,72,1
12308,73,1
12308,74,1
12308,82,1
12308,83,1
12308,84,1
12308,86,1
12308,87,1
12308,88,1
12308,90,1
12308,91,1
12308,92,1
12308,93,1
12308,147,1
12308,148,0
12308,149,0
12308,150,0
12308,194,1
12308,196,0
12308,197,0
12308,198,0
12308,200,0
12308,201,1
12308,202,0
12308,203,0
12309,1,1
12309,2,0
12309,3,1
12309,5,1
12309,6,1
12309,7,1
12309,9,0
12309,10,0
12309,11,0
12309,12,0
12309,49,0
12309,50,0
12309,52,0
12309,53,1
12309,54,1
12309,56,0
12309,57,1
12309,59,1
12309,60,1
12309,61,1
12309,63,0
12309,64,0
12309,65,0
12309,66,0
12309,67,0
12309,72,0
12309,73,0
12309,74,0
12309,82,1
12309,83,1
12309,84,1
12309,86,1
12309,87,1
12309,88,1
12309,90,1
12309,91,0
12309,92,0
12309,93,0
12309,147,1
12309,148,0
12309,149,0
12309,150,0
12309,194,0
12309,196,0
12309,197,0
12309,198,0
12309,200,0
12309,201,1
12309,202,0
12309,203,0
12313,1,1
12313,2,1
12313,3,0
12313,5,1
12313,6,1
12313,7,1
12313,9,0
12313,10,1
12313,11,0
12313,12,0
12313,49,1
12313,50,1
12313,52,1
12313,53,1
12313,54,1
12313,56,1
12313,57,1
12313,59,1
12313,60,1
12313,61,1
12313,63,1
12313,64,1
12313,65,1
12313,66,1
12313,67,1
12313,72,1
12313,73,1
12313,74,1
12313,82,1
12313,83,1
12313,84,1
12313,86,1
12313,87,1
12313,88,1
12313,90,1
12313,91,1
12313,92,1
12313,93,1
12313,147,0
12313,148,0
12313,149,0
12313,150,0
12313,152,1
12313,153,1
12313,154,0
12313,155,1
12313,157,1
12313,159,0
12313,160,1
12313,164,0
12313,170,1
12313,171,1
12313,172,1
12313,173,0
12313,174,0
12313,175,0
12313,176,0
12313,177,0
12313,178,0
12313,181,0
12313,182,0
12313,183,0
12313,184,0
12313,194,0
12313,196,0
12313,197,0
12313,198,0
12313,200,0
12313,201,1
12313,202,0
12313,203,0
12314,1,1
12314,2,0
12314,3,1
12314,5,1
12314,6,1
12314,7,1
12314,29,1
12314,30,1
12314,31,0
12314,32,0
12314,33,0
12314,34,0
12314,35,0
12314,36,0
12314,37,0
12314,39,0
12314,40,0
12314,41,0
12314,49,1
12314,50,1
12314,52,1
12314,53,1
12314,54,1
12314,56,1
12314,57,1
12314,59,1
12314,60,1
12314,61,1
12314,63,1
12314,64,1
12314,65,1
12314,66,1
12314,67,1
12314,72,1
12314,73,1
12314,74,1
12314,82,1
12314,83,1
12314,84,1
12314,86,1
12314,87,1
12314,88,1
12314,90,1
12314,91,1
12314,92,1
12314,93,1
12314,147,0
12314,148,1
12314,149,0
12314,150,0
12314,152,1
12314,153,1
12314,154,0
12314,155,1
12314,157,0
12314,159,0
12314,160,0
12314,164,0
12314,170,0
12314,171,0
12314,172,0
12314,173,0
12314,174,0
12314,175,0
12314,176,0
12314,177,0
12314,178,0
12314,181,0
12314,182,0
12314,183,0
12314,184,0
12314,194,0
12314,196,0
12314,197,0
12314,198,0
12314,200,0
12314,201,1
12314,202,1
12314,203,0
12315,1,1
12315,2,0
12315,3,1
12315,5,1
12315,6,1
12315,7,1
12315,9,0
12315,10,1
12315,11,0
12315,12,0
12315,29,0
12315,30,0
12315,31,0
12315,32,0
12315,33,0
12315,34,0
12315,35,1
12315,36,1
12315,37,0
12315,39,0
12315,40,0
12315,41,0
12315,49,1
12315,50,1
12315,52,1
12315,53,1
12315,54,1
12315,56,1
12315,57,1
12315,59,1
12315,60,1
12315,61,1
12315,63,1
12315,64,1
12315,65,1
12315,66,1
12315,67,1
12315,72,1
12315,73,1
12315,74,1
12315,82,1
12315,83,1
12315,84,1
12315,86,1
12315,87,1
12315,88,1
12315,90,1
12315,91,1
12315,92,1
12315,93,1
12315,147,0
12315,148,1
12315,149,0
12315,150,0
12315,152,0
12315,153,0
12315,154,0
12315,155,0
12315,157,1
12315,159,0
12315,160,0
12315,164,0
12315,170,0
12315,171,0
12315,172,0
12315,173,0
12315,174,0
12315,175,0
12315,176,0
12315,177,0
12315,178,0
12315,181,0
12315,182,0
12315,183,0
12315,184,0
12315,194,0
12315,196,0
12315,197,0
12315,198,0
12315,200,0
12315,201,0
12315,202,0
12315,203,0
12316,1,1
12316,2,0
12316,3,1
12316,5,1
12316,6,1
12316,7,1
12316,9,0
12316,10,1
12316,11,0
12316,12,0
12316,29,0
12316,30,0
12316,31,0
12316,32,0
12316,33,0
12316,34,0
12316,35,0
12316,36,0
12316,37,0
12316,39,1
12316,49,0
12316,50,1
12316,52,1
12316,53,1
12316,54,1
12316,56,1
12316,57,1
12316,59,1
12316,60,1
12316,61,1
12316,63,1
12316,64,1
12316,65,1
12316,66,1
12316,67,1
12316,72,0
12316,73,1
12316,74,1
12316,82,1
12316,83,1
12316,84,1
12316,86,1
12316,87,1
12316,88,1
12316,90,1
12316,91,1
12316,92,1
12316,93,1
12316,147,0
12316,148,1
12316,149,0
12316,150,0
12316,152,1
12316,153,1
12316,154,0
12316,155,1
12316,157,0
12316,159,0
12316,160,0
12316,164,0
12316,170,1
12316,171,0
12316,172,0
12316,173,0
12316,174,0
12316,175,0
12316,176,0
12316,177,0
12316,178,0
12316,181,0
12316,182,0
12316,183,0
12316,184,0
12316,194,0
12316,196,0
12316,197,0
12316,198,0
12316,200,0
12316,201,1
12316,202,0
12316,203,0
12332,1,1
12332,2,0
12332,3,1
12332,5,1
12332,6,1
12332,7,1
12332,49,0
12332,50,0
12332,52,0
12332,53,0
12332,54,1
12332,56,0
12332,57,0
12332,59,1
12332,60,1
12332,61,1
12332,63,1
12332,64,1
12332,65,1
12332,66,1
12332,67,1
12332,72,1
12332,73,1
12332,74,1
12332,82,1
12332,83,1
12332,84,1
12332,86,1
12332,87,1
12332,88,1
12332,90,1
12332,91,1
12332,92,1
12332,93,1
12332,147,1
12332,148,0
12332,149,0
12332,150,0
12332,194,0
12332,196,1
12332,197,0
12332,198,0
12332,200,0
12332,201,1
12332,202,1
12332,203,0
12333,1,1
12333,2,0
12333,3,1
12333,5,1
12333,6,1
12333,7,1
12333,29,1
12333,32,0
12333,33,0
12333,34,0
12333,35,0
12333,36,0
12333,37,0
12333,39,0
12333,40,0
12333,41,0
12333,49,1
12333,50,1
12333,52,1
12333,53,1
12333,54,1
12333,56,1
12333,57,1
12333,59,1
12333,60,1
12333,61,1
12333,63,1
12333,64,1
12333,65,1
12333,66,1
12333,67,1
12333,72,1
12333,73,1
12333,74,1
12333,82,1
12333,83,1
12333,84,1
12333,86,1
12333,87,1
12333,88,1
12333,90,1
12333,91,1
12333,92,1
12333,93,1
12333,147,1
12333,148,0
12333,149,0
12333,150,0
12333,194,0
12333,196,0
12333,197,0
12333,198,0
12333,200,0
12333,201,1
12333,202,0
12333,203,0
12354,1,1
12354,5,1
12354,6,1
12354,7,1
12354,29,0
12354,30,0
12354,31,0
12354,32,0
12354,33,0
12354,34,0
12354,35,0
12354,36,0
12354,37,0
12354,39,1
12354,49,1
12354,50,1
12354,52,1
12354,53,1
12354,54,1
12354,56,1
12354,57,1
12354,59,1
12354,60,1
12354,61,1
12354,63,1
12354,64,1
12354,65,1
12354,66,1
12354,67,1
12354,72,1
12354,73,1
12354,74,1
12354,82,0
12354,83,0
12354,84,0
12354,86,0
12354,87,0
12354,88,0
12354,90,1
12354,91,0
12354,92,0
12354,93,0
12354,147,1
12354,148,0
12354,149,0
12354,150,0
12354,194,0
12354,196,0
12354,197,0
12354,198,0
12354,200,0
12354,201,1
12354,202,0
12354,203,0
12355,1,1
12355,2,0
12355,3,0
12355,5,1
12355,6,1
12355,7,1
12355,9,0
12355,10,0
12355,11,1
12355,12,0
12355,29,0
12355,30,0
12355,31,0
12355,32,0
12355,33,0
12355,34,0
12355,35,0
12355,36,0
12355,37,0
12355,39,1
12355,49,0
12355,50,1
12355,52,1
12355,53,1
12355,54,1
12355,56,1
12355,57,1
12355,59,1
12355,60,1
12355,61,1
12355,63,0
12355,64,1
12355,65,1
12355,66,1
12355,67,1
12355,72,1
12355,73,1
12355,74,1
12355,82,1
12355,83,1
12355,84,1
12355,86,1
12355,87,1
12355,88,1
12355,90,1
12355,91,1
12355,92,1
12355,93,0
12355,147,0
12355,148,0
12355,149,1
12355,150,0
12355,152,1
12355,153,0
12355,154,0
12355,155,0
12355,157,0
12355,159,0
12355,160,0
12355,164,0
12355,170,1
12355,171,1
12355,172,0
12355,173,0
12355,174,1
12355,175,0
12355,176,0
12355,177,0
12355,178,0
12355,181,0
12355,182,0
12355,183,0
12355,184,0
12355,194,1
12355,196,1
12355,197,0
12355,198,0
12355,200,0
12355,201,1
12355,202,0
12355,203,0
12364,1,1
12364,2,0
12364,3,1
12364,5,1
12364,6,1
12364,7,1
12364,56,1
12364,57,1
12364,59,1
12364,60,1
12364,61,1
12364,63,1
12364,64,1
12364,65,1
12364,66,1
12364,67,1
12364,72,1
12364,73,1
12364,74,1
12364,82,1
12364,83,1
12364,84,1
12364,86,1
12364,87,1
12364,88,1
12364,90,1
12364,91,1
12364,92,1
12364,93,1
12364,147,1
12364,148,0
12364,149,0
12364,150,0
12364,194,0
12364,196,0
12364,197,0
12364,198,0
12364,200,0
12364,201,0
12364,202,0
12364,203,0
12367,1,1
12367,2,0
12367,3,1
12367,5,1
12367,6,1
12367,7,1
12367,9,0
12367,10,1
12367,11,0
12367,12,0
12367,29,0
12367,30,0
12367,31,0
12367,32,1
12367,33,1
12367,34,0
12367,35,0
12367,36,0
12367,37,0
12367,39,0
12367,40,0
12367,41,0
12367,49,1
12367,50,1
12367,52,1
12367,53,1
12367,54,1
12367,56,1
12367,57,1
12367,59,1
12367,60,1
12367,61,1
12367,63,1
12367,64,1
12367,65,1
12367,66,1
12367,67,1
12367,72,0
12367,73,1
12367,74,1
12367,82,1
12367,83,1
12367,84,1
12367,86,1
12367,87,1
12367,88,1
12367,90,1
12367,91,1
12367,92,1
12367,93,1
12367,147,1
12367,148,0
12367,149,0
12367,150,0
12367,194,0
12367,196,0
12367,197,0
12367,198,0
12367,200,0
12367,201,1
12367,202,1
12367,203,0
12369,1,1
12369,2,0
12369,3,1
12369,5,1
12369,6,1
12369,7,1
12369,147,1
12369,148,0
12369,149,0
12369,150,0
12369,194,0
12369,196,0
12369,197,0
12369,198,0
12369,200,0
12369,201,0
12369,202,0
12369,203,0
12372,1,1
12372,2,0
12372,3,1
12372,5,1
12372,6,1
12372,7,1
12372,56,1
12372,57,1
12372,59,1
12372,60,1
12372,61,1
12372,63,1
12372,64,1
12372,65,1
12372,66,1
12372,67,1
12372,72,1
12372,73,1
12372,74,1
12372,82,1
12372,83,1
12372,84,1
12372,86,1
12372,87,1
12372,88,1
12372,90,1
12372,91,1
12372,92,1
12372,93,1
12372,147,1
12372,148,0
12372,149,0
12372,150,0
12372,194,0
12372,196,0
12372,197,0
12372,198,0
12372,200,0
12372,201,0
12372,202,0
12372,203,0
12374,1,1
12374,5,1
12374,6,1
12374,7,1
12374,49,1
12374,50,1
12374,52,1
12374,53,1
12374,54,1
12374,56,1
12374,57,1
12374,59,1
12374,60,1
12374,61,1
12374,63,1
12374,64,1
12374,65,1
12374,66,1
12374,67,1
12374,72,0
12374,73,1
12374,74,1
12374,82,1
12374,83,1
12374,84,1
12374,86,1
12374,87,1
12374,88,1
12374,90,1
12374,91,1
12374,92,1
12374,93,1
12374,147,1
12374,148,0
12374,149,0
12374,150,0
12374,194,0
12374,196,0
12374,197,0
12374,198,0
12374,200,0
12374,201,1
12374,202,1
12374,203,0
12377,1,1
12377,2,0
12377,3,1
12377,5,1
12377,6,1
12377,7,1
12377,29,1
12377,32,0
12377,33,0
12377,34,0
12377,35,0
12377,36,0
12377,37,0
12377,39,0
12377,40,0
12377,41,0
12377,56,1
12377,57,1
12377,59,1
12377,60,1
12377,61,1
12377,63,1
12377,64,1
12377,65,1
12377,66,1
12377,67,1
12377,72,1
12377,73,1
12377,74,1
12377,82,1
12377,83,1
12377,84,1
12377,86,1
12377,87,1
12377,88,1
12377,90,1
12377,91,1
12377,92,1
12377,93,1
12377,147,1
12377,148,0
12377,149,0
12377,150,0
12377,194,0
12377,196,0
12377,197,0
12377,198,0
12377,200,0
12377,201,0
12377,202,0
12377,203,0
12379,1,1
12379,2,0
12379,3,1
12379,5,1
12379,6,1
12379,7,1
12379,56,1
12379,57,1
12379,59,1
12379,60,1
12379,61,1
12379,63,1
12379,64,1
12379,65,1
12379,66,1
12379,67,1
12379,72,1
12379,73,1
12379,74,1
12379,82,1
12379,83,1
12379,84,1
12379,86,1
12379,87,1
12379,88,1
12379,90,1
12379,91,1
12379,92,1
12379,93,1
12379,147,1
12379,148,0
12379,149,0
12379,150,0
12379,194,0
12379,196,0
12379,197,0
12379,198,0
12379,200,0
12379,201,0
12379,202,0
12379,203,0
12380,1,1
12380,2,0
12380,3,1
12380,5,1
12380,6,1
12380,7,1
12380,49,1
12380,50,1
12380,52,1
12380,53,1
12380,54,1
12380,56,1
12380,57,1
12380,59,1
12380,60,1
12380,61,1
12380,63,1
12380,64,1
12380,65,1
12380,66,1
12380,67,1
12380,72,0
12380,73,1
12380,74,1
12380,82,1
12380,83,1
12380,84,1
12380,86,1
12380,87,1
12380,88,1
12380,90,1
12380,91,1
12380,92,1
12380,93,1
12380,147,1
12380,148,0
12380,149,0
12380,150,0
12380,194,0
12380,196,0
12380,197,0
12380,198,0
12380,200,0
12380,201,1
12380,202,0
12380,203,0
12382,1,1
12382,2,0
12382,3,1
12382,5,1
12382,6,1
12382,7,1
12382,9,0
12382,10,1
12382,11,0
12382,12,0
12382,29,0
12382,30,0
12382,31,0
12382,32,0
12382,33,0
12382,34,0
12382,35,1
12382,39,0
12382,40,0
12382,41,0
12382,49,1
12382,50,1
12382,52,1
12382,53,1
12382,54,1
12382,56,1
12382,57,1
12382,59,1
12382,60,1
12382,61,1
12382,63,1
12382,64,1
12382,65,1
12382,66,1
12382,67,1
12382,72,1
12382,73,1
12382,74,1
12382,82,1
12382,83,1
12382,84,1
12382,86,1
12382,87,1
12382,88,1
12382,90,1
12382,91,1
12382,92,1
12382,93,1
12382,147,0
12382,148,0
12382,149,0
12382,150,1
12382,152,1
12382,153,1
12382,154,1
12382,155,1
12382,157,0
12382,159,0
12382,160,0
12382,164,0
12382,170,1
12382,171,0
12382,172,0
12382,173,0
12382,174,0
12382,175,0
12382,176,0
12382,177,1
12382,178,1
12382,181,0
12382,182,0
12382,183,0
12382,184,0
12382,194,1
12382,196,1
12382,197,0
12382,198,0
12382,200,0
12382,201,1
12382,202,0
12382,203,0
12385,1,1
12385,2,0
12385,3,1
12385,5,1
12385,6,1
12385,7,1
12385,9,0
12385,10,1
12385,11,0
12385,12,0
12385,29,0
12385,30,0
12385,31,0
12385,32,1
12385,33,1
12385,34,0
12385,35,0
12385,36,0
12385,37,0
12385,39,0
12385,40,0
12385,41,0
12385,49,0
12385,50,0
12385,52,1
12385,53,1
12385,54,1
12385,56,0
12385,57,1
12385,59,1
12385,60,1
12385,61,1
12385,63,1
12385,64,1
12385,65,1
12385,66,1
12385,67,1
12385,72,1
12385,73,1
12385,74,1
12385,82,1
12385,83,1
12385,84,1
12385,86,1
12385,87,1
12385,88,1
12385,90,1
12385,91,1
12385,92,1
12385,93,1
12385,147,1
12385,148,0
12385,149,0
12385,150,0
12385,194,0
12385,196,0
12385,197,0
12385,198,0
12385,200,0
12385,201,1
12385,202,0
12385,203,0
12388,1,1
12388,2,0
12388,3,1
12388,5,1
12388,6,1
12388,7,1
12388,49,1
12388,50,1
12388,52,1
12388,53,1
12388,54,1
12388,56,1
12388,57,1
12388,59,1
12388,60,1
12388,61,1
12388,63,1
12388,64,1
12388,65,1
12388,66,1
12388,67,1
12388,72,1
12388,73,1
12388,74,1
12388,82,1
12388,83,1
12388,84,1
12388,86,1
12388,87,1
12388,88,1
12388,90,1
12388,91,1
12388,92,1
12388,93,1
12388,147,1
12388,148,0
12388,149,0
12388,150,0
12388,194,0
12388,196,0
12388,197,0
12388,198,0
12388,200,0
12388,201,1
12388,202,0
12388,203,0
12389,1,1
12389,2,0
12389,3,1
12389,5,1
12389,6,1
12389,7,1
12389,49,1
12389,50,1
12389,52,1
12389,53,1
12389,54,1
12389,56,1
12389,57,1
12389,59,1
12389,60,1
12389,61,1
12389,63,1
12389,64,1
12389,65,1
12389,66,1
12389,67,1
12389,72,1
12389,73,1
12389,74,1
12389,82,1
12389,83,1
12389,84,1
12389,86,1
12389,87,1
12389,88,1
12389,90,1
12389,91,1
12389,92,1
12389,93,1
12389,147,1
12389,148,0
12389,149,0
12389,150,0
12389,194,0
12389,196,0
12389,197,0
12389,198,0
12389,200,0
12389,201,0
12389,202,0
12389,203,0
12391,1,1
12391,2,0
12391,3,1
12391,5,1
12391,6,1
12391,7,1
12391,49,1
12391,50,1
12391,52,1
12391,53,1
12391,54,1
12391,56,1
12391,57,1
12391,59,1
12391,60,1
12391,61,1
12391,63,1
12391,64,1
12391,65,1
12391,66,1
12391,67,1
12391,72,1
12391,73,1
12391,74,1
12391,82,1
12391,83,1
12391,84,1
12391,86,1
12391,87,1
12391,88,1
12391,90,1
12391,91,1
12391,92,1
12391,93,1
12391,147,1
12391,148,0
12391,149,0
12391,150,0
12391,194,0
12391,196,0
12391,197,0
12391,198,0
12391,200,0
12391,201,0
12391,202,0
12391,203,0
12405,1,1
12405,2,0
12405,3,1
12405,5,1
12405,6,1
12405,7,1
12405,49,1
12405,50,1
12405,52,1
12405,53,1
12405,54,1
12405,56,1
12405,57,1
12405,59,1
12405,60,1
12405,61,1
12405,63,1
12405,64,1
12405,65,1
12405,66,1
12405,67,1
12405,72,1
12405,73,1
12405,74,1
12405,82,1
12405,83,1
12405,84,1
12405,86,1
12405,87,1
12405,88,1
12405,90,1
12405,91,1
12405,92,1
12405,93,1
12405,147,1
12405,148,0
12405,149,0
12405,150,0
12405,194,0
12405,196,0
12405,197,0
12405,198,0
12405,200,0
12405,201,1
12405,202,0
12405,203,0
12406,1,1
12406,5,1
12406,6,1
12406,7,1
12406,9,0
12406,10,1
12406,11,0
12406,12,0
12406,49,1
12406,50,1
12406,52,1
12406,53,1
12406,54,1
12406,56,1
12406,57,1
12406,59,1
12406,60,1
12406,61,1
12406,63,1
12406,64,1
12406,65,1
12406,66,1
12406,67,1
12406,72,1
12406,73,1
12406,74,1
12406,82,1
12406,83,1
12406,84,1
12406,86,1
12406,87,1
12406,88,1
12406,90,1
12406,91,1
12406,92,1
12406,93,1
12406,147,0
12406,148,0
12406,149,1
12406,150,0
12406,152,1
12406,153,1
12406,154,1
12406,155,1
12406,157,0
12406,159,0
12406,160,0
12406,164,0
12406,170,0
12406,171,0
12406,172,0
12406,173,0
12406,174,0
12406,175,0
12406,176,0
12406,177,0
12406,178,0
12406,181,0
12406,182,0
12406,183,0
12406,184,0
12406,194,0
12406,196,0
12406,197,0
12406,198,0
12406,200,0
12406,201,1
12406,202,0
12406,203,0
12663,1,1
12663,2,0
12663,3,1
12663,5,1
12663,6,1
12663,7,1
12663,29,1
12663,30,1
12663,31,0
12663,32,0
12663,33,0
12663,34,0
12663,35,0
12663,36,0
12663,37,0
12663,39,0
12663,40,0
12663,41,0
12663,49,1
12663,50,1
12663,52,1
12663,53,1
12663,54,1
12663,56,1
12663,57,1
12663,59,1
12663,60,1
12663,61,1
12663,63,1
12663,64,1
12663,65,1
12663,66,1
12663,67,1
12663,72,1
12663,73,1
12663,74,1
12663,82,1
12663,83,1
12663,84,1
12663,86,1
12663,87,1
12663,88,1
12663,90,1
12663,91,1
12663,92,1
12663,93,1
12663,147,1
12663,148,0
12663,149,0
12663,150,0
12663,194,0
12663,196,0
12663,197,0
12663,198,0
12663,200,0
12663,201,1
12663,202,0
12663,203,0
12664,1,1
12664,2,0
12664,3,1
12664,5,1
12664,6,1
12664,7,1
12664,49,1
12664,50,1
12664,52,1
12664,53,1
12664,54,1
12664,56,1
12664,57,1
12664,59,1
12664,60,1
12664,61,1
12664,63,1
12664,64,1
12664,65,1
12664,66,1
12664,67,1
12664,72,1
12664,73,1
12664,74,1
12664,82,1
12664,83,1
12664,84,1
12664,86,1
12664,87,1
12664,88,1
12664,90,1
12664,91,1
12664,92,1
12664,93,1
12664,147,1
12664,148,0
12664,149,0
12664,150,0
12664,194,0
12664,196,0
12664,197,0
12664,198,0
12664,200,0
12664,201,0
12664,202,0
12664,203,0
12673,1,1
12673,2,0
12673,3,1
12673,5,1
12673,6,1
12673,7,1
12673,9,0
12673,10,1
12673,11,0
12673,12,0
12673,29,0
12673,30,0
12673,31,0
12673,32,0
12673,33,0
12673,34,0
12673,35,0
12673,36,0
12673,37,0
12673,39,1
12673,49,1
12673,50,1
12673,52,1
12673,53,1
12673,54,1
12673,56,1
12673,57,1
12673,59,1
12673,60,1
12673,61,1
12673,63,1
12673,64,1
12673,65,1
12673,66,1
12673,67,1
12673,72,0
12673,73,1
12673,74,1
12673,82,1
12673,83,1
12673,84,1
12673,86,1
12673,87,1
12673,88,1
12673,90,1
12673,91,1
12673,92,1
12673,93,1
12673,147,0
12673,148,1
12673,149,0
12673,150,0
12673,152,0
12673,153,0
12673,154,0
12673,155,0
12673,157,1
12673,159,0
12673,160,1
12673,164,0
12673,170,0
12673,171,0
12673,172,0
12673,173,0
12673,174,0
12673,175,0
12673,176,0
12673,177,0
12673,178,0
12673,181,0
12673,182,0
12673,183,0
12673,184,0
12673,194,0
12673,196,0
12673,197,0
12673,198,0
12673,200,0
12673,201,1
12673,202,0
12673,203,0
12674,1,1
12674,2,0
12674,3,1
12674,5,1
12674,6,1
12674,7,1
12674,9,0
12674,10,1
12674,11,0
12674,12,0
12674,29,1
12674,30,1
12674,31,0
12674,32,0
12674,33,0
12674,34,0
12674,35,0
12674,36,0
12674,37,0
12674,39,0
12674,40,0
12674,41,0
12674,49,1
12674,50,1
12674,52,1
12674,53,1
12674,54,1
12674,56,1
12674,57,1
12674,59,1
12674,60,1
12674,61,1
12674,63,1
12674,64,1
12674,65,1
12674,66,1
12674,67,1
12674,72,1
12674,73,1
12674,74,1
12674,82,1
12674,83,1
12674,84,1
12674,86,1
12674,87,1
12674,88,1
12674,90,1
12674,91,1
12674,92,1
12674,93,1
12674,147,1
12674,148,0
12674,149,0
12674,150,0
12674,194,0
12674,196,1
12674,197,0
12674,198,0
12674,200,0
12674,201,1
12674,202,1
12674,203,0
12675,1,1
12675,2,0
12675,3,1
12675,5,1
12675,6,1
12675,7,1
12675,49,1
12675,50,1
12675,52,1
12675,53,1
12675,54,1
12675,56,1
12675,57,1
12675,59,1
12675,60,1
12675,61,1
12675,63,1
12675,64,1
12675,65,1
12675,66,1
12675,67,1
12675,72,1
12675,73,1
12675,74,1
12675,82,1
12675,83,1
12675,84,1
12675,86,1
12675,87,1
12675,88,1
12675,90,1
12675,91,1
12675,92,1
12675,93,1
12675,147,1
12675,148,0
12675,149,0
12675,150,0
12675,194,0
12675,196,0
12675,197,0
12675,198,0
12675,200,0
12675,201,1
12675,202,0
12675,203,0
12676,1,1
12676,2,0
12676,3,1
12676,5,1
12676,6,1
12676,7,1
12676,49,1
12676,50,1
12676,52,1
12676,53,1
12676,54,1
12676,56,1
12676,57,1
12676,59,1
12676,60,1
12676,61,1
12676,63,1
12676,64,1
12676,65,1
12676,66,1
12676,67,1
12676,72,1
12676,73,1
12676,74,1
12676,82,1
12676,83,1
12676,84,1
12676,86,1
12676,87,1
12676,88,1
12676,90,1
12676,91,1
12676,92,1
12676,93,1
12676,147,1
12676,148,0
12676,149,0
12676,150,0
12676,194,0
12676,196,0
12676,197,0
12676,198,0
12676,200,0
12676,201,1
12676,202,0
12676,203,0
12680,1,1
12680,5,1
12680,6,1
12680,7,1
12680,29,1
12680,30,1
12680,31,0
12680,32,0
12680,33,0
12680,34,0
12680,35,0
12680,36,0
12680,37,0
12680,39,0
12680,40,0
12680,41,0
12680,49,1
12680,50,1
12680,52,1
12680,53,1
12680,54,1
12680,56,1
12680,57,1
12680,59,1
12680,60,1
12680,61,1
12680,63,1
12680,64,1
12680,65,1
12680,66,1
12680,67,1
12680,72,1
12680,73,1
12680,74,1
12680,82,1
12680,83,1
12680,84,1
12680,86,1
12680,87,1
12680,88,1
12680,90,1
12680,91,1
12680,92,1
12680,93,1
12680,147,1
12680,148,0
12680,149,0
12680,150,0
12680,194,0
12680,196,0
12680,197,0
12680,198,0
12680,200,0
12680,201,0
12680,202,0
12680,203,0
12684,1,1
12684,2,0
12684,3,1
12684,5,1
12684,6,1
12684,7,1
12684,29,0
12684,30,0
12684,31,0
12684,32,0
12684,33,0
12684,34,0
12684,35,0
12684,36,0
12684,37,0
12684,39,1
12684,49,0
12684,50,1
12684,52,1
12684,53,1
12684,54,1
12684,56,1
12684,57,1
12684,59,1
12684,60,1
12684,61,1
12684,63,1
12684,64,1
12684,65,1
12684,66,1
12684,67,1
12684,72,1
12684,73,1
12684,74,1
12684,82,1
12684,83,1
12684,84,1
12684,86,1
12684,87,1
12684,88,1
12684,90,1
12684,91,1
12684,92,1
12684,93,1
12684,147,0
12684,148,1
12684,149,0
12684,150,0
12684,152,1
12684,153,1
12684,154,0
12684,155,1
12684,157,0
12684,159,0
12684,160,0
12684,164,0
12684,170,0
12684,171,0
12684,172,0
12684,173,0
12684,174,0
12684,175,0
12684,176,0
12684,177,0
12684,178,0
12684,181,0
12684,182,0
12684,183,0
12684,184,0
12684,194,0
12684,196,0
12684,197,0
12684,198,0
12684,200,0
12684,201,1
12684,202,0
12684,203,0
12700,1,1
12700,2,0
12700,3,1
12700,5,1
12700,6,1
12700,7,1
12700,49,1
12700,50,1
12700,52,1
12700,53,1
12700,54,1
12700,56,1
12700,57,1
12700,59,1
12700,60,1
12700,61,1
12700,63,1
12700,64,1
12700,65,1
12700,66,1
12700,67,1
12700,72,0
12700,73,0
12700,74,0
12700,82,1
12700,83,1
12700,84,1
12700,86,1
12700,87,1
12700,88,1
12700,90,1
12700,91,1
12700,92,0
12700,93,0
12700,147,1
12700,148,0
12700,149,0
12700,150,0
12700,194,0
12700,196,0
12700,197,0
12700,198,0
12700,200,0
12700,201,1
12700,202,1
12700,203,0
12703,1,1
12703,5,1
12703,6,1
12703,7,1
12703,147,1
12703,148,0
12703,149,0
12703,150,0
12703,194,0
12703,196,0
12703,197,0
12703,198,0
12703,200,0
12703,201,1
12703,202,0
12703,203,0
12709,1,1
12709,2,0
12709,3,1
12709,5,1
12709,6,1
12709,7,1
12709,9,1
12709,10,0
12709,11,0
12709,12,0
12709,29,1
12709,32,0
12709,33,0
12709,34,0
12709,35,0
12709,36,0
12709,37,0
12709,39,0
12709,40,0
12709,41,0
12709,49,1
12709,50,1
12709,52,1
12709,53,1
12709,54,1
12709,56,0
12709,57,1
12709,59,1
12709,60,1
12709,61,1
12709,63,1
12709,64,1
12709,65,1
12709,66,1
12709,67,1
12709,72,1
12709,73,1
12709,74,1
12709,82,1
12709,83,1
12709,84,1
12709,86,1
12709,87,1
12709,88,1
12709,90,1
12709,91,1
12709,92,1
12709,93,1
12709,147,0
12709,148,1
12709,149,0
12709,150,0
12709,152,0
12709,153,0
12709,154,0
12709,155,0
12709,157,0
12709,159,0
12709,160,0
12709,164,0
12709,170,1
12709,171,0
12709,172,0
12709,173,0
12709,174,0
12709,175,0
12709,176,0
12709,177,1
12709,178,1
12709,181,0
12709,182,0
12709,183,0
12709,184,0
12709,194,0
12709,196,0
12709,197,0
12709,198,0
12709,200,0
12709,201,1
12709,202,0
12709,203,0
12710,1,1
12710,2,1
12710,3,0
12710,5,1
12710,6,1
12710,7,1
12710,9,1
12710,10,0
12710,11,0
12710,12,0
12710,72,1
12710,73,1
12710,74,1
12710,82,1
12710,83,1
12710,84,1
12710,86,1
12710,87,1
12710,88,1
12710,90,1
12710,91,1
12710,92,1
12710,93,1
12710,147,1
12710,148,0
12710,149,0
12710,150,0
12710,194,0
12710,196,0
12710,197,0
12710,198,0
12710,200,0
12710,201,1
12710,202,0
12710,203,0
12711,1,1
12711,2,1
12711,3,0
12711,5,1
12711,6,1
12711,7,1
12711,49,1
12711,50,1
12711,52,1
12711,53,1
12711,54,1
12711,56,1
12711,57,1
12711,59,1
12711,60,1
12711,61,1
12711,63,1
12711,64,1
12711,65,1
12711,66,1
12711,67,1
12711,72,1
12711,73,1
12711,74,1
12711,82,1
12711,83,1
12711,84,1
12711,86,1
12711,87,1
12711,88,1
12711,90,1
12711,91,1
12711,92,1
12711,93,1
12711,147,1
12711,148,0
12711,149,0
12711,150,0
12711,194,0
12711,196,0
12711,197,0
12711,198,0
12711,200,0
12711,201,0
12711,202,0
12711,203,0
12719,1,1
12719,2,0
12719,3,1
12719,5,1
12719,6,1
12719,7,1
12719,49,1
12719,50,1
12719,52,1
12719,53,1
12719,54,1
12719,56,1
12719,57,1
12719,59,1
12719,60,1
12719,61,1
12719,63,1
12719,64,1
12719,65,1
12719,66,1
12719,67,1
12719,72,1
12719,73,1
12719,74,1
12719,82,1
12719,83,1
12719,84,1
12719,86,1
12719,87,1
12719,88,1
12719,90,1
12719,91,1
12719,92,1
12719,93,1
12719,147,1
12719,148,0
12719,149,0
12719,150,0
12719,194,0
12719,196,0
12719,197,0
12719,198,0
12719,200,0
12719,201,0
12719,202,0
12719,203,0
12720,1,1
12720,2,0
12720,3,1
12720,5,1
12720,6,1
12720,7,1
12720,29,1
12720,30,1
12720,31,0
12720,32,0
12720,33,0
12720,34,0
12720,35,0
12720,36,0
12720,37,0
12720,39,0
12720,40,0
12720,41,0
12720,49,1
12720,50,1
12720,52,1
12720,53,1
12720,54,1
12720,56,1
12720,57,1
12720,59,1
12720,60,1
12720,61,1
12720,63,1
12720,64,1
12720,65,1
12720,66,1
12720,67,1
12720,72,1
12720,73,1
12720,74,1
12720,82,1
12720,83,1
12720,84,1
12720,86,1
12720,87,1
12720,88,1
12720,90,1
12720,91,1
12720,92,1
12720,93,1
12720,147,1
12720,148,0
12720,149,0
12720,150,0
12720,194,0
12720,196,0
12720,197,0
12720,198,0
12720,200,0
12720,201,1
12720,202,1
12720,203,0
12723,1,1
12723,2,1
12723,3,0
12723,5,1
12723,6,1
12723,7,1
12723,49,1
12723,50,1
12723,52,1
12723,53,1
12723,54,1
12723,56,1
12723,57,1
12723,59,1
12723,60,1
12723,61,1
12723,63,1
12723,64,1
12723,65,1
12723,66,1
12723,67,1
12723,72,1
12723,73,1
12723,74,1
12723,82,1
12723,83,1
12723,84,1
12723,86,1
12723,87,1
12723,88,1
12723,90,1
12723,91,1
12723,92,1
12723,93,0
12723,147,1
12723,148,0
12723,149,0
12723,150,0
12723,194,0
12723,196,0
12723,197,0
12723,198,0
12723,200,0
12723,201,0
12723,202,0
12723,203,0
12725,1,1
12725,2,0
12725,3,1
12725,5,1
12725,6,1
12725,7,1
12725,82,1
12725,83,1
12725,84,1
12725,86,1
12725,87,1
12725,88,1
12725,90,1
12725,91,1
12725,92,1
12725,93,1
12725,147,1
12725,148,0
12725,149,0
12725,150,0
12725,194,0
12725,196,0
12725,197,0
12725,198,0
12725,200,0
12725,201,0
12725,202,0
12725,203,0
12728,1,1
12728,2,0
12728,3,1
12728,5,1
12728,6,1
12728,7,1
12728,29,0
12728,30,0
12728,31,0
12728,32,0
12728,33,0
12728,34,0
12728,35,1
12728,36,0
12728,37,1
12728,39,0
12728,40,0
12728,41,0
12728,49,1
12728,50,1
12728,52,1
12728,53,1
12728,54,1
12728,56,1
12728,57,1
12728,59,1
12728,60,1
12728,61,1
12728,63,1
12728,64,1
12728,65,1
12728,66,1
12728,67,1
12728,72,1
12728,73,1
12728,74,1
12728,82,1
12728,83,1
12728,84,1
12728,86,1
12728,87,1
12728,88,1
12728,90,1
12728,91,1
12728,92,1
12728,93,0
12728,147,1
12728,148,0
12728,149,0
12728,150,0
12728,194,0
12728,196,0
12728,197,0
12728,198,0
12728,200,0
12728,201,0
12728,202,0
12728,203,0
12737,1,1
12737,2,0
12737,3,1
12737,5,1
12737,6,1
12737,7,1
12737,49,1
12737,50,1
12737,52,1
12737,53,1
12737,54,1
12737,56,1
12737,57,1
12737,59,1
12737,60,1
12737,61,1
12737,63,1
12737,64,1
12737,65,1
12737,66,1
12737,67,1
12737,72,1
12737,73,1
12737,74,1
12737,82,1
12737,83,1
12737,84,1
12737,86,1
12737,87,1
12737,88,1
12737,90,1
12737,91,1
12737,92,1
12737,93,1
12737,147,1
12737,148,0
12737,149,0
12737,150,0
12737,194,1
12737,196,0
12737,197,0
12737,198,0
12737,200,0
12737,201,1
12737,202,0
12737,203,0
12739,1,1
12739,2,1
12739,3,0
12739,5,1
12739,6,1
12739,7,1
12739,72,1
12739,73,1
12739,74,1
12739,82,1
12739,83,1
12739,84,1
12739,86,1
12739,87,1
12739,88,1
12739,90,1
12739,91,1
12739,92,0
12739,93,0
12739,147,1
12739,148,0
12739,149,0
12739,150,0
12739,194,0
12739,196,0
12739,197,0
12739,198,0
12739,200,0
12739,201,1
12739,202,0
12739,203,0
12745,1,1
12745,2,0
12745,3,1
12745,5,1
12745,6,1
12745,7,1
12745,29,1
12745,30,0
12745,31,1
12745,32,0
12745,33,0
12745,34,0
12745,35,0
12745,36,0
12745,37,0
12745,39,0
12745,40,0
12745,41,0
12745,49,1
12745,50,1
12745,52,1
12745,53,1
12745,54,1
12745,56,1
12745,57,1
12745,59,1
12745,60,1
12745,61,1
12745,63,1
12745,64,1
12745,65,1
12745,66,1
12745,67,1
12745,72,1
12745,73,1
12745,74,1
12745,82,1
12745,83,1
12745,84,1
12745,86,1
12745,87,1
12745,88,1
12745,90,1
12745,91,1
12745,92,1
12745,93,1
12745,147,1
12745,148,0
12745,149,0
12745,150,0
12745,194,0
12745,196,0
12745,197,0
12745,198,0
12745,200,0
12745,201,1
12745,202,0
12745,203,0
12747,1,1
12747,2,1
12747,3,0
12747,5,1
12747,6,1
12747,7,1
12747,49,1
12747,50,1
12747,52,1
12747,53,1
12747,54,1
12747,56,1
12747,57,1
12747,59,1
12747,60,1
12747,61,1
12747,63,0
12747,64,1
12747,65,1
12747,66,1
12747,67,1
12747,72,1
12747,73,1
12747,74,1
12747,82,1
12747,83,1
12747,84,0
12747,86,1
12747,87,1
12747,88,1
12747,90,1
12747,91,1
12747,92,1
12747,93,1
12747,147,1
12747,148,0
12747,149,0
12747,150,0
12747,194,0
12747,196,1
12747,197,0
12747,198,0
12747,200,0
12747,201,1
12747,202,0
12747,203,0
12749,1,1
12749,2,0
12749,3,1
12749,5,1
12749,6,1
12749,7,1
12749,49,1
12749,50,1
12749,52,1
12749,53,1
12749,54,1
12749,56,1
12749,57,1
12749,59,1
12749,60,1
12749,61,1
12749,63,1
12749,64,1
12749,65,1
12749,66,1
12749,67,1
12749,72,1
12749,73,1
12749,74,1
12749,82,1
12749,83,1
12749,84,1
12749,86,1
12749,87,1
12749,88,1
12749,90,1
12749,91,1
12749,92,1
12749,93,1
12749,147,0
12749,148,1
12749,149,0
12749,150,0
12749,152,1
12749,153,1
12749,154,0
12749,155,1
12749,157,0
12749,159,0
12749,160,0
12749,164,0
12749,170,0
12749,171,0
12749,172,0
12749,173,0
12749,174,0
12749,175,0
12749,176,0
12749,177,0
12749,178,0
12749,181,0
12749,182,0
12749,183,0
12749,184,0
12749,194,1
12749,196,0
12749,197,1
12749,198,0
12749,200,0
12749,201,1
12749,202,0
12749,203,0
12751,1,1
12751,2,0
12751,3,1
12751,5,1
12751,6,1
12751,7,1
12751,29,1
12751,30,1
12751,31,1
12751,32,0
12751,33,0
12751,34,0
12751,35,0
12751,36,0
12751,37,0
12751,39,0
12751,40,0
12751,41,0
12751,147,1
12751,148,0
12751,149,0
12751,150,0
12751,194,0
12751,196,0
12751,197,0
12751,198,0
12751,200,0
12751,201,0
12751,202,0
12751,203,0
12759,1,1
12759,2,0
12759,3,1
12759,5,1
12759,6,1
12759,7,1
12759,9,1
12759,10,0
12759,11,0
12759,12,0
12759,29,1
12759,30,1
12759,31,0
12759,32,0
12759,33,0
12759,34,0
12759,35,0
12759,36,0
12759,37,0
12759,39,0
12759,40,0
12759,41,0
12759,49,1
12759,50,1
12759,52,1
12759,53,1
12759,54,1
12759,56,1
12759,57,1
12759,59,1
12759,60,1
12759,61,1
12759,63,1
12759,64,1
12759,65,1
12759,66,1
12759,67,1
12759,72,1
12759,73,1
12759,74,1
12759,82,1
12759,83,1
12759,84,1
12759,86,1
12759,87,1
12759,88,1
12759,90,1
12759,91,1
12759,92,1
12759,93,1
12759,147,1
12759,148,0
12759,149,0
12759,150,0
12759,194,0
12759,196,0
12759,197,0
12759,198,0
12759,200,0
12759,201,1
12759,202,0
12759,203,0
12761,1,1
12761,2,1
12761,3,0
12761,5,1
12761,6,1
12761,7,1
12761,49,1
12761,50,1
12761,52,1
12761,53,1
12761,54,1
12761,56,1
12761,57,1
12761,59,1
12761,60,1
12761,61,1
12761,63,1
12761,64,1
12761,65,1
12761,66,1
12761,67,1
12761,72,1
12761,73,1
12761,74,1
12761,82,1
12761,83,1
12761,84,1
12761,86,1
12761,87,1
12761,88,1
12761,90,1
12761,91,0
12761,92,0
12761,93,0
12761,147,1
12761,148,0
12761,149,0
12761,150,0
12761,194,0
12761,196,0
12761,197,0
12761,198,0
12761,200,0
12761,201,0
12761,202,0
12761,203,0
12763,1,1
12763,2,0
12763,3,1
12763,5,1
12763,6,1
12763,7,1
12763,49,1
12763,50,1
12763,52,1
12763,53,1
12763,54,1
12763,56,1
12763,57,1
12763,59,1
12763,60,1
12763,61,1
12763,63,1
12763,64,1
12763,65,1
12763,66,1
12763,67,1
12763,72,1
12763,73,1
12763,74,1
12763,82,1
12763,83,1
12763,84,1
12763,86,1
12763,87,1
12763,88,1
12763,90,1
12763,91,1
12763,92,1
12763,93,1
12763,147,1
12763,148,0
12763,149,0
12763,150,0
12763,194,0
12763,196,0
12763,197,0
12763,198,0
12763,200,0
12763,201,1
12763,202,0
12763,203,0
12770,1,1
12770,2,1
12770,3,0
12770,5,1
12770,6,1
12770,7,1
12770,29,0
12770,30,0
12770,31,0
12770,32,0
12770,33,0
12770,34,0
12770,35,0
12770,36,0
12770,37,0
12770,39,1
12770,49,1
12770,50,1
12770,52,1
12770,53,1
12770,54,1
12770,56,1
12770,57,1
12770,59,1
12770,60,1
12770,61,1
12770,63,1
12770,64,1
12770,65,1
12770,66,1
12770,67,1
12770,72,0
12770,73,1
12770,74,1
12770,82,1
12770,83,1
12770,84,1
12770,86,1
12770,87,1
12770,88,1
12770,90,1
12770,91,1
12770,92,1
12770,93,1
12770,147,0
12770,148,1
12770,149,0
12770,150,0
12770,152,0
12770,153,0
12770,154,0
12770,155,0
12770,157,1
12770,159,1
12770,160,0
12770,164,0
12770,170,0
12770,171,0
12770,172,0
12770,173,0
12770,174,0
12770,175,0
12770,176,0
12770,177,0
12770,178,0
12770,181,0
12770,182,0
12770,183,0
12770,184,0
12770,194,1
12770,196,1
12770,197,0
12770,198,0
12770,200,0
12770,201,1
12770,202,0
12770,203,0
12771,1,1
12771,2,0
12771,3,1
12771,5,1
12771,6,1
12771,7,1
12771,72,1
12771,73,1
12771,74,1
12771,82,1
12771,83,1
12771,84,1
12771,86,1
12771,87,1
12771,88,1
12771,90,1
12771,91,1
12771,92,1
12771,93,1
12771,147,1
12771,148,0
12771,149,0
12771,150,0
12771,194,0
12771,196,0
12771,197,0
12771,198,0
12771,200,0
12771,201,1
12771,202,0
12771,203,0
12773,1,1
12773,2,0
12773,3,1
12773,5,1
12773,6,1
12773,7,1
12773,29,1
12773,30,1
12773,31,0
12773,32,0
12773,33,0
12773,34,0
12773,35,0
12773,36,0
12773,37,0
12773,39,0
12773,40,0
12773,41,0
12773,72,1
12773,73,1
12773,74,1
12773,82,1
12773,83,1
12773,84,1
12773,86,1
12773,87,1
12773,88,1
12773,90,1
12773,91,1
12773,92,1
12773,93,1
12773,147,1
12773,148,0
12773,149,0
12773,150,0
12773,194,0
12773,196,0
12773,197,0
12773,198,0
12773,200,0
12773,201,1
12773,202,0
12773,203,0
12774,1,1
12774,2,0
12774,3,1
12774,5,1
12774,6,1
12774,7,1
12774,72,1
12774,73,1
12774,74,1
12774,82,1
12774,83,1
12774,84,1
12774,90,1
12774,91,1
12774,92,1
12774,93,1
12774,147,1
12774,148,0
12774,149,0
12774,150,0
12774,194,0
12774,196,0
12774,197,0
12774,198,0
12774,200,0
12774,201,0
12774,202,0
12774,203,0
12778,1,1
12778,2,0
12778,3,1
12778,5,1
12778,6,1
12778,7,1
12778,49,1
12778,50,1
12778,52,1
12778,53,1
12778,54,1
12778,56,1
12778,57,1
12778,59,1
12778,60,1
12778,61,1
12778,63,1
12778,64,1
12778,65,1
12778,66,1
12778,67,1
12778,72,1
12778,73,1
12778,74,1
12778,82,1
12778,83,1
12778,84,1
12778,86,1
12778,87,1
12778,88,1
12778,90,1
12778,91,1
12778,92,1
12778,93,1
12778,147,1
12778,148,0
12778,149,0
12778,150,0
12778,194,0
12778,196,0
12778,197,0
12778,198,0
12778,200,0
12778,201,1
12778,202,0
12778,203,0
12780,1,1
12780,2,0
12780,3,1
12780,5,1
12780,6,1
12780,7,1
12780,29,0
12780,30,0
12780,31,0
12780,32,0
12780,33,0
12780,34,0
12780,35,0
12780,36,0
12780,37,0
12780,39,1
12780,49,0
12780,50,0
12780,52,0
12780,53,0
12780,54,1
12780,56,0
12780,57,0
12780,59,1
12780,60,1
12780,61,1
12780,63,1
12780,64,1
12780,65,1
12780,66,1
12780,67,1
12780,72,1
12780,73,1
12780,74,1
12780,82,1
12780,83,1
12780,84,1
12780,86,1
12780,87,1
12780,88,1
12780,90,1
12780,91,1
12780,92,1
12780,93,1
12780,147,1
12780,148,0
12780,149,0
12780,150,0
12780,194,0
12780,196,0
12780,197,0
12780,198,0
12780,200,0
12780,201,1
12780,202,0
12780,203,0
13040,1,1
13040,2,1
13040,3,0
13040,5,1
13040,6,1
13040,7,1
13040,9,0
13040,10,1
13040,11,0
13040,12,0
13040,29,1
13040,30,1
13040,31,0
13040,32,0
13040,33,0
13040,34,0
13040,35,0
13040,36,0
13040,37,0
13040,39,0
13040,40,0
13040,41,0
13040,49,1
13040,50,1
13040,52,1
13040,53,1
13040,54,1
13040,56,1
13040,57,1
13040,59,1
13040,60,1
13040,61,1
13040,63,1
13040,64,1
13040,65,1
13040,66,1
13040,67,1
13040,72,0
13040,73,1
13040,74,1
13040,82,1
13040,83,1
13040,84,1
13040,86,1
13040,87,1
13040,88,1
13040,90,1
13040,91,1
13040,92,1
13040,93,1
13040,147,0
13040,148,1
13040,149,0
13040,150,0
13040,152,1
13040,153,1
13040,154,1
13040,155,0
13040,157,0
13040,159,0
13040,160,0
13040,164,0
13040,170,0
13040,171,0
13040,172,0
13040,173,0
13040,174,0
13040,175,0
13040,176,0
13040,177,0
13040,178,0
13040,181,0
13040,182,0
13040,183,0
13040,184,0
13040,194,0
13040,196,0
13040,197,0
13040,198,0
13040,200,0
13040,201,0
13040,202,1
13040,203,0
13041,1,1
13041,2,0
13041,3,1
13041,5,1
13041,6,1
13041,7,1
13041,49,1
13041,50,1
13041,52,1
13041,53,1
13041,54,1
13041,56,1
13041,57,1
13041,59,1
13041,60,1
13041,61,1
13041,63,1
13041,64,1
13041,65,1
13041,66,1
13041,67,1
13041,72,1
13041,73,1
13041,74,1
13041,82,1
13041,83,1
13041,84,1
13041,86,1
13041,87,1
13041,88,1
13041,90,1
13041,91,1
13041,92,1
13041,93,1
13041,147,1
13041,148,0
13041,149,0
13041,150,0
13041,194,0
13041,196,0
13041,197,0
13041,198,0
13041,200,0
13041,201,0
13041,202,0
13041,203,0
13043,1,1
13043,2,1
13043,3,0
13043,5,1
13043,6,1
13043,7,1
13043,56,1
13043,57,1
13043,59,1
13043,60,1
13043,61,1
13043,63,1
13043,64,1
13043,65,1
13043,66,1
13043,67,1
13043,72,0
13043,73,1
13043,74,1
13043,82,1
13043,83,1
13043,84,1
13043,86,1
13043,87,1
13043,88,1
13043,90,1
13043,91,1
13043,92,1
13043,93,1
13043,147,1
13043,148,0
13043,149,0
13043,150,0
13043,194,0
13043,196,0
13043,197,0
13043,198,0
13043,200,0
13043,201,1
13043,202,0
13043,203,0
13046,1,1
13046,2,0
13046,3,1
13046,5,1
13046,6,1
13046,7,1
13046,56,1
13046,57,1
13046,59,1
13046,60,1
13046,61,1
13046,63,1
13046,64,1
13046,65,1
13046,66,1
13046,67,1
13046,72,1
13046,73,1
13046,74,1
13046,82,1
13046,83,1
13046,84,1
13046,86,1
13046,87,1
13046,88,1
13046,90,1
13046,91,1
13046,92,1
13046,93,0
13046,147,1
13046,148,0
13046,149,0
13046,150,0
13046,194,0
13046,196,0
13046,197,0
13046,198,0
13046,200,0
13046,201,1
13046,202,0
13046,203,0
13049,1,1
13049,2,0
13049,3,1
13049,5,1
13049,6,1
13049,7,1
13049,29,1
13049,30,0
13049,31,1
13049,32,0
13049,33,0
13049,34,0
13049,35,0
13049,36,0
13049,37,0
13049,39,0
13049,40,0
13049,41,0
13049,49,1
13049,50,1
13049,52,1
13049,53,1
13049,54,1
13049,56,1
13049,57,1
13049,59,1
13049,60,1
13049,61,1
13049,63,1
13049,64,1
13049,65,1
13049,66,1
13049,67,1
13049,72,0
13049,73,1
13049,74,1
13049,82,1
13049,83,1
13049,84,1
13049,86,1
13049,87,1
13049,88,1
13049,90,1
13049,91,1
13049,92,1
13049,93,1
13049,147,0
13049,148,1
13049,149,0
13049,150,0
13049,152,1
13049,153,1
13049,154,0
13049,155,1
13049,157,0
13049,159,0
13049,160,0
13049,164,0
13049,170,0
13049,171,0
13049,172,0
13049,173,0
13049,174,0
13049,175,0
13049,176,0
13049,177,0
13049,178,0
13049,181,0
13049,182,0
13049,183,0
13049,184,0
13049,194,0
13049,196,0
13049,197,0
13049,198,0
13049,200,0
13049,201,1
13049,202,0
13049,203,0
13051,1,1
13051,2,0
13051,3,1
13051,5,1
13051,6,1
13051,7,1
13051,147,1
13051,148,0
13051,149,0
13051,150,0
13051,194,0
13051,196,0
13051,197,0
13051,198,0
13051,200,0
13051,201,0
13051,202,0
13051,203,0
13053,1,1
13053,2,1
13053,3,0
13053,5,1
13053,6,1
13053,7,1
13053,147,1
13053,148,0
13053,149,0
13053,150,0
13053,194,0
13053,196,0
13053,197,0
13053,198,0
13053,200,0
13053,201,0
13053,202,0
13053,203,1
13054,1,1
13054,2,0
13054,3,1
13054,5,1
13054,6,1
13054,7,1
13054,9,1
13054,10,0
13054,11,0
13054,12,0
13054,29,1
13054,30,1
13054,31,0
13054,32,0
13054,33,0
13054,34,0
13054,35,0
13054,36,0
13054,37,0
13054,39,0
13054,40,0
13054,41,0
13054,49,1
13054,50,1
13054,52,1
13054,53,1
13054,54,1
13054,56,1
13054,57,1
13054,59,1
13054,60,1
13054,61,1
13054,63,1
13054,64,1
13054,65,1
13054,66,1
13054,67,1
13054,72,1
13054,73,1
13054,74,1
13054,82,1
13054,83,1
13054,84,1
13054,86,1
13054,87,1
13054,88,1
13054,90,1
13054,91,1
13054,92,1
13054,93,1
13054,147,1
13054,148,0
13054,149,0
13054,150,0
13054,194,0
13054,196,0
13054,197,0
13054,198,0
13054,200,0
13054,201,1
13054,202,0
13054,203,0
13059,1,1
13059,2,0
13059,3,1
13059,5,1
13059,6,1
13059,7,1
13059,29,0
13059,30,0
13059,31,0
13059,32,0
13059,33,0
13059,34,0
13059,35,0
13059,36,0
13059,37,0
13059,39,1
13059,49,1
13059,50,1
13059,52,1
13059,53,1
13059,54,1
13059,56,1
13059,57,1
13059,59,1
13059,60,1
13059,61,1
13059,63,1
13059,64,1
13059,65,1
13059,66,1
13059,67,1
13059,72,1
13059,73,1
13059,74,1
13059,82,1
13059,83,1
13059,84,1
13059,86,1
13059,87,1
13059,88,1
13059,90,1
13059,91,1
13059,92,1
13059,93,1
13059,147,0
13059,148,1
13059,149,0
13059,150,0
13059,152,1
13059,153,1
13059,154,0
13059,155,1
13059,157,0
13059,159,0
13059,160,0
13059,164,0
13059,170,0
13059,171,0
13059,172,0
13059,173,0
13059,174,0
13059,175,0
13059,176,0
13059,177,0
13059,178,0
13059,181,0
13059,182,0
13059,183,0
13059,184,0
13059,194,1
13059,196,1
13059,197,0
13059,198,0
13059,200,0
13059,201,1
13059,202,0
13059,203,0
13186,1,1
13186,2,0
13186,3,1
13186,5,1
13186,6,1
13186,7,1
13186,9,0
13186,10,0
13186,11,0
13186,12,0
13186,29,0
13186,30,0
13186,31,0
13186,32,0
13186,33,0
13186,34,0
13186,35,0
13186,36,0
13186,37,0
13186,39,1
13186,49,1
13186,50,1
13186,52,1
13186,53,1
13186,54,1
13186,56,1
13186,57,1
13186,59,1
13186,60,1
13186,61,1
13186,63,1
13186,64,1
13186,65,1
13186,66,1
13186,67,1
13186,72,1
13186,73,1
13186,74,1
13186,82,1
13186,83,1
13186,84,1
13186,86,1
13186,87,1
13186,88,1
13186,90,1
13186,91,1
13186,92,1
13186,93,1
13186,147,1
13186,148,0
13186,149,0
13186,150,0
13186,194,1
13186,196,1
13186,197,0
13186,198,0
13186,200,0
13186,201,1
13186,202,0
13186,203,0
13318,1,1
13318,2,0
13318,3,1
13318,5,1
13318,6,1
13318,7,1
13318,9,0
13318,10,0
13318,11,0
13318,12,1
13318,29,1
13318,32,0
13318,33,0
13318,34,0
13318,35,0
13318,36,0
13318,37,0
13318,39,0
13318,40,0
13318,41,0
13318,49,1
13318,50,1
13318,52,1
13318,53,1
13318,54,1
13318,56,1
13318,57,1
13318,59,1
13318,60,1
13318,61,1
13318,63,1
13318,64,1
13318,65,1
13318,66,1
13318,67,1
13318,72,1
13318,73,1
13318,74,1
13318,82,1
13318,83,1
13318,84,1
13318,86,1
13318,87,1
13318,88,1
13318,90,1
13318,91,1
13318,92,1
13318,93,1
13318,147,1
13318,148,0
13318,149,0
13318,150,0
13318,194,0
13318,196,0
13318,197,0
13318,198,0
13318,200,0
13318,201,1
13318,202,1
13318,203,0
13319,1,1
13319,2,0
13319,3,1
13319,5,1
13319,6,1
13319,7,1
13319,9,0
13319,10,1
13319,11,0
13319,12,0
13319,29,0
13319,30,0
13319,31,0
13319,32,0
13319,33,0
13319,34,0
13319,35,0
13319,36,0
13319,37,0
13319,39,1
13319,49,1
13319,50,1
13319,52,1
13319,53,1
13319,54,1
13319,56,1
13319,57,1
13319,59,1
13319,60,1
13319,61,1
13319,63,1
13319,64,1
13319,65,1
13319,66,1
13319,67,1
13319,72,1
13319,73,1
13319,74,1
13319,82,1
13319,83,1
13319,84,1
13319,86,1
13319,87,1
13319,88,1
13319,90,1
13319,91,1
13319,92,1
13319,93,1
13319,147,0
13319,148,0
13319,149,1
13319,150,0
13319,152,0
13319,153,0
13319,154,0
13319,155,0
13319,157,0
13319,159,0
13319,160,0
13319,164,0
13319,170,1
13319,171,1
13319,172,0
13319,173,0
13319,174,1
13319,175,1
13319,176,0
13319,177,0
13319,178,0
13319,181,0
13319,182,0
13319,183,0
13319,184,0
13319,194,1
13319,196,0
13319,197,0
13319,198,0
13319,200,0
13319,201,1
13319,202,0
13319,203,0
13320,1,1
13320,2,0
13320,3,1
13320,5,1
13320,6,1
13320,7,1
13320,29,1
13320,30,1
13320,31,0
13320,32,0
13320,33,0
13320,34,0
13320,35,0
13320,36,0
13320,37,0
13320,39,0
13320,40,0
13320,41,0
13320,49,1
13320,50,1
13320,52,1
13320,53,1
13320,54,1
13320,56,1
13320,57,1
13320,59,1
13320,60,1
13320,61,1
13320,63,1
13320,64,1
13320,65,1
13320,66,1
13320,67,1
13320,72,0
13320,73,1
13320,74,1
13320,82,1
13320,83,1
13320,84,1
13320,86,1
13320,87,1
13320,88,1
13320,90,1
13320,91,1
13320,92,1
13320,93,1
13320,147,1
13320,148,0
13320,149,0
13320,150,0
13320,194,0
13320,196,0
13320,197,0
13320,198,0
13320,200,0
13320,201,1
13320,202,0
13320,203,0
13322,1,1
13322,2,1
13322,3,0
13322,5,1
13322,6,1
13322,7,1
13322,9,0
13322,10,0
13322,11,1
13322,12,0
13322,49,1
13322,50,1
13322,52,1
13322,53,1
13322,54,1
13322,56,1
13322,57,1
13322,59,1
13322,60,1
13322,61,1
13322,63,1
13322,64,1
13322,65,1
13322,66,1
13322,67,1
13322,72,1
13322,73,1
13322,74,1
13322,82,1
13322,83,1
13322,84,0
13322,86,1
13322,87,1
13322,88,1
13322,90,0
13322,91,0
13322,92,0
13322,93,0
13322,147,0
13322,148,0
13322,149,0
13322,150,1
13322,152,1
13322,153,1
13322,154,1
13322,155,0
13322,157,1
13322,159,1
13322,160,0
13322,164,0
13322,170,1
13322,171,1
13322,172,0
13322,173,0
13322,174,0
13322,175,0
13322,176,1
13322,177,0
13322,178,0
13322,181,0
13322,182,0
13322,183,0
13322,184,0
13322,194,1
13322,196,1
13322,197,0
13322,198,0
13322,200,0
13322,201,1
13322,202,0
13322,203,0
13323,1,1
13323,2,1
13323,3,0
13323,5,1
13323,6,1
13323,7,1
13323,49,1
13323,50,1
13323,52,1
13323,53,1
13323,54,1
13323,56,1
13323,57,1
13323,59,1
13323,60,1
13323,61,1
13323,63,1
13323,64,1
13323,65,1
13323,66,1
13323,67,1
13323,72,1
13323,73,1
13323,74,1
13323,82,1
13323,83,1
13323,84,1
13323,86,1
13323,87,1
13323,88,1
13323,90,1
13323,91,1
13323,92,1
13323,93,1
13323,147,1
13323,148,0
13323,149,0
13323,150,0
13323,194,0
13323,196,0
13323,197,0
13323,198,0
13323,200,0
13323,201,0
13323,202,0
13323,203,0
13326,1,1
13326,2,0
13326,3,1
13326,5,1
13326,6,1
13326,7,1
13326,29,1
13326,30,1
13326,31,0
13326,32,0
13326,33,0
13326,34,0
13326,35,0
13326,36,0
13326,37,0
13326,39,0
13326,40,0
13326,41,0
13326,49,1
13326,50,1
13326,52,1
13326,53,1
13326,54,1
13326,56,1
13326,57,1
13326,59,1
13326,60,1
13326,61,1
13326,63,1
13326,64,1
13326,65,1
13326,66,1
13326,67,1
13326,72,0
13326,73,1
13326,74,1
13326,82,1
13326,83,1
13326,84,1
13326,86,1
13326,87,1
13326,88,1
13326,90,1
13326,91,1
13326,92,1
13326,93,1
13326,147,1
13326,148,0
13326,149,0
13326,150,0
13326,194,0
13326,196,0
13326,197,0
13326,198,0
13326,200,0
13326,201,1
13326,202,0
13326,203,0
13329,1,1
13329,2,0
13329,3,1
13329,5,1
13329,6,1
13329,7,1
13329,29,1
13329,30,1
13329,31,0
13329,32,0
13329,33,0
13329,34,0
13329,35,0
13329,36,0
13329,37,0
13329,39,0
13329,40,0
13329,41,0
13329,49,1
13329,50,1
13329,52,1
13329,53,1
13329,54,1
13329,56,1
13329,57,1
13329,59,1
13329,60,1
13329,61,1
13329,63,1
13329,64,1
13329,65,1
13329,66,1
13329,67,1
13329,72,1
13329,73,1
13329,74,1
13329,82,1
13329,83,1
13329,84,1
13329,86,1
13329,87,1
13329,88,1
13329,90,1
13329,91,1
13329,92,1
13329,93,1
13329,147,1
13329,148,0
13329,149,0
13329,150,0
13329,194,0
13329,196,0
13329,197,0
13329,198,0
13329,200,0
13329,201,0
13329,202,0
13329,203,0
13331,1,1
13331,2,0
13331,3,1
13331,5,1
13331,6,1
13331,7,1
13331,49,1
13331,50,1
13331,52,1
13331,53,1
13331,54,1
13331,56,1
13331,57,1
13331,59,1
13331,60,1
13331,61,1
13331,63,1
13331,64,1
13331,65,1
13331,66,1
13331,67,1
13331,72,1
13331,73,1
13331,74,1
13331,82,1
13331,83,1
13331,84,1
13331,90,1
13331,91,1
13331,92,1
13331,93,1
13331,147,1
13331,148,0
13331,149,0
13331,150,0
13331,194,0
13331,196,0
13331,197,0
13331,198,0
13331,200,0
13331,201,1
13331,202,0
13331,203,0
13336,1,1
13336,2,0
13336,3,1
13336,5,1
13336,6,1
13336,7,1
13336,49,1
13336,50,1
13336,52,1
13336,53,1
13336,54,1
13336,56,1
13336,57,1
13336,59,1
13336,60,1
13336,61,1
13336,63,1
13336,64,1
13336,65,1
13336,66,1
13336,67,1
13336,72,1
13336,73,1
13336,74,1
13336,82,1
13336,83,1
13336,84,1
13336,86,1
13336,87,1
13336,88,1
13336,90,1
13336,91,1
13336,92,1
13336,93,0
13336,147,1
13336,148,0
13336,149,0
13336,150,0
13336,194,1
13336,196,0
13336,197,0
13336,198,0
13336,200,0
13336,201,1
13336,202,0
13336,203,0
13338,1,1
13338,2,0
13338,3,1
13338,5,1
13338,6,1
13338,7,1
13338,9,1
13338,10,0
13338,11,0
13338,12,0
13338,29,0
13338,30,0
13338,31,0
13338,32,0
13338,33,0
13338,34,0
13338,35,0
13338,36,0
13338,37,0
13338,39,1
13338,147,1
13338,148,0
13338,149,0
13338,150,0
13338,194,0
13338,196,0
13338,197,0
13338,198,0
13338,200,0
13338,201,1
13338,202,0
13338,203,0
13350,1,1
13350,2,0
13350,3,1
13350,5,1
13350,6,1
13350,7,1
13350,9,0
13350,10,1
13350,11,0
13350,12,0
13350,29,0
13350,30,0
13350,31,0
13350,32,0
13350,33,0
13350,34,0
13350,35,0
13350,36,0
13350,37,0
13350,39,1
13350,49,1
13350,50,1
13350,52,1
13350,53,1
13350,54,1
13350,56,1
13350,57,1
13350,59,1
13350,60,1
13350,61,1
13350,63,1
13350,64,1
13350,65,1
13350,66,1
13350,67,1
13350,72,1
13350,73,1
13350,74,1
13350,82,1
13350,83,1
13350,84,1
13350,86,1
13350,87,1
13350,88,1
13350,90,1
13350,91,1
13350,92,1
13350,93,1
13350,147,1
13350,148,0
13350,149,0
13350,150,0
13350,194,0
13350,196,0
13350,197,0
13350,198,0
13350,200,0
13350,201,1
13350,202,0
13350,203,0
13351,1,1
13351,2,0
13351,3,1
13351,5,1
13351,6,1
13351,7,1
13351,9,1
13351,10,0
13351,11,0
13351,12,0
13351,49,1
13351,50,1
13351,52,1
13351,53,1
13351,54,1
13351,56,1
13351,57,1
13351,59,1
13351,60,1
13351,61,1
13351,63,1
13351,64,1
13351,65,1
13351,66,1
13351,67,1
13351,72,0
13351,73,0
13351,74,1
13351,82,1
13351,83,1
13351,84,1
13351,86,1
13351,87,1
13351,88,1
13351,90,1
13351,91,1
13351,92,1
13351,93,1
13351,147,1
13351,148,0
13351,149,0
13351,150,0
13351,194,0
13351,196,0
13351,197,0
13351,198,0
13351,200,0
13351,201,1
13351,202,1
13351,203,0
13364,1,1
13364,2,0
13364,3,1
13364,5,1
13364,6,1
13364,7,1
13364,49,1
13364,50,1
13364,52,1
13364,53,1
13364,54,1
13364,56,1
13364,57,1
13364,59,1
13364,60,1
13364,61,1
13364,63,1
13364,64,1
13364,65,1
13364,66,1
13364,67,1
13364,72,1
13364,73,1
13364,74,1
13364,82,1
13364,83,1
13364,84,1
13364,86,1
13364,87,1
13364,88,1
13364,90,1
13364,91,1
13364,92,1
13364,93,1
13364,147,0
13364,148,1
13364,149,0
13364,150,0
13364,152,1
13364,153,1
13364,154,0
13364,155,1
13364,157,0
13364,159,0
13364,160,0
13364,164,0
13364,170,0
13364,171,0
13364,172,0
13364,173,0
13364,174,0
13364,175,0
13364,176,0
13364,177,0
13364,178,0
13364,181,0
13364,182,0
13364,183,0
13364,184,0
13364,194,0
13364,196,0
13364,197,0
13364,198,0
13364,200,0
13364,201,1
13364,202,0
13364,203,0
13365,1,1
13365,2,0
13365,3,1
13365,5,1
13365,6,1
13365,7,1
13365,72,1
13365,73,1
13365,74,1
13365,82,1
13365,83,1
13365,84,1
13365,86,1
13365,87,1
13365,88,1
13365,90,1
13365,91,1
13365,92,1
13365,93,0
13365,147,1
13365,148,0
13365,149,0
13365,150,0
13365,194,0
13365,196,0
13365,197,0
13365,198,0
13365,200,0
13365,201,0
13365,202,0
13365,203,0
13366,1,1
13366,2,0
13366,3,1
13366,5,1
13366,6,1
13366,7,1
13366,72,0
13366,73,1
13366,74,1
13366,82,1
13366,83,1
13366,84,1
13366,90,1
13366,91,1
13366,92,1
13366,93,1
13366,147,1
13366,148,0
13366,149,0
13366,150,0
13366,194,0
13366,196,0
13366,197,0
13366,198,0
13366,200,0
13366,201,0
13366,202,0
13366,203,0
13374,1,1
13374,2,0
13374,3,1
13374,5,1
13374,6,1
13374,7,1
13374,29,1
13374,30,1
13374,31,0
13374,32,0
13374,33,0
13374,34,0
13374,35,0
13374,36,0
13374,37,0
13374,39,0
13374,40,0
13374,41,0
13374,49,1
13374,50,1
13374,52,1
13374,53,1
13374,54,1
13374,56,1
13374,57,1
13374,59,1
13374,60,1
13374,61,1
13374,63,1
13374,64,1
13374,65,1
13374,66,1
13374,67,1
13374,72,1
13374,73,1
13374,74,1
13374,82,1
13374,83,1
13374,84,1
13374,86,1
13374,87,1
13374,88,1
13374,90,1
13374,91,1
13374,92,1
13374,93,1
13374,147,1
13374,148,0
13374,149,0
13374,150,0
13374,194,0
13374,196,0
13374,197,0
13374,198,0
13374,200,0
13374,201,1
13374,202,0
13374,203,0
13375,1,1
13375,2,0
13375,3,1
13375,5,1
13375,6,1
13375,7,1
13375,29,1
13375,30,1
13375,31,0
13375,32,0
13375,33,0
13375,34,0
13375,35,0
13375,36,0
13375,37,0
13375,39,0
13375,40,0
13375,41,0
13375,56,1
13375,57,1
13375,59,1
13375,60,1
13375,61,1
13375,63,1
13375,64,1
13375,65,1
13375,66,1
13375,67,1
13375,72,1
13375,73,1
13375,74,1
13375,82,1
13375,83,1
13375,84,1
13375,86,1
13375,87,1
13375,88,1
13375,90,1
13375,91,1
13375,92,1
13375,93,1
13375,147,1
13375,148,0
13375,149,0
13375,150,0
13375,194,0
13375,196,0
13375,197,0
13375,198,0
13375,200,0
13375,201,1
13375,202,0
13375,203,0
13377,1,1
13377,2,0
13377,3,1
13377,5,1
13377,6,1
13377,7,1
13377,82,1
13377,83,1
13377,84,1
13377,86,1
13377,87,1
13377,88,1
13377,90,1
13377,91,1
13377,92,1
13377,93,1
13377,147,1
13377,148,0
13377,149,0
13377,150,0
13377,194,1
13377,196,0
13377,197,0
13377,198,0
13377,200,0
13377,201,1
13377,202,0
13377,203,0
13383,1,1
13383,2,0
13383,3,1
13383,5,1
13383,6,1
13383,7,1
13383,9,0
13383,10,1
13383,11,0
13383,12,0
13383,29,0
13383,30,0
13383,31,0
13383,32,0
13383,33,0
13383,34,0
13383,35,1
13383,36,0
13383,37,1
13383,39,0
13383,40,0
13383,41,0
13383,49,1
13383,50,1
13383,52,1
13383,53,1
13383,54,1
13383,56,1
13383,57,1
13383,59,1
13383,60,1
13383,61,1
13383,63,1
13383,64,1
13383,65,1
13383,66,1
13383,67,1
13383,72,0
13383,73,1
13383,74,1
13383,82,1
13383,83,1
13383,84,1
13383,86,1
13383,87,1
13383,88,1
13383,90,1
13383,91,1
13383,92,1
13383,93,1
13383,147,0
13383,148,0
13383,149,0
13383,150,0
13383,152,1
13383,153,1
13383,154,1
13383,155,0
13383,157,0
13383,159,0
13383,160,0
13383,164,0
13383,170,1
13383,171,1
13383,172,1
13383,173,0
13383,174,0
13383,175,1
13383,176,0
13383,177,0
13383,178,0
13383,181,0
13383,182,0
13383,183,0
13383,184,0
13383,194,1
13383,196,1
13383,197,0
13383,198,0
13383,200,0
13383,201,1
13383,202,0
13383,203,0
13384,1,1
13384,2,0
13384,3,1
13384,5,1
13384,6,1
13384,7,1
13384,9,0
13384,10,0
13384,11,0
13384,12,1
13384,29,0
13384,30,0
13384,31,0
13384,32,0
13384,33,0
13384,34,0
13384,35,0
13384,36,0
13384,37,0
13384,39,1
13384,49,0
13384,50,0
13384,52,1
13384,53,1
13384,54,1
13384,56,0
13384,57,0
13384,59,0
13384,60,0
13384,61,0
13384,63,0
13384,64,0
13384,65,0
13384,66,1
13384,67,1
13384,72,1
13384,73,1
13384,74,1
13384,82,1
13384,83,1
13384,84,1
13384,86,1
13384,87,1
13384,88,1
13384,90,0
13384,91,0
13384,92,0
13384,93,0
13384,147,1
13384,148,0
13384,149,0
13384,150,0
13384,194,1
13384,196,1
13384,197,0
13384,198,0
13384,200,0
13384,201,1
13384,202,0
13384,203,0
13387,1,1
13387,2,1
13387,3,0
13387,5,1
13387,6,1
13387,7,1
13387,147,1
13387,148,0
13387,149,0
13387,150,0
13387,194,0
13387,196,0
13387,197,0
13387,198,0
13387,200,0
13387,201,1
13387,202,0
13387,203,0
13414,1,1
13414,2,0
13414,3,1
13414,5,1
13414,6,1
13414,7,1
13414,29,1
13414,30,1
13414,31,0
13414,32,0
13414,33,0
13414,34,0
13414,35,0
13414,36,0
13414,37,0
13414,39,0
13414,40,0
13414,41,0
13414,49,1
13414,50,1
13414,52,1
13414,53,1
13414,54,1
13414,56,1
13414,57,1
13414,59,1
13414,60,1
13414,61,1
13414,63,1
13414,64,1
13414,65,1
13414,66,1
13414,67,1
13414,72,1
13414,73,1
13414,74,1
13414,82,1
13414,83,1
13414,84,1
13414,90,1
13414,91,1
13414,92,1
13414,93,1
13414,147,1
13414,148,0
13414,149,0
13414,150,0
13414,194,0
13414,196,0
13414,197,0
13414,198,0
13414,200,0
13414,201,0
13414,202,0
13414,203,0
13415,1,1
13415,2,0
13415,3,1
13415,5,1
13415,6,1
13415,7,1
13415,49,1
13415,50,1
13415,52,1
13415,53,1
13415,54,1
13415,56,1
13415,57,1
13415,59,1
13415,60,1
13415,61,1
13415,63,1
13415,64,1
13415,65,1
13415,66,1
13415,67,1
13415,72,1
13415,73,1
13415,74,1
13415,82,1
13415,83,1
13415,84,1
13415,86,1
13415,87,1
13415,88,1
13415,90,1
13415,91,1
13415,92,1
13415,93,1
13415,147,1
13415,148,0
13415,149,0
13415,150,0
13415,194,0
13415,196,0
13415,197,0
13415,198,0
13415,200,0
13415,201,1
13415,202,0
13415,203,0
13418,1,1
13418,2,0
13418,3,1
13418,5,1
13418,6,1
13418,7,1
13418,29,1
13418,30,0
13418,31,1
13418,32,0
13418,33,0
13418,34,0
13418,35,0
13418,36,0
13418,37,0
13418,39,0
13418,40,0
13418,41,0
13418,56,1
13418,57,1
13418,59,1
13418,60,1
13418,61,1
13418,63,1
13418,64,1
13418,65,1
13418,66,1
13418,67,1
13418,72,1
13418,73,1
13418,74,1
13418,82,1
13418,83,1
13418,84,1
13418,86,1
13418,87,1
13418,88,1
13418,90,1
13418,91,1
13418,92,1
13418,93,1
13418,147,1
13418,148,0
13418,149,0
13418,150,0
13418,194,0
13418,196,0
13418,197,0
13418,198,0
13418,200,0
13418,201,0
13418,202,0
13418,203,0
13482,1,1
13482,2,0
13482,3,1
13482,5,1
13482,6,1
13482,7,1
13482,49,1
13482,50,1
13482,52,1
13482,53,1
13482,54,1
13482,56,1
13482,57,1
13482,59,1
13482,60,1
13482,61,1
13482,63,1
13482,64,1
13482,65,1
13482,66,1
13482,67,1
13482,72,1
13482,73,1
13482,74,1
13482,82,1
13482,83,1
13482,84,1
13482,86,1
13482,87,1
13482,88,1
13482,90,1
13482,91,1
13482,92,1
13482,93,0
13482,147,1
13482,148,0
13482,149,0
13482,150,0
13482,194,0
13482,196,0
13482,197,0
13482,198,0
13482,200,0
13482,201,0
13482,202,0
13482,203,0
13490,1,1
13490,2,0
13490,3,1
13490,5,1
13490,6,1
13490,7,1
13490,49,1
13490,50,1
13490,52,1
13490,53,1
13490,54,1
13490,56,1
13490,57,1
13490,59,1
13490,60,1
13490,61,1
13490,63,0
13490,64,0
13490,65,1
13490,66,1
13490,67,1
13490,72,1
13490,73,1
13490,74,1
13490,82,1
13490,83,1
13490,84,1
13490,86,1
13490,87,1
13490,88,1
13490,90,1
13490,91,1
13490,92,1
13490,93,1
13490,147,1
13490,148,0
13490,149,0
13490,150,0
13490,194,0
13490,196,0
13490,197,0
13490,198,0
13490,200,0
13490,201,0
13490,202,0
13490,203,0
13493,1,1
13493,2,0
13493,3,1
13493,5,1
13493,6,1
13493,7,1
13493,29,1
13493,30,0
13493,31,1
13493,32,0
13493,33,0
13493,34,0
13493,35,0
13493,36,0
13493,37,0
13493,39,0
13493,40,0
13493,41,0
13493,49,1
13493,50,1
13493,52,1
13493,53,1
13493,54,1
13493,56,1
13493,57,1
13493,59,1
13493,60,1
13493,61,1
13493,63,1
13493,64,1
13493,65,1
13493,66,1
13493,67,1
13493,72,1
13493,73,1
13493,74,1
13493,82,1
13493,83,1
13493,84,1
13493,86,1
13493,87,1
13493,88,1
13493,90,1
13493,91,1
13493,92,1
13493,93,1
13493,147,1
13493,148,0
13493,149,0
13493,150,0
13493,194,0
13493,196,0
13493,197,0
13493,198,0
13493,200,0
13493,201,1
13493,202,0
13493,203,0
13503,1,1
13503,2,0
13503,3,1
13503,5,1
13503,6,1
13503,7,1
13503,72,1
13503,73,1
13503,74,1
13503,82,1
13503,83,1
13503,84,1
13503,86,1
13503,87,1
13503,88,1
13503,90,1
13503,91,1
13503,92,1
13503,93,1
13503,147,1
13503,148,0
13503,149,0
13503,150,0
13503,194,0
13503,196,0
13503,197,0
13503,198,0
13503,200,0
13503,201,1
13503,202,0
13503,203,0
13504,1,1
13504,2,0
13504,3,1
13504,5,1
13504,6,1
13504,7,1
13504,9,0
13504,10,1
13504,11,0
13504,12,0
13504,29,0
13504,30,0
13504,31,0
13504,32,0
13504,33,0
13504,34,0
13504,35,0
13504,36,0
13504,37,0
13504,39,1
13504,49,1
13504,50,1
13504,52,1
13504,53,1
13504,54,1
13504,56,1
13504,57,1
13504,59,1
13504,60,1
13504,61,1
13504,63,1
13504,64,1
13504,65,1
13504,66,1
13504,67,1
13504,72,1
13504,73,1
13504,74,1
13504,82,1
13504,83,1
13504,84,1
13504,86,1
13504,87,1
13504,88,1
13504,90,1
13504,91,1
13504,92,1
13504,93,1
13504,147,0
13504,148,1
13504,149,0
13504,150,0
13504,152,0
13504,153,0
13504,154,0
13504,155,0
13504,157,0
13504,159,0
13504,160,0
13504,164,0
13504,170,1
13504,171,1
13504,172,1
13504,173,0
13504,174,0
13504,175,0
13504,176,0
13504,177,0
13504,178,0
13504,181,0
13504,182,0
13504,183,0
13504,184,0
13504,194,0
13504,196,0
13504,197,0
13504,198,0
13504,200,0
13504,201,1
13504,202,0
13504,203,0
13510,1,1
13510,2,0
13510,3,1
13510,5,1
13510,6,1
13510,7,1
13510,72,1
13510,73,1
13510,74,1
13510,82,1
13510,83,1
13510,84,1
13510,86,1
13510,87,1
13510,88,1
13510,90,1
13510,91,1
13510,92,1
13510,93,1
13510,147,1
13510,148,0
13510,149,0
13510,150,0
13510,194,0
13510,196,0
13510,197,0
13510,198,0
13510,200,0
13510,201,0
13510,202,0
13510,203,0
13537,1,1
13537,2,0
13537,3,1
13537,9,0
13537,10,1
13537,11,0
13537,12,0
13537,49,1
13537,50,1
13537,52,1
13537,53,1
13537,54,1
13537,56,1
13537,57,1
13537,59,1
13537,60,1
13537,61,1
13537,63,1
13537,64,1
13537,65,1
13537,66,1
13537,67,1
13537,72,1
13537,73,1
13537,74,1
13537,82,1
13537,83,1
13537,84,1
13537,86,1
13537,87,1
13537,88,1
13537,90,1
13537,91,1
13537,92,1
13537,93,1
13537,147,1
13537,148,0
13537,149,0
13537,150,0
13778,1,1
13778,2,0
13778,3,1
13778,5,1
13778,6,1
13778,7,1
13778,29,0
13778,30,0
13778,31,0
13778,32,0
13778,33,0
13778,34,0
13778,35,1
13778,36,1
13778,37,0
13778,39,0
13778,40,0
13778,41,0
13778,49,1
13778,50,1
13778,52,1
13778,53,1
13778,54,1
13778,56,1
13778,57,1
13778,59,1
13778,60,1
13778,61,1
13778,63,1
13778,64,1
13778,65,1
13778,66,1
13778,67,1
13778,72,1
13778,73,1
13778,74,1
13778,82,1
13778,83,1
13778,84,1
13778,86,1
13778,87,1
13778,88,1
13778,90,1
13778,91,1
13778,92,1
13778,93,0
13778,147,1
13778,148,0
13778,149,0
13778,150,0
13778,194,0
13778,196,0
13778,197,0
13778,198,0
13778,200,0
13778,201,1
13778,202,0
13778,203,0
13789,1,1
13789,2,0
13789,3,1
13789,5,1
13789,6,1
13789,7,1
13789,49,0
13789,50,1
13789,52,1
13789,53,1
13789,54,1
13789,56,0
13789,57,1
13789,59,1
13789,60,1
13789,61,1
13789,63,0
13789,64,0
13789,65,1
13789,66,1
13789,67,1
13789,72,1
13789,73,1
13789,74,1
13789,82,1
13789,83,1
13789,84,1
13789,86,1
13789,87,1
13789,88,1
13789,90,1
13789,91,1
13789,92,1
13789,93,1
13789,147,1
13789,148,0
13789,149,0
13789,150,0
13789,194,0
13789,196,0
13789,197,0
13789,198,0
13789,200,0
13789,201,0
13789,202,0
13789,203,0
13800,1,1
13800,2,0
13800,3,1
13800,5,1
13800,6,1
13800,7,1
13800,49,1
13800,50,1
13800,52,1
13800,53,1
13800,54,1
13800,56,1
13800,57,1
13800,59,1
13800,60,1
13800,61,1
13800,63,1
13800,64,1
13800,65,1
13800,66,1
13800,67,1
13800,72,1
13800,73,1
13800,74,1
13800,82,1
13800,83,1
13800,84,1
13800,86,1
13800,87,1
13800,88,1
13800,90,1
13800,91,1
13800,92,1
13800,93,1
13800,147,1
13800,148,0
13800,149,0
13800,150,0
13800,194,0
13800,196,0
13800,197,0
13800,198,0
13800,200,0
13800,201,1
13800,202,0
13800,203,0
13802,1,1
13802,2,0
13802,3,1
13802,5,1
13802,6,1
13802,7,1
13802,49,1
13802,50,1
13802,52,1
13802,53,1
13802,54,1
13802,56,1
13802,57,1
13802,59,1
13802,60,1
13802,61,1
13802,63,1
13802,64,1
13802,65,1
13802,66,1
13802,67,1
13802,72,1
13802,73,1
13802,74,1
13802,82,1
13802,83,1
13802,84,1
13802,86,1
13802,87,1
13802,88,1
13802,90,1
13802,91,1
13802,92,1
13802,93,0
13802,147,1
13802,148,0
13802,149,0
13802,150,0
13802,194,0
13802,196,0
13802,197,0
13802,198,0
13802,200,0
13802,201,1
13802,202,0
13802,203,0
13803,1,1
13803,2,1
13803,3,0
13803,5,1
13803,6,1
13803,7,1
13803,9,0
13803,10,1
13803,11,0
13803,12,0
13803,29,0
13803,30,0
13803,31,0
13803,32,0
13803,33,0
13803,34,0
13803,35,1
13803,36,0
13803,37,1
13803,39,0
13803,40,0
13803,41,0
13803,49,1
13803,50,1
13803,52,1
13803,53,1
13803,54,1
13803,56,1
13803,57,1
13803,59,1
13803,60,1
13803,61,1
13803,63,1
13803,64,1
13803,65,1
13803,66,1
13803,67,1
13803,72,1
13803,73,1
13803,74,1
13803,82,1
13803,83,1
13803,84,1
13803,86,1
13803,87,1
13803,88,1
13803,90,1
13803,91,0
13803,92,0
13803,93,0
13803,147,0
13803,148,1
13803,149,0
13803,150,0
13803,152,1
13803,153,1
13803,154,0
13803,155,1
13803,157,0
13803,159,0
13803,160,0
13803,164,0
13803,170,0
13803,171,0
13803,172,0
13803,173,0
13803,174,0
13803,175,0
13803,176,0
13803,177,0
13803,178,0
13803,181,0
13803,182,0
13803,183,0
13803,184,0
13803,194,0
13803,196,0
13803,197,0
13803,198,0
13803,200,0
13803,201,1
13803,202,0
13803,203,0
13804,1,1
13804,2,0
13804,3,1
13804,5,1
13804,6,1
13804,7,1
13804,29,1
13804,30,0
13804,31,1
13804,32,0
13804,33,0
13804,34,0
13804,35,0
13804,36,0
13804,37,0
13804,39,0
13804,40,0
13804,41,0
13804,49,1
13804,50,1
13804,52,1
13804,53,1
13804,54,1
13804,56,1
13804,57,1
13804,59,1
13804,60,1
13804,61,1
13804,63,1
13804,64,1
13804,65,1
13804,66,1
13804,67,1
13804,72,0
13804,73,1
13804,74,1
13804,82,1
13804,83,1
13804,84,1
13804,86,1
13804,87,1
13804,88,1
13804,90,1
13804,91,1
13804,92,1
13804,93,1
13804,147,1
13804,148,0
13804,149,0
13804,150,0
13804,194,0
13804,196,0
13804,197,0
13804,198,0
13804,200,0
13804,201,0
13804,202,0
13804,203,0
13805,1,1
13805,2,0
13805,3,1
13805,5,1
13805,6,1
13805,7,1
13805,72,1
13805,73,1
13805,74,1
13805,82,1
13805,83,1
13805,84,1
13805,86,1
13805,87,1
13805,88,1
13805,90,1
13805,91,1
13805,92,1
13805,93,1
13805,147,1
13805,148,0
13805,149,0
13805,150,0
13805,194,0
13805,196,0
13805,197,0
13805,198,0
13805,200,0
13805,201,1
13805,202,0
13805,203,0
13808,1,1
13808,5,1
13808,6,1
13808,7,1
13808,56,1
13808,57,1
13808,59,1
13808,60,1
13808,61,1
13808,63,1
13808,64,1
13808,65,1
13808,66,1
13808,67,1
13808,72,1
13808,73,1
13808,74,1
13808,82,1
13808,83,1
13808,84,1
13808,86,1
13808,87,1
13808,88,1
13808,90,1
13808,91,1
13808,92,1
13808,93,0
13808,147,1
13808,148,0
13808,149,0
13808,150,0
13808,194,0
13808,196,0
13808,197,0
13808,198,0
13808,200,0
13808,201,0
13808,202,0
13808,203,0
13813,1,1
13813,2,0
13813,3,1
13813,5,1
13813,6,1
13813,7,1
13813,9,1
13813,10,0
13813,11,0
13813,12,0
13813,29,1
13813,30,1
13813,31,0
13813,32,0
13813,33,0
13813,34,0
13813,35,0
13813,36,0
13813,37,0
13813,39,0
13813,40,0
13813,41,0
13813,49,1
13813,50,1
13813,52,1
13813,53,1
13813,54,1
13813,56,1
13813,57,1
13813,59,1
13813,60,1
13813,61,1
13813,63,1
13813,64,1
13813,65,1
13813,66,1
13813,67,1
13813,72,1
13813,73,1
13813,74,1
13813,82,1
13813,83,1
13813,84,1
13813,86,1
13813,87,1
13813,88,1
13813,90,1
13813,91,1
13813,92,1
13813,93,1
13813,147,1
13813,148,0
13813,149,0
13813,150,0
13813,194,0
13813,196,0
13813,197,0
13813,198,0
13813,200,0
13813,201,1
13813,202,0
13813,203,0
13819,1,1
13819,2,0
13819,3,1
13819,5,1
13819,6,1
13819,7,1
13819,9,0
13819,10,1
13819,11,0
13819,12,0
13819,29,0
13819,30,0
13819,31,0
13819,32,0
13819,33,0
13819,34,0
13819,35,0
13819,36,0
13819,37,0
13819,39,1
13819,49,1
13819,50,1
13819,52,1
13819,53,1
13819,54,1
13819,56,1
13819,57,1
13819,59,1
13819,60,1
13819,61,1
13819,63,1
13819,64,1
13819,65,1
13819,66,1
13819,67,1
13819,72,1
13819,73,1
13819,74,1
13819,82,1
13819,83,1
13819,84,1
13819,86,1
13819,87,1
13819,88,1
13819,90,1
13819,91,1
13819,92,0
13819,93,0
13819,147,0
13819,148,1
13819,149,0
13819,150,0
13819,152,1
13819,153,1
13819,154,0
13819,155,1
13819,157,1
13819,159,1
13819,160,0
13819,164,0
13819,170,0
13819,171,0
13819,172,0
13819,173,0
13819,174,0
13819,175,0
13819,176,0
13819,177,0
13819,178,0
13819,181,0
13819,182,0
13819,183,0
13819,184,0
13819,194,1
13819,196,0
13819,197,0
13819,198,0
13819,200,0
13819,201,1
13819,202,0
13819,203,0
13826,1,1
13826,2,0
13826,3,1
13826,5,1
13826,6,1
13826,7,1
13826,29,1
13826,30,1
13826,31,0
13826,32,0
13826,33,0
13826,34,0
13826,35,0
13826,36,0
13826,37,0
13826,39,0
13826,40,0
13826,41,0
13826,72,1
13826,73,1
13826,74,1
13826,82,1
13826,83,1
13826,84,1
13826,90,1
13826,91,1
13826,92,1
13826,93,1
13826,147,1
13826,148,0
13826,149,0
13826,150,0
13826,194,0
13826,196,0
13826,197,0
13826,198,0
13826,200,0
13826,201,0
13826,202,0
13826,203,0
13827,1,1
13827,5,1
13827,6,1
13827,7,1
13827,29,0
13827,30,0
13827,31,0
13827,32,0
13827,33,0
13827,34,0
13827,35,0
13827,36,0
13827,37,0
13827,39,1
13827,49,1
13827,50,1
13827,52,1
13827,53,1
13827,54,1
13827,56,1
13827,57,1
13827,59,1
13827,60,1
13827,61,1
13827,63,1
13827,64,1
13827,65,1
13827,66,1
13827,67,1
13827,72,1
13827,73,1
13827,74,1
13827,82,1
13827,83,1
13827,84,1
13827,86,1
13827,87,1
13827,88,1
13827,90,1
13827,91,1
13827,92,1
13827,93,1
13827,147,1
13827,148,0
13827,149,0
13827,150,0
13827,194,1
13827,196,0
13827,197,0
13827,198,0
13827,200,0
13827,201,1
13827,202,0
13827,203,0
13830,1,1
13830,2,0
13830,3,1
13830,5,1
13830,6,1
13830,7,1
13830,29,1
13830,30,1
13830,31,0
13830,32,0
13830,33,0
13830,34,0
13830,35,0
13830,36,0
13830,37,0
13830,39,0
13830,40,0
13830,41,0
13830,49,1
13830,50,1
13830,52,1
13830,53,1
13830,54,1
13830,56,1
13830,57,1
13830,59,1
13830,60,1
13830,61,1
13830,63,1
13830,64,1
13830,65,1
13830,66,1
13830,67,1
13830,72,1
13830,73,1
13830,74,1
13830,82,1
13830,83,1
13830,84,1
13830,86,1
13830,87,1
13830,88,1
13830,90,1
13830,91,1
13830,92,1
13830,93,1
13830,147,1
13830,148,0
13830,149,0
13830,150,0
13830,194,0
13830,196,0
13830,197,0
13830,198,0
13830,200,0
13830,201,1
13830,202,0
13830,203,0
13831,1,1
13831,2,0
13831,3,1
13831,5,1
13831,6,1
13831,7,1
13831,49,1
13831,50,1
13831,52,1
13831,53,1
13831,54,1
13831,56,1
13831,57,1
13831,59,1
13831,60,1
13831,61,1
13831,63,1
13831,64,1
13831,65,1
13831,66,1
13831,67,1
13831,72,1
13831,73,1
13831,74,1
13831,82,1
13831,83,1
13831,84,1
13831,86,1
13831,87,1
13831,88,1
13831,90,1
13831,91,1
13831,92,1
13831,93,1
13831,147,1
13831,148,0
13831,149,0
13831,150,0
13831,194,1
13831,196,1
13831,197,0
13831,198,0
13831,200,0
13831,201,1
13831,202,0
13831,203,0
13835,1,1
13835,2,0
13835,3,1
13835,5,1
13835,6,1
13835,7,1
13835,56,1
13835,57,1
13835,59,1
13835,60,1
13835,61,1
13835,63,1
13835,64,1
13835,65,1
13835,66,1
13835,67,1
13835,72,1
13835,73,1
13835,74,1
13835,82,1
13835,83,1
13835,84,1
13835,86,1
13835,87,1
13835,88,1
13835,90,1
13835,91,1
13835,92,1
13835,93,1
13835,147,1
13835,148,0
13835,149,0
13835,150,0
13835,194,0
13835,196,0
13835,197,0
13835,198,0
13835,200,0
13835,201,1
13835,202,0
13835,203,0
13836,1,1
13836,2,1
13836,3,0
13836,5,1
13836,6,1
13836,7,1
13836,49,1
13836,50,1
13836,52,1
13836,53,1
13836,54,1
13836,56,1
13836,57,1
13836,59,1
13836,60,1
13836,61,1
13836,63,1
13836,64,1
13836,65,1
13836,66,1
13836,67,1
13836,72,1
13836,73,1
13836,74,1
13836,82,1
13836,83,1
13836,84,1
13836,86,1
13836,87,1
13836,88,1
13836,90,1
13836,91,1
13836,92,1
13836,93,1
13836,147,1
13836,148,0
13836,149,0
13836,150,0
13836,194,0
13836,196,0
13836,197,0
13836,198,0
13836,200,0
13836,201,0
13836,202,0
13836,203,0
13837,1,1
13837,2,0
13837,3,1
13837,5,1
13837,6,1
13837,7,1
13837,72,1
13837,73,1
13837,74,1
13837,82,1
13837,83,1
13837,84,1
13837,90,1
13837,91,1
13837,92,1
13837,93,1
13837,147,1
13837,148,0
13837,149,0
13837,150,0
13837,194,0
13837,196,0
13837,197,0
13837,198,0
13837,200,0
13837,201,0
13837,202,0
13837,203,0
13841,1,1
13841,2,0
13841,3,1
13841,5,1
13841,6,1
13841,7,1
13841,56,1
13841,57,1
13841,59,1
13841,60,1
13841,61,1
13841,63,1
13841,64,1
13841,65,1
13841,66,1
13841,67,1
13841,72,1
13841,73,1
13841,74,1
13841,82,1
13841,83,1
13841,84,1
13841,86,1
13841,87,1
13841,88,1
13841,90,1
13841,91,1
13841,92,1
13841,93,0
13841,147,1
13841,148,0
13841,149,0
13841,150,0
13841,194,0
13841,196,0
13841,197,0
13841,198,0
13841,200,0
13841,201,0
13841,202,0
13841,203,0
13844,1,1
13844,2,0
13844,3,1
13844,5,1
13844,6,1
13844,7,1
13844,49,1
13844,50,1
13844,52,1
13844,53,1
13844,54,1
13844,56,1
13844,57,1
13844,59,1
13844,60,1
13844,61,1
13844,63,1
13844,64,1
13844,65,1
13844,66,1
13844,67,1
13844,72,1
13844,73,1
13844,74,1
13844,82,1
13844,83,1
13844,84,1
13844,86,1
13844,87,1
13844,88,1
13844,90,1
13844,91,1
13844,92,1
13844,93,0
13844,147,1
13844,148,0
13844,149,0
13844,150,0
13844,194,0
13844,196,0
13844,197,0
13844,198,0
13844,200,0
13844,201,0
13844,202,0
13844,203,0
13848,1,1
13848,2,0
13848,3,1
13848,5,1
13848,6,1
13848,7,1
13848,29,0
13848,30,0
13848,31,0
13848,32,0
13848,33,0
13848,34,0
13848,35,0
13848,36,0
13848,37,0
13848,39,1
13848,49,1
13848,50,1
13848,52,1
13848,53,1
13848,54,1
13848,56,1
13848,57,1
13848,59,1
13848,60,1
13848,61,1
13848,63,1
13848,64,1
13848,65,1
13848,66,1
13848,67,1
13848,72,1
13848,73,1
13848,74,1
13848,82,1
13848,83,1
13848,84,1
13848,86,1
13848,87,1
13848,88,1
13848,90,1
13848,91,1
13848,92,1
13848,93,1
13848,147,1
13848,148,0
13848,149,0
13848,150,0
13848,194,0
13848,196,0
13848,197,0
13848,198,0
13848,200,0
13848,201,0
13848,202,0
13848,203,1
13849,1,1
13849,2,1
13849,3,0
13849,5,1
13849,6,1
13849,7,1
13849,9,0
13849,10,0
13849,11,1
13849,12,0
13849,29,0
13849,30,0
13849,31,0
13849,32,0
13849,33,0
13849,34,0
13849,35,1
13849,36,1
13849,37,0
13849,39,0
13849,40,0
13849,41,0
13849,49,1
13849,50,1
13849,52,1
13849,53,1
13849,54,1
13849,56,1
13849,57,1
13849,59,1
13849,60,1
13849,61,1
13849,63,1
13849,64,1
13849,65,1
13849,66,1
13849,67,1
13849,72,1
13849,73,1
13849,74,1
13849,82,1
13849,83,1
13849,84,1
13849,86,1
13849,87,1
13849,88,1
13849,90,0
13849,91,0
13849,92,0
13849,93,0
13849,147,0
13849,148,1
13849,149,0
13849,150,0
13849,152,1
13849,153,1
13849,154,0
13849,155,1
13849,157,0
13849,159,0
13849,160,0
13849,164,0
13849,170,0
13849,171,0
13849,172,0
13849,173,0
13849,174,0
13849,175,0
13849,176,0
13849,177,0
13849,178,0
13849,181,0
13849,182,0
13849,183,0
13849,184,0
13849,194,0
13849,196,0
13849,197,0
13849,198,0
13849,200,0
13849,201,1
13849,202,0
13849,203,0
13854,1,1
13854,2,0
13854,3,1
13854,5,1
13854,6,1
13854,7,1
13854,56,1
13854,57,1
13854,59,1
13854,60,1
13854,61,1
13854,63,1
13854,64,1
13854,65,1
13854,66,1
13854,67,1
13854,72,1
13854,73,1
13854,74,1
13854,82,1
13854,83,1
13854,84,1
13854,86,1
13854,87,1
13854,88,1
13854,90,1
13854,91,1
13854,92,1
13854,93,1
13854,147,1
13854,148,0
13854,149,0
13854,150,0
13854,194,0
13854,196,0
13854,197,0
13854,198,0
13854,200,0
13854,201,0
13854,202,0
13854,203,0
13855,1,1
13855,2,0
13855,3,1
13855,5,1
13855,6,1
13855,7,1
13855,49,1
13855,50,1
13855,52,1
13855,53,1
13855,54,1
13855,56,1
13855,57,1
13855,59,1
13855,60,1
13855,61,1
13855,63,1
13855,64,1
13855,65,1
13855,66,1
13855,67,1
13855,72,1
13855,73,1
13855,74,1
13855,82,1
13855,83,1
13855,84,1
13855,86,1
13855,87,1
13855,88,1
13855,90,1
13855,91,1
13855,92,1
13855,93,1
13855,147,1
13855,148,0
13855,149,0
13855,150,0
13855,194,0
13855,196,0
13855,197,0
13855,198,0
13855,200,0
13855,201,1
13855,202,0
13855,203,0
13864,1,1
13864,2,0
13864,3,1
13864,5,1
13864,6,1
13864,7,1
13864,29,1
13864,30,1
13864,31,0
13864,32,0
13864,33,0
13864,34,0
13864,35,0
13864,36,0
13864,37,0
13864,39,0
13864,40,0
13864,41,0
13864,49,1
13864,50,1
13864,52,1
13864,53,1
13864,54,1
13864,56,1
13864,57,1
13864,59,1
13864,60,1
13864,61,1
13864,63,1
13864,64,1
13864,65,1
13864,66,1
13864,67,1
13864,72,0
13864,73,1
13864,74,1
13864,82,1
13864,83,1
13864,84,1
13864,86,1
13864,87,1
13864,88,1
13864,90,1
13864,91,1
13864,92,1
13864,93,1
13864,147,1
13864,148,0
13864,149,0
13864,150,0
13864,194,0
13864,196,0
13864,197,0
13864,198,0
13864,200,0
13864,201,1
13864,202,0
13864,203,0
13865,1,1
13865,2,0
13865,3,1
13865,5,1
13865,6,1
13865,7,1
13865,9,0
13865,10,1
13865,11,0
13865,12,0
13865,29,1
13865,30,1
13865,31,0
13865,32,0
13865,33,0
13865,34,0
13865,35,0
13865,36,0
13865,37,0
13865,39,0
13865,40,0
13865,41,0
13865,49,1
13865,50,1
13865,52,1
13865,53,1
13865,54,1
13865,56,1
13865,57,1
13865,59,1
13865,60,1
13865,61,1
13865,63,1
13865,64,1
13865,65,1
13865,66,1
13865,67,1
13865,72,1
13865,73,1
13865,74,1
13865,82,1
13865,83,1
13865,84,1
13865,86,1
13865,87,1
13865,88,1
13865,90,1
13865,91,1
13865,92,1
13865,93,1
13865,147,1
13865,148,0
13865,149,0
13865,150,0
13865,194,0
13865,196,1
13865,197,0
13865,198,0
13865,200,0
13865,201,1
13865,202,1
13865,203,0
13867,1,1
13867,2,1
13867,3,0
13867,5,1
13867,6,1
13867,7,1
13867,72,1
13867,73,1
13867,74,1
13867,82,1
13867,83,1
13867,84,1
13867,86,1
13867,87,1
13867,88,1
13867,90,1
13867,91,1
13867,92,1
13867,93,1
13867,147,1
13867,148,0
13867,149,0
13867,150,0
13867,194,0
13867,196,0
13867,197,0
13867,198,0
13867,200,0
13867,201,0
13867,202,0
13867,203,0
13870,1,1
13870,2,0
13870,3,1
13870,5,1
13870,6,1
13870,7,1
13870,49,1
13870,50,1
13870,52,1
13870,53,1
13870,54,1
13870,56,1
13870,57,1
13870,59,1
13870,60,1
13870,61,1
13870,63,1
13870,64,1
13870,65,1
13870,66,1
13870,67,1
13870,72,1
13870,73,1
13870,74,1
13870,82,1
13870,83,1
13870,84,1
13870,86,1
13870,87,1
13870,88,1
13870,90,1
13870,91,1
13870,92,1
13870,93,1
13870,147,1
13870,148,0
13870,149,0
13870,150,0
13870,194,1
13870,196,1
13870,197,0
13870,198,0
13870,200,0
13870,201,1
13870,202,0
13870,203,0
13871,1,1
13871,2,0
13871,3,1
13871,5,1
13871,6,1
13871,7,1
13871,9,1
13871,10,0
13871,11,0
13871,12,0
13871,29,0
13871,30,0
13871,31,0
13871,32,1
13871,33,0
13871,34,1
13871,35,0
13871,36,0
13871,37,0
13871,39,0
13871,40,0
13871,41,0
13871,49,1
13871,50,1
13871,52,1
13871,53,1
13871,54,1
13871,56,1
13871,57,1
13871,59,1
13871,60,1
13871,61,1
13871,63,1
13871,64,1
13871,65,1
13871,66,1
13871,67,1
13871,72,0
13871,73,1
13871,74,1
13871,82,1
13871,83,1
13871,84,1
13871,86,1
13871,87,1
13871,88,1
13871,90,1
13871,91,1
13871,92,1
13871,93,1
13871,147,1
13871,148,0
13871,149,0
13871,150,0
13871,194,0
13871,196,0
13871,197,0
13871,198,0
13871,200,0
13871,201,0
13871,202,0
13871,203,0
13874,1,1
13874,2,0
13874,3,1
13874,5,1
13874,6,1
13874,7,1
13874,49,1
13874,50,1
13874,52,1
13874,53,1
13874,54,1
13874,56,1
13874,57,1
13874,59,1
13874,60,1
13874,61,1
13874,63,1
13874,64,1
13874,65,1
13874,66,1
13874,67,1
13874,72,1
13874,73,1
13874,74,1
13874,82,1
13874,83,1
13874,84,0
13874,86,1
13874,87,1
13874,88,1
13874,90,1
13874,91,1
13874,92,1
13874,93,0
13874,147,1
13874,148,0
13874,149,0
13874,150,0
13874,194,0
13874,196,0
13874,197,0
13874,198,0
13874,200,0
13874,201,1
13874,202,0
13874,203,0
13875,1,1
13875,2,0
13875,3,1
13875,5,1
13875,6,1
13875,7,1
13875,29,1
13875,30,1
13875,31,0
13875,32,0
13875,33,0
13875,34,0
13875,35,0
13875,36,0
13875,37,0
13875,39,0
13875,40,0
13875,41,0
13875,72,1
13875,73,1
13875,74,1
13875,82,1
13875,83,1
13875,84,1
13875,86,1
13875,87,1
13875,88,1
13875,90,1
13875,91,1
13875,92,1
13875,93,1
13875,147,1
13875,148,0
13875,149,0
13875,150,0
13875,194,0
13875,196,0
13875,197,0
13875,198,0
13875,200,0
13875,201,1
13875,202,0
13875,203,0
13876,1,1
13876,2,0
13876,3,1
13876,5,1
13876,6,1
13876,7,1
13876,29,0
13876,30,0
13876,31,0
13876,32,0
13876,33,0
13876,34,0
13876,35,1
13876,39,0
13876,40,0
13876,41,0
13876,49,0
13876,50,1
13876,52,1
13876,53,1
13876,54,1
13876,56,1
13876,57,1
13876,59,1
13876,60,1
13876,61,1
13876,63,1
13876,64,1
13876,65,1
13876,66,1
13876,67,1
13876,72,1
13876,73,1
13876,74,1
13876,82,1
13876,83,1
13876,84,1
13876,86,1
13876,87,1
13876,88,1
13876,90,1
13876,91,1
13876,92,1
13876,93,1
13876,147,1
13876,148,0
13876,149,0
13876,150,0
13876,194,0
13876,196,1
13876,197,0
13876,198,0
13876,200,0
13876,201,1
13876,202,1
13876,203,0
13878,1,1
13878,2,1
13878,3,0
13878,5,1
13878,6,1
13878,7,1
13878,72,1
13878,73,1
13878,74,1
13878,147,1
13878,148,0
13878,149,0
13878,150,0
13878,194,0
13878,196,0
13878,197,0
13878,198,0
13878,200,0
13878,201,0
13878,202,0
13878,203,0
13879,1,1
13879,2,0
13879,3,1
13879,5,1
13879,6,1
13879,7,1
13879,9,0
13879,10,1
13879,11,0
13879,12,0
13879,72,1
13879,73,1
13879,74,1
13879,82,1
13879,83,1
13879,84,1
13879,86,1
13879,87,1
13879,88,1
13879,90,1
13879,91,1
13879,92,1
13879,93,1
13879,147,1
13879,148,0
13879,149,0
13879,150,0
13879,194,0
13879,196,0
13879,197,0
13879,198,0
13879,200,0
13879,201,1
13879,202,0
13879,203,0
13883,1,1
13883,2,0
13883,3,1
13883,5,1
13883,6,1
13883,7,1
13883,49,1
13883,50,1
13883,52,1
13883,53,1
13883,54,1
13883,56,1
13883,57,1
13883,59,1
13883,60,1
13883,61,1
13883,63,1
13883,64,1
13883,65,1
13883,66,1
13883,67,1
13883,72,1
13883,73,1
13883,74,1
13883,82,1
13883,83,1
13883,84,1
13883,86,1
13883,87,1
13883,88,1
13883,90,1
13883,91,1
13883,92,1
13883,93,1
13883,147,1
13883,148,0
13883,149,0
13883,150,0
13883,194,0
13883,196,0
13883,197,0
13883,198,0
13883,200,0
13883,201,0
13883,202,0
13883,203,0
13886,1,1
13886,2,0
13886,3,1
13886,5,1
13886,6,1
13886,7,1
13886,56,1
13886,57,1
13886,59,1
13886,60,1
13886,61,1
13886,63,1
13886,64,1
13886,65,1
13886,66,1
13886,67,1
13886,72,0
13886,73,1
13886,74,1
13886,82,1
13886,83,1
13886,84,1
13886,86,1
13886,87,1
13886,88,1
13886,90,1
13886,91,1
13886,92,1
13886,93,1
13886,147,1
13886,148,0
13886,149,0
13886,150,0
13886,194,0
13886,196,0
13886,197,0
13886,198,0
13886,200,0
13886,201,1
13886,202,0
13886,203,0
13887,1,1
13887,2,0
13887,3,1
13887,5,1
13887,6,1
13887,7,1
13887,49,1
13887,50,1
13887,52,1
13887,53,1
13887,54,1
13887,56,1
13887,57,1
13887,59,1
13887,60,1
13887,61,1
13887,63,1
13887,64,1
13887,65,1
13887,66,1
13887,67,1
13887,72,1
13887,73,1
13887,74,1
13887,82,1
13887,83,1
13887,84,1
13887,86,1
13887,87,1
13887,88,1
13887,90,1
13887,91,1
13887,92,1
13887,93,1
13887,147,1
13887,148,0
13887,149,0
13887,150,0
13887,194,0
13887,196,0
13887,197,0
13887,198,0
13887,200,0
13887,201,1
13887,202,0
13887,203,0
13891,1,1
13891,5,1
13891,6,1
13891,7,1
13891,29,1
13891,32,0
13891,33,0
13891,34,0
13891,35,0
13891,36,0
13891,37,0
13891,39,0
13891,40,0
13891,41,0
13891,147,1
13891,148,0
13891,149,0
13891,150,0
13891,194,0
13891,196,0
13891,197,0
13891,198,0
13891,200,0
13891,201,0
13891,202,0
13891,203,0
14108,1,1
14108,2,0
14108,3,1
14108,5,1
14108,6,1
14108,7,1
14108,49,1
14108,50,1
14108,52,1
14108,53,1
14108,54,1
14108,56,1
14108,57,1
14108,59,1
14108,60,1
14108,61,1
14108,63,1
14108,64,1
14108,65,1
14108,66,1
14108,67,1
14108,72,1
14108,73,1
14108,74,1
14108,82,1
14108,83,1
14108,84,1
14108,86,1
14108,87,1
14108,88,1
14108,90,1
14108,91,1
14108,92,1
14108,93,1
14108,147,1
14108,148,0
14108,149,0
14108,150,0
14108,194,0
14108,196,0
14108,197,0
14108,198,0
14108,200,0
14108,201,0
14108,202,0
14108,203,0
14121,1,1
14121,2,0
14121,3,1
14121,5,1
14121,6,1
14121,7,1
14121,49,1
14121,50,1
14121,52,1
14121,53,1
14121,54,1
14121,56,1
14121,57,1
14121,59,1
14121,60,1
14121,61,1
14121,63,1
14121,64,1
14121,65,1
14121,66,1
14121,67,1
14121,72,1
14121,73,1
14121,74,1
14121,82,1
14121,83,1
14121,84,1
14121,86,1
14121,87,1
14121,88,1
14121,90,1
14121,91,1
14121,92,1
14121,93,0
14121,147,1
14121,148,0
14121,149,0
14121,150,0
14121,194,0
14121,196,0
14121,197,0
14121,198,0
14121,200,0
14121,201,1
14121,202,0
14121,203,0
14124,1,1
14124,2,1
14124,3,0
14124,5,1
14124,6,1
14124,7,1
14124,9,0
14124,10,0
14124,11,0
14124,12,0
14124,29,1
14124,32,0
14124,33,0
14124,34,0
14124,35,0
14124,36,0
14124,37,0
14124,39,0
14124,40,0
14124,41,0
14124,49,0
14124,50,0
14124,52,1
14124,53,1
14124,54,1
14124,56,0
14124,57,1
14124,59,1
14124,60,1
14124,61,1
14124,63,0
14124,64,1
14124,65,1
14124,66,1
14124,67,1
14124,72,0
14124,73,1
14124,74,1
14124,82,1
14124,83,1
14124,84,1
14124,86,1
14124,87,1
14124,88,1
14124,90,1
14124,91,1
14124,92,1
14124,93,1
14124,147,0
14124,148,0
14124,149,0
14124,150,1
14124,152,1
14124,153,1
14124,154,0
14124,155,1
14124,157,0
14124,159,0
14124,160,0
14124,164,0
14124,170,0
14124,171,0
14124,172,0
14124,173,0
14124,174,0
14124,175,0
14124,176,0
14124,177,0
14124,178,0
14124,181,0
14124,182,0
14124,183,0
14124,184,0
14124,194,0
14124,196,0
14124,197,0
14124,198,0
14124,200,0
14124,201,1
14124,202,0
14124,203,0
14126,1,1
14126,2,0
14126,3,1
14126,5,1
14126,6,1
14126,7,1
14126,29,1
14126,32,0
14126,33,0
14126,34,0
14126,35,0
14126,36,0
14126,37,0
14126,39,0
14126,40,0
14126,41,0
14126,49,1
14126,50,1
14126,52,1
14126,53,1
14126,54,1
14126,56,1
14126,57,1
14126,59,1
14126,60,1
14126,61,1
14126,63,1
14126,64,1
14126,65,1
14126,66,1
14126,67,1
14126,72,1
14126,73,1
14126,74,1
14126,82,1
14126,83,1
14126,84,1
14126,86,1
14126,87,1
14126,88,1
14126,90,0
14126,91,0
14126,92,0
14126,93,0
14126,147,1
14126,148,0
14126,149,0
14126,150,0
14126,194,0
14126,196,1
14126,197,0
14126,198,1
14126,200,0
14126,201,1
14126,202,0
14126,203,0
14145,1,1
14145,2,1
14145,3,0
14145,5,1
14145,6,1
14145,7,1
14145,72,1
14145,73,1
14145,74,1
14145,82,1
14145,83,1
14145,84,1
14145,86,1
14145,87,1
14145,88,1
14145,90,1
14145,91,1
14145,92,1
14145,93,1
14145,147,1
14145,148,0
14145,149,0
14145,150,0
14145,194,0
14145,196,0
14145,197,0
14145,198,0
14145,200,0
14145,201,1
14145,202,0
14145,203,0
14151,1,1
14151,2,0
14151,3,1
14151,5,1
14151,6,1
14151,7,1
14151,147,1
14151,148,0
14151,149,0
14151,150,0
14151,194,0
14151,196,0
14151,197,0
14151,198,0
14151,200,0
14151,201,0
14151,202,0
14151,203,0
14152,1,1
14152,2,0
14152,3,1
14152,5,1
14152,6,1
14152,7,1
14152,56,1
14152,57,1
14152,59,1
14152,60,1
14152,61,1
14152,63,1
14152,64,1
14152,65,1
14152,66,1
14152,67,1
14152,72,1
14152,73,1
14152,74,1
14152,82,1
14152,83,1
14152,84,1
14152,86,1
14152,87,1
14152,88,1
14152,90,1
14152,91,1
14152,92,1
14152,93,1
14152,147,1
14152,148,0
14152,149,0
14152,150,0
14152,194,0
14152,196,0
14152,197,0
14152,198,0
14152,200,0
14152,201,0
14152,202,0
14152,203,0
14156,1,1
14156,2,0
14156,3,1
14156,5,1
14156,6,1
14156,7,1
14156,49,1
14156,50,1
14156,52,1
14156,53,1
14156,54,1
14156,56,1
14156,57,1
14156,59,1
14156,60,1
14156,61,1
14156,63,1
14156,64,1
14156,65,1
14156,66,1
14156,67,1
14156,72,1
14156,73,1
14156,74,1
14156,82,1
14156,83,1
14156,84,1
14156,86,1
14156,87,1
14156,88,1
14156,90,1
14156,91,1
14156,92,1
14156,93,1
14156,147,1
14156,148,0
14156,149,0
14156,150,0
14156,194,1
14156,196,0
14156,197,0
14156,198,0
14156,200,0
14156,201,1
14156,202,0
14156,203,0
14157,1,1
14157,2,0
14157,3,1
14157,5,1
14157,6,1
14157,7,1
14157,9,0
14157,10,1
14157,11,0
14157,12,0
14157,49,1
14157,50,1
14157,52,1
14157,53,1
14157,54,1
14157,56,1
14157,57,1
14157,59,1
14157,60,1
14157,61,1
14157,63,1
14157,64,1
14157,65,1
14157,66,1
14157,67,1
14157,72,1
14157,73,1
14157,74,1
14157,82,1
14157,83,1
14157,84,1
14157,86,1
14157,87,1
14157,88,1
14157,90,1
14157,91,1
14157,92,1
14157,93,1
14157,147,0
14157,148,0
14157,149,0
14157,150,1
14157,152,1
14157,153,1
14157,154,1
14157,155,1
14157,157,1
14157,159,1
14157,160,0
14157,164,0
14157,170,1
14157,171,0
14157,172,0
14157,173,0
14157,174,0
14157,175,0
14157,176,0
14157,177,0
14157,178,0
14157,181,0
14157,182,0
14157,183,0
14157,184,0
14157,194,0
14157,196,1
14157,197,0
14157,198,0
14157,200,0
14157,201,1
14157,202,0
14157,203,0
14158,1,1
14158,2,0
14158,3,1
14158,5,1
14158,6,1
14158,7,1
14158,29,1
14158,30,0
14158,31,1
14158,32,0
14158,33,0
14158,34,0
14158,35,0
14158,36,0
14158,37,0
14158,39,0
14158,40,0
14158,41,0
14158,49,1
14158,50,1
14158,52,1
14158,53,1
14158,54,1
14158,56,1
14158,57,1
14158,59,1
14158,60,1
14158,61,1
14158,63,1
14158,64,1
14158,65,1
14158,66,1
14158,67,1
14158,72,1
14158,73,1
14158,74,1
14158,82,1
14158,83,1
14158,84,1
14158,86,1
14158,87,1
14158,88,1
14158,90,1
14158,91,1
14158,92,1
14158,93,1
14158,147,1
14158,148,0
14158,149,0
14158,150,0
14158,194,0
14158,196,0
14158,197,0
14158,198,0
14158,200,0
14158,201,1
14158,202,0
14158,203,0
14163,1,1
14163,2,0
14163,3,1
14163,5,1
14163,6,1
14163,7,1
14163,49,1
14163,50,1
14163,52,1
14163,53,1
14163,54,1
14163,56,1
14163,57,1
14163,59,1
14163,60,1
14163,61,1
14163,63,1
14163,64,1
14163,65,1
14163,66,1
14163,67,1
14163,72,1
14163,73,1
14163,74,1
14163,82,1
14163,83,1
14163,84,1
14163,86,1
14163,87,1
14163,88,1
14163,90,1
14163,91,1
14163,92,1
14163,93,1
14163,147,1
14163,148,0
14163,149,0
14163,150,0
14163,194,0
14163,196,0
14163,197,0
14163,198,0
14163,200,0
14163,201,1
14163,202,0
14163,203,0
14165,1,1
14165,2,0
14165,3,1
14165,5,1
14165,6,1
14165,7,1
14165,9,0
14165,10,0
14165,11,0
14165,12,1
14165,49,1
14165,50,1
14165,52,1
14165,53,1
14165,54,1
14165,56,1
14165,57,1
14165,59,1
14165,60,1
14165,61,1
14165,63,1
14165,64,1
14165,65,1
14165,66,1
14165,67,1
14165,72,1
14165,73,1
14165,74,1
14165,82,1
14165,83,1
14165,84,1
14165,86,1
14165,87,1
14165,88,1
14165,90,1
14165,91,1
14165,92,1
14165,93,0
14165,147,0
14165,148,1
14165,149,0
14165,150,0
14165,152,0
14165,153,0
14165,154,0
14165,155,0
14165,157,1
14165,159,1
14165,160,0
14165,164,0
14165,170,0
14165,171,0
14165,172,0
14165,173,0
14165,174,0
14165,175,0
14165,176,0
14165,177,0
14165,178,0
14165,181,0
14165,182,0
14165,183,0
14165,184,0
14165,194,0
14165,196,0
14165,197,0
14165,198,0
14165,200,0
14165,201,1
14165,202,0
14165,203,0
14170,1,1
14170,2,0
14170,3,1
14170,5,1
14170,6,1
14170,7,1
14170,49,1
14170,50,1
14170,52,1
14170,53,1
14170,54,1
14170,56,1
14170,57,1
14170,59,1
14170,60,1
14170,61,1
14170,63,0
14170,64,1
14170,65,1
14170,66,1
14170,67,1
14170,72,1
14170,73,1
14170,74,1
14170,82,1
14170,83,1
14170,84,1
14170,86,1
14170,87,1
14170,88,1
14170,90,1
14170,91,1
14170,92,1
14170,93,1
14170,147,1
14170,148,0
14170,149,0
14170,150,0
14170,194,0
14170,196,0
14170,197,0
14170,198,0
14170,200,0
14170,201,1
14170,202,0
14170,203,0
14174,1,1
14174,2,0
14174,3,1
14174,5,1
14174,6,1
14174,7,1
14174,29,0
14174,30,0
14174,31,0
14174,32,0
14174,33,0
14174,34,0
14174,35,0
14174,36,0
14174,37,0
14174,39,1
14174,49,1
14174,50,1
14174,52,1
14174,53,1
14174,54,1
14174,56,1
14174,57,1
14174,59,1
14174,60,1
14174,61,1
14174,63,1
14174,64,1
14174,65,1
14174,66,1
14174,67,1
14174,72,1
14174,73,1
14174,74,1
14174,82,1
14174,83,1
14174,84,1
14174,86,1
14174,87,1
14174,88,1
14174,90,1
14174,91,1
14174,92,1
14174,93,0
14174,147,0
14174,148,1
14174,149,0
14174,150,0
14174,152,1
14174,153,0
14174,154,0
14174,155,0
14174,157,0
14174,159,0
14174,160,0
14174,164,0
14174,170,0
14174,171,0
14174,172,0
14174,173,0
14174,174,0
14174,175,0
14174,176,0
14174,177,0
14174,178,0
14174,181,0
14174,182,0
14174,183,0
14174,184,0
14174,194,0
14174,196,0
14174,197,0
14174,198,0
14174,200,0
14174,201,1
14174,202,0
14174,203,0
14178,1,1
14178,2,0
14178,3,1
14178,5,1
14178,6,1
14178,7,1
14178,56,1
14178,57,1
14178,59,1
14178,60,1
14178,61,1
14178,63,1
14178,64,1
14178,65,1
14178,66,1
14178,67,1
14178,72,1
14178,73,1
14178,74,1
14178,82,1
14178,83,1
14178,84,1
14178,86,1
14178,87,1
14178,88,1
14178,90,1
14178,91,1
14178,92,1
14178,93,1
14178,147,1
14178,148,0
14178,149,0
14178,150,0
14178,194,0
14178,196,0
14178,197,0
14178,198,0
14178,200,0
14178,201,0
14178,202,0
14178,203,0
14179,1,1
14179,2,0
14179,3,1
14179,5,1
14179,6,1
14179,7,1
14179,56,1
14179,57,1
14179,59,1
14179,60,1
14179,61,1
14179,63,1
14179,64,1
14179,65,1
14179,66,1
14179,67,1
14179,72,1
14179,73,1
14179,74,1
14179,82,1
14179,83,1
14179,84,1
14179,86,1
14179,87,1
14179,88,1
14179,90,1
14179,91,1
14179,92,1
14179,93,0
14179,147,1
14179,148,0
14179,149,0
14179,150,0
14179,194,0
14179,196,0
14179,197,0
14179,198,0
14179,200,0
14179,201,1
14179,202,0
14179,203,0
14180,1,1
14180,2,1
14180,3,0
14180,5,1
14180,6,1
14180,7,1
14180,9,1
14180,10,0
14180,11,0
14180,12,0
14180,49,1
14180,50,1
14180,52,1
14180,53,1
14180,54,1
14180,56,1
14180,57,1
14180,59,1
14180,60,1
14180,61,1
14180,63,1
14180,64,1
14180,65,1
14180,66,1
14180,67,1
14180,72,1
14180,73,1
14180,74,1
14180,82,1
14180,83,1
14180,84,1
14180,86,1
14180,87,1
14180,88,1
14180,90,1
14180,91,1
14180,92,1
14180,93,1
14180,147,1
14180,148,0
14180,149,0
14180,150,0
14180,194,0
14180,196,0
14180,197,0
14180,198,0
14180,200,0
14180,201,1
14180,202,0
14180,203,0
14182,1,1
14182,2,0
14182,3,1
14182,5,1
14182,6,1
14182,7,1
14182,72,1
14182,73,1
14182,74,1
14182,82,1
14182,83,1
14182,84,1
14182,86,1
14182,87,1
14182,88,1
14182,90,1
14182,91,1
14182,92,1
14182,93,1
14182,147,1
14182,148,0
14182,149,0
14182,150,0
14182,194,0
14182,196,0
14182,197,0
14182,198,0
14182,200,0
14182,201,0
14182,202,0
14182,203,0
14193,1,1
14193,2,0
14193,3,1
14193,5,1
14193,6,1
14193,7,1
14193,29,1
14193,30,1
14193,31,0
14193,32,0
14193,33,0
14193,34,0
14193,35,0
14193,36,0
14193,37,0
14193,39,0
14193,40,0
14193,41,0
14193,49,1
14193,50,1
14193,52,1
14193,53,1
14193,54,1
14193,56,1
14193,57,1
14193,59,1
14193,60,1
14193,61,1
14193,63,1
14193,64,1
14193,65,1
14193,66,1
14193,67,1
14193,72,1
14193,73,1
14193,74,1
14193,82,1
14193,83,1
14193,84,1
14193,86,1
14193,87,1
14193,88,1
14193,90,1
14193,91,1
14193,92,1
14193,93,1
14193,147,1
14193,148,0
14193,149,0
14193,150,0
14193,194,0
14193,196,0
14193,197,0
14193,198,0
14193,200,0
14193,201,0
14193,202,0
14193,203,0
14199,1,1
14199,2,0
14199,3,1
14199,5,1
14199,6,1
14199,7,1
14199,49,1
14199,50,1
14199,52,1
14199,53,1
14199,54,1
14199,56,1
14199,57,1
14199,59,1
14199,60,1
14199,61,1
14199,63,1
14199,64,1
14199,65,1
14199,66,1
14199,67,1
14199,72,0
14199,73,1
14199,74,1
14199,82,1
14199,83,1
14199,84,1
14199,86,1
14199,87,1
14199,88,1
14199,90,1
14199,91,1
14199,92,1
14199,93,1
14199,147,1
14199,148,0
14199,149,0
14199,150,0
14199,194,0
14199,196,0
14199,197,0
14199,198,0
14199,200,0
14199,201,0
14199,202,0
14199,203,0
14204,1,1
14204,2,0
14204,3,1
14204,5,1
14204,6,1
14204,7,1
14204,49,1
14204,50,1
14204,52,1
14204,53,1
14204,54,1
14204,56,1
14204,57,1
14204,59,1
14204,60,1
14204,61,1
14204,63,1
14204,64,1
14204,65,1
14204,66,1
14204,67,1
14204,72,1
14204,73,1
14204,74,1
14204,82,1
14204,83,1
14204,84,1
14204,86,1
14204,87,1
14204,88,1
14204,90,1
14204,91,1
14204,92,1
14204,93,1
14204,147,1
14204,148,0
14204,149,0
14204,150,0
14204,194,0
14204,196,0
14204,197,0
14204,198,0
14204,200,0
14204,201,1
14204,202,0
14204,203,0
14208,1,1
14208,2,1
14208,3,0
14208,5,1
14208,6,1
14208,7,1
14208,29,1
14208,30,0
14208,31,1
14208,32,0
14208,33,0
14208,34,0
14208,35,0
14208,36,0
14208,37,0
14208,39,0
14208,40,0
14208,41,0
14208,49,1
14208,50,1
14208,52,1
14208,53,1
14208,54,1
14208,56,1
14208,57,1
14208,59,1
14208,60,1
14208,61,1
14208,63,1
14208,64,1
14208,65,1
14208,66,1
14208,67,1
14208,72,1
14208,73,1
14208,74,1
14208,82,1
14208,83,1
14208,84,1
14208,86,1
14208,87,1
14208,88,1
14208,90,1
14208,91,1
14208,92,1
14208,93,0
14208,147,1
14208,148,0
14208,149,0
14208,150,0
14208,194,0
14208,196,0
14208,197,0
14208,198,0
14208,200,0
14208,201,1
14208,202,0
14208,203,0
14210,1,1
14210,2,0
14210,3,1
14210,5,1
14210,6,1
14210,7,1
14210,49,1
14210,50,1
14210,52,1
14210,53,1
14210,54,1
14210,56,1
14210,57,1
14210,59,1
14210,60,1
14210,61,1
14210,63,1
14210,64,1
14210,65,1
14210,66,1
14210,67,1
14210,72,1
14210,73,1
14210,74,1
14210,82,1
14210,83,1
14210,84,1
14210,86,1
14210,87,1
14210,88,1
14210,90,1
14210,91,1
14210,92,1
14210,93,1
14210,147,1
14210,148,0
14210,149,0
14210,150,0
14210,194,0
14210,196,0
14210,197,0
14210,198,0
14210,200,0
14210,201,0
14210,202,0
14210,203,0
14211,1,1
14211,2,1
14211,3,0
14211,5,1
14211,6,1
14211,7,1
14211,49,1
14211,50,1
14211,52,1
14211,53,1
14211,54,1
14211,56,1
14211,57,1
14211,59,1
14211,60,1
14211,61,1
14211,63,1
14211,64,1
14211,65,1
14211,66,1
14211,67,1
14211,72,0
14211,73,1
14211,74,1
14211,82,1
14211,83,1
14211,84,1
14211,86,1
14211,87,1
14211,88,1
14211,90,1
14211,91,1
14211,92,1
14211,93,1
14211,147,1
14211,148,0
14211,149,0
14211,150,0
14211,194,0
14211,196,0
14211,197,0
14211,198,0
14211,200,0
14211,201,1
14211,202,0
14211,203,0
14213,1,1
14213,2,0
14213,3,1
14213,5,1
14213,6,1
14213,7,1
14213,56,1
14213,57,1
14213,59,1
14213,60,1
14213,61,1
14213,63,1
14213,64,1
14213,65,1
14213,66,1
14213,67,1
14213,72,1
14213,73,1
14213,74,1
14213,82,1
14213,83,1
14213,84,1
14213,86,1
14213,87,1
14213,88,1
14213,90,1
14213,91,1
14213,92,1
14213,93,1
14213,147,1
14213,148,0
14213,149,0
14213,150,0
14213,194,0
14213,196,0
14213,197,0
14213,198,0
14213,200,0
14213,201,0
14213,202,0
14213,203,0
14255,1,1
14255,2,0
14255,3,1
14255,5,1
14255,6,1
14255,7,1
14255,9,0
14255,10,1
14255,11,0
14255,12,0
14255,29,1
14255,30,0
14255,31,0
14255,32,0
14255,33,0
14255,34,0
14255,35,0
14255,36,0
14255,37,0
14255,39,1
14255,40,0
14255,41,0
14255,49,1
14255,50,1
14255,52,1
14255,53,1
14255,54,1
14255,56,1
14255,57,1
14255,59,1
14255,60,1
14255,61,1
14255,63,1
14255,64,1
14255,65,1
14255,66,1
14255,67,1
14255,72,0
14255,73,1
14255,74,1
14255,82,1
14255,83,1
14255,84,1
14255,86,1
14255,87,1
14255,88,1
14255,90,1
14255,91,1
14255,92,1
14255,93,1
14255,147,0
14255,148,1
14255,149,0
14255,150,0
14255,152,0
14255,153,0
14255,154,0
14255,155,0
14255,157,0
14255,159,0
14255,160,0
14255,164,0
14255,170,1
14255,171,1
14255,172,0
14255,173,0
14255,174,0
14255,175,1
14255,176,0
14255,177,0
14255,178,0
14255,181,0
14255,182,0
14255,183,0
14255,184,0
14255,194,0
14255,196,0
14255,197,0
14255,198,0
14255,200,0
14255,201,1
14255,202,1
14255,203,0
14390,1,1
14390,2,0
14390,3,1
14390,5,1
14390,6,1
14390,7,1
14390,29,1
14390,32,0
14390,33,0
14390,34,0
14390,35,0
14390,36,0
14390,37,0
14390,39,0
14390,40,0
14390,41,0
14390,49,1
14390,50,1
14390,52,1
14390,53,1
14390,54,1
14390,56,1
14390,57,1
14390,59,1
14390,60,1
14390,61,1
14390,63,1
14390,64,1
14390,65,1
14390,66,1
14390,67,1
14390,72,1
14390,73,1
14390,74,1
14390,82,1
14390,83,1
14390,84,1
14390,86,1
14390,87,1
14390,88,1
14390,90,1
14390,91,1
14390,92,1
14390,93,1
14390,147,1
14390,148,0
14390,149,0
14390,150,0
14390,194,0
14390,196,0
14390,197,0
14390,198,0
14390,200,0
14390,201,1
14390,202,0
14390,203,0
14397,1,1
14397,2,0
14397,3,1
14397,5,1
14397,6,1
14397,7,1
14397,29,0
14397,30,0
14397,31,0
14397,32,0
14397,33,0
14397,34,0
14397,35,1
14397,36,1
14397,37,0
14397,39,0
14397,40,0
14397,41,0
14397,49,1
14397,50,1
14397,52,1
14397,53,1
14397,54,1
14397,56,1
14397,57,1
14397,59,1
14397,60,1
14397,61,1
14397,63,1
14397,64,1
14397,65,1
14397,66,1
14397,67,1
14397,72,0
14397,73,1
14397,74,1
14397,82,0
14397,83,0
14397,84,0
14397,86,1
14397,87,0
14397,88,0
14397,90,1
14397,91,0
14397,92,0
14397,93,0
14397,147,1
14397,148,0
14397,149,0
14397,150,0
14397,194,0
14397,196,0
14397,197,0
14397,198,0
14397,200,0
14397,201,0
14397,202,0
14397,203,0
14400,1,1
14400,2,0
14400,3,1
14400,5,1
14400,6,1
14400,7,1
14400,9,1
14400,10,0
14400,11,0
14400,12,0
14400,29,0
14400,30,0
14400,31,0
14400,32,0
14400,33,0
14400,34,0
14400,35,1
14400,39,0
14400,40,0
14400,41,0
14400,49,1
14400,50,1
14400,52,1
14400,53,1
14400,54,1
14400,56,1
14400,57,1
14400,59,1
14400,60,1
14400,61,1
14400,63,1
14400,64,1
14400,65,1
14400,66,1
14400,67,1
14400,72,1
14400,73,1
14400,74,1
14400,82,1
14400,83,1
14400,84,1
14400,86,1
14400,87,1
14400,88,1
14400,90,1
14400,91,1
14400,92,1
14400,93,1
14400,147,1
14400,148,0
14400,149,0
14400,150,0
14400,194,0
14400,196,0
14400,197,0
14400,198,0
14400,200,0
14400,201,1
14400,202,0
14400,203,0
14401,1,1
14401,2,1
14401,3,0
14401,5,1
14401,6,1
14401,7,1
14401,49,1
14401,50,1
14401,52,1
14401,53,1
14401,54,1
14401,56,1
14401,57,1
14401,59,1
14401,60,1
14401,61,1
14401,63,1
14401,64,1
14401,65,1
14401,66,1
14401,67,1
14401,72,1
14401,73,1
14401,74,1
14401,82,1
14401,83,1
14401,84,1
14401,86,1
14401,87,1
14401,88,1
14401,90,1
14401,91,1
14401,92,1
14401,93,0
14401,147,0
14401,148,0
14401,149,1
14401,150,0
14401,152,1
14401,153,0
14401,154,0
14401,155,0
14401,157,0
14401,159,0
14401,160,0
14401,164,0
14401,170,1
14401,171,0
14401,172,0
14401,173,0
14401,174,0
14401,175,0
14401,176,0
14401,177,0
14401,178,0
14401,181,0
14401,182,0
14401,183,0
14401,184,0
14401,194,0
14401,196,0
14401,197,0
14401,198,0
14401,200,0
14401,201,1
14401,202,0
14401,203,0
14402,1,1
14402,2,1
14402,3,0
14402,5,1
14402,6,1
14402,7,1
14402,49,1
14402,50,1
14402,52,1
14402,53,1
14402,54,1
14402,56,1
14402,57,1
14402,59,1
14402,60,1
14402,61,1
14402,63,1
14402,64,1
14402,65,1
14402,66,1
14402,67,1
14402,72,1
14402,73,1
14402,74,1
14402,82,1
14402,83,1
14402,84,1
14402,86,1
14402,87,1
14402,88,1
14402,90,1
14402,91,1
14402,92,1
14402,93,1
14402,147,1
14402,148,0
14402,149,0
14402,150,0
14402,194,0
14402,196,0
14402,197,0
14402,198,0
14402,200,0
14402,201,1
14402,202,0
14402,203,0
14407,1,1
14407,2,0
14407,3,1
14407,5,1
14407,6,1
14407,7,1
14407,72,1
14407,73,1
14407,74,1
14407,82,1
14407,83,1
14407,84,1
14407,86,1
14407,87,1
14407,88,1
14407,90,1
14407,91,1
14407,92,1
14407,93,1
14407,147,1
14407,148,0
14407,149,0
14407,150,0
14407,194,0
14407,196,0
14407,197,0
14407,198,0
14407,200,0
14407,201,1
14407,202,0
14407,203,0
14409,1,1
14409,2,0
14409,3,1
14409,5,1
14409,6,1
14409,7,1
14409,9,1
14409,10,0
14409,11,0
14409,12,0
14409,29,0
14409,30,0
14409,31,0
14409,32,0
14409,33,0
14409,34,0
14409,35,1
14409,36,1
14409,37,0
14409,39,0
14409,40,0
14409,41,0
14409,49,1
14409,50,1
14409,52,1
14409,53,1
14409,54,1
14409,56,1
14409,57,1
14409,59,1
14409,60,1
14409,61,1
14409,63,1
14409,64,1
14409,65,1
14409,66,1
14409,67,1
14409,72,1
14409,73,1
14409,74,1
14409,82,1
14409,83,1
14409,84,1
14409,86,1
14409,87,1
14409,88,1
14409,90,1
14409,91,1
14409,92,1
14409,93,1
14409,147,0
14409,148,1
14409,149,0
14409,150,0
14409,152,1
14409,153,1
14409,154,1
14409,155,0
14409,157,0
14409,159,0
14409,160,0
14409,164,0
14409,170,0
14409,171,0
14409,172,0
14409,173,0
14409,174,0
14409,175,0
14409,176,0
14409,177,0
14409,178,0
14409,181,0
14409,182,0
14409,183,0
14409,184,0
14409,194,0
14409,196,0
14409,197,0
14409,198,0
14409,200,0
14409,201,0
14409,202,0
14409,203,0
14413,1,1
14413,2,0
14413,3,1
14413,5,1
14413,6,1
14413,7,1
14413,9,1
14413,10,0
14413,11,0
14413,12,0
14413,29,1
14413,32,0
14413,33,0
14413,34,0
14413,35,0
14413,36,0
14413,37,0
14413,39,0
14413,40,0
14413,41,0
14413,49,1
14413,50,1
14413,52,1
14413,53,1
14413,54,1
14413,56,1
14413,57,1
14413,59,1
14413,60,1
14413,61,1
14413,63,1
14413,64,1
14413,65,1
14413,66,1
14413,67,1
14413,72,1
14413,73,1
14413,74,1
14413,82,1
14413,83,1
14413,84,1
14413,86,1
14413,87,1
14413,88,1
14413,90,1
14413,91,1
14413,92,1
14413,93,1
14413,147,1
14413,148,0
14413,149,0
14413,150,0
14413,194,0
14413,196,0
14413,197,0
14413,198,0
14413,200,0
14413,201,1
14413,202,0
14413,203,0
14420,1,1
14420,2,0
14420,3,1
14420,5,1
14420,6,1
14420,7,1
14420,49,1
14420,50,1
14420,52,1
14420,53,1
14420,54,1
14420,56,1
14420,57,1
14420,59,1
14420,60,1
14420,61,1
14420,63,1
14420,64,1
14420,65,1
14420,66,1
14420,67,1
14420,72,1
14420,73,1
14420,74,1
14420,82,1
14420,83,1
14420,84,1
14420,86,1
14420,87,1
14420,88,1
14420,90,1
14420,91,1
14420,92,1
14420,93,1
14420,147,1
14420,148,0
14420,149,0
14420,150,0
14420,194,1
14420,196,0
14420,197,0
14420,198,0
14420,200,0
14420,201,1
14420,202,0
14420,203,0
14426,1,1
14426,2,0
14426,3,1
14426,5,1
14426,6,1
14426,7,1
14426,9,0
14426,10,1
14426,11,0
14426,12,0
14426,29,1
14426,30,1
14426,31,0
14426,32,0
14426,33,0
14426,34,0
14426,35,0
14426,36,0
14426,37,0
14426,39,0
14426,40,0
14426,41,0
14426,49,1
14426,50,1
14426,52,1
14426,53,1
14426,54,1
14426,56,1
14426,57,1
14426,59,1
14426,60,1
14426,61,1
14426,63,1
14426,64,1
14426,65,1
14426,66,1
14426,67,1
14426,72,1
14426,73,1
14426,74,1
14426,82,1
14426,83,1
14426,84,1
14426,86,1
14426,87,1
14426,88,1
14426,90,1
14426,91,1
14426,92,1
14426,93,1
14426,147,0
14426,148,1
14426,149,0
14426,150,0
14426,152,1
14426,153,1
14426,154,0
14426,155,1
14426,157,0
14426,159,0
14426,160,0
14426,164,0
14426,170,0
14426,171,0
14426,172,0
14426,173,0
14426,174,0
14426,175,0
14426,176,0
14426,177,0
14426,178,0
14426,181,0
14426,182,0
14426,183,0
14426,184,0
14426,194,0
14426,196,0
14426,197,0
14426,198,0
14426,200,0
14426,201,1
14426,202,1
14426,203,0
14433,1,1
14433,2,0
14433,3,1
14433,5,1
14433,6,1
14433,7,1
14433,56,1
14433,57,1
14433,59,1
14433,60,1
14433,61,1
14433,63,1
14433,64,1
14433,65,1
14433,66,1
14433,67,1
14433,72,1
14433,73,1
14433,74,1
14433,82,1
14433,83,1
14433,84,1
14433,86,1
14433,87,1
14433,88,1
14433,90,1
14433,91,1
14433,92,1
14433,93,0
14433,147,1
14433,148,0
14433,149,0
14433,150,0
14433,194,0
14433,196,0
14433,197,0
14433,198,0
14433,200,0
14433,201,1
14433,202,0
14433,203,0
14445,1,1
14445,2,0
14445,3,1
14445,5,1
14445,6,1
14445,7,1
14445,29,0
14445,30,0
14445,31,0
14445,32,0
14445,33,0
14445,34,0
14445,35,0
14445,36,0
14445,37,0
14445,39,1
14445,147,1
14445,148,0
14445,149,0
14445,150,0
14445,194,0
14445,196,0
14445,197,0
14445,198,0
14445,200,0
14445,201,0
14445,202,0
14445,203,0
14446,1,1
14446,2,0
14446,3,1
14446,5,1
14446,6,1
14446,7,1
14446,29,1
14446,30,1
14446,31,0
14446,32,0
14446,33,0
14446,34,0
14446,35,0
14446,36,0
14446,37,0
14446,39,0
14446,40,0
14446,41,0
14446,72,1
14446,73,1
14446,74,1
14446,82,1
14446,83,1
14446,84,1
14446,86,1
14446,87,1
14446,88,1
14446,90,1
14446,91,1
14446,92,1
14446,93,1
14446,147,1
14446,148,0
14446,149,0
14446,150,0
14446,194,0
14446,196,0
14446,197,0
14446,198,0
14446,200,0
14446,201,0
14446,202,0
14446,203,0
14447,1,1
14447,2,0
14447,3,1
14447,5,1
14447,6,1
14447,7,1
14447,9,0
14447,10,0
14447,11,1
14447,12,0
14447,29,1
14447,30,1
14447,31,0
14447,32,0
14447,33,0
14447,34,0
14447,35,0
14447,36,0
14447,37,0
14447,39,0
14447,40,0
14447,41,0
14447,49,1
14447,50,1
14447,52,1
14447,53,1
14447,54,1
14447,56,1
14447,57,1
14447,59,1
14447,60,1
14447,61,1
14447,63,1
14447,64,1
14447,65,1
14447,66,1
14447,67,1
14447,72,1
14447,73,1
14447,74,1
14447,82,1
14447,83,1
14447,84,1
14447,86,1
14447,87,1
14447,88,1
14447,90,1
14447,91,1
14447,92,1
14447,93,1
14447,147,1
14447,148,0
14447,149,0
14447,150,0
14447,194,0
14447,196,0
14447,197,0
14447,198,0
14447,200,0
14447,201,1
14447,202,0
14447,203,0
14458,1,1
14458,2,0
14458,3,1
14458,5,1
14458,6,1
14458,7,1
14458,49,0
14458,50,1
14458,52,1
14458,53,1
14458,54,1
14458,56,1
14458,57,1
14458,59,1
14458,60,1
14458,61,1
14458,63,1
14458,64,1
14458,65,1
14458,66,1
14458,67,1
14458,72,1
14458,73,1
14458,74,1
14458,82,1
14458,83,1
14458,84,1
14458,90,1
14458,91,1
14458,92,1
14458,93,1
14458,147,1
14458,148,0
14458,149,0
14458,150,0
14458,194,0
14458,196,0
14458,197,0
14458,198,0
14458,200,0
14458,201,0
14458,202,0
14458,203,0
14461,1,1
14461,2,0
14461,3,1
14461,5,1
14461,6,1
14461,7,1
14461,56,1
14461,57,1
14461,59,1
14461,60,1
14461,61,1
14461,63,1
14461,64,1
14461,65,1
14461,66,1
14461,67,1
14461,72,0
14461,73,1
14461,74,1
14461,82,1
14461,83,1
14461,84,1
14461,86,1
14461,87,1
14461,88,1
14461,90,1
14461,91,0
14461,92,0
14461,93,0
14461,147,1
14461,148,0
14461,149,0
14461,150,0
14461,194,0
14461,196,0
14461,197,0
14461,198,0
14461,200,0
14461,201,0
14461,202,0
14461,203,0
14475,1,1
14475,2,0
14475,3,1
14475,5,1
14475,6,1
14475,7,1
14475,29,1
14475,30,1
14475,31,0
14475,32,0
14475,33,0
14475,34,0
14475,35,0
14475,36,0
14475,37,0
14475,39,0
14475,40,0
14475,41,0
14475,49,1
14475,50,1
14475,52,1
14475,53,1
14475,54,1
14475,56,1
14475,57,1
14475,59,1
14475,60,1
14475,61,1
14475,63,1
14475,64,1
14475,65,1
14475,66,1
14475,67,1
14475,72,1
14475,73,1
14475,74,1
14475,82,1
14475,83,1
14475,84,1
14475,86,1
14475,87,1
14475,88,1
14475,90,1
14475,91,1
14475,92,1
14475,93,1
14475,147,1
14475,148,0
14475,149,0
14475,150,0
14475,194,0
14475,196,0
14475,197,0
14475,198,0
14475,200,0
14475,201,0
14475,202,0
14475,203,0
14476,1,1
14476,2,0
14476,3,1
14476,5,1
14476,6,1
14476,7,1
14476,29,1
14476,30,1
14476,31,0
14476,32,0
14476,33,0
14476,34,0
14476,35,0
14476,36,0
14476,37,0
14476,39,0
14476,40,0
14476,41,0
14476,72,1
14476,73,1
14476,74,1
14476,82,1
14476,83,1
14476,84,1
14476,90,1
14476,91,1
14476,92,1
14476,93,1
14476,147,1
14476,148,0
14476,149,0
14476,150,0
14476,194,0
14476,196,0
14476,197,0
14476,198,0
14476,200,0
14476,201,1
14476,202,0
14476,203,0
14478,1,1
14478,2,0
14478,3,1
14478,5,1
14478,6,1
14478,7,1
14478,49,0
14478,50,0
14478,52,1
14478,53,1
14478,54,1
14478,56,1
14478,57,1
14478,59,1
14478,60,1
14478,61,1
14478,63,1
14478,64,1
14478,65,1
14478,66,1
14478,67,1
14478,72,1
14478,73,1
14478,74,1
14478,82,1
14478,83,1
14478,84,1
14478,86,1
14478,87,1
14478,88,1
14478,90,1
14478,91,1
14478,92,1
14478,93,1
14478,147,1
14478,148,0
14478,149,0
14478,150,0
14478,194,0
14478,196,0
14478,197,0
14478,198,0
14478,200,0
14478,201,1
14478,202,0
14478,203,0
14488,1,1
14488,2,0
14488,3,1
14488,5,1
14488,6,1
14488,7,1
14488,72,1
14488,73,1
14488,74,1
14488,82,1
14488,83,1
14488,84,1
14488,86,1
14488,87,1
14488,88,1
14488,90,1
14488,91,1
14488,92,1
14488,93,1
14488,147,1
14488,148,0
14488,149,0
14488,150,0
14488,194,0
14488,196,0
14488,197,0
14488,198,0
14488,200,0
14488,201,1
14488,202,0
14488,203,0
14491,1,1
14491,2,0
14491,3,1
14491,5,1
14491,6,1
14491,7,1
14491,49,1
14491,50,1
14491,52,1
14491,53,1
14491,54,1
14491,56,1
14491,57,1
14491,59,1
14491,60,1
14491,61,1
14491,63,0
14491,64,0
14491,65,1
14491,66,1
14491,67,1
14491,72,0
14491,73,1
14491,74,1
14491,82,1
14491,83,1
14491,84,1
14491,86,1
14491,87,1
14491,88,1
14491,90,1
14491,91,1
14491,92,1
14491,93,1
14491,147,1
14491,148,0
14491,149,0
14491,150,0
14491,194,0
14491,196,0
14491,197,0
14491,198,0
14491,200,0
14491,201,0
14491,202,0
14491,203,0
14768,1,1
14768,2,0
14768,3,1
14768,5,1
14768,6,1
14768,7,1
14768,49,1
14768,50,1
14768,52,1
14768,53,1
14768,54,1
14768,56,1
14768,57,1
14768,59,1
14768,60,1
14768,61,1
14768,63,1
14768,64,1
14768,65,1
14768,66,1
14768,67,1
14768,72,1
14768,73,1
14768,74,1
14768,82,1
14768,83,1
14768,84,1
14768,86,1
14768,87,1
14768,88,1
14768,90,1
14768,91,0
14768,92,0
14768,93,0
14768,147,1
14768,148,0
14768,149,0
14768,150,0
14768,194,0
14768,196,0
14768,197,0
14768,198,0
14768,200,0
14768,201,0
14768,202,0
14768,203,0
14769,1,1
14769,2,0
14769,3,1
14769,5,1
14769,6,1
14769,7,1
14769,49,1
14769,50,1
14769,52,1
14769,53,1
14769,54,1
14769,56,1
14769,57,1
14769,59,1
14769,60,1
14769,61,1
14769,63,1
14769,64,1
14769,65,1
14769,66,1
14769,67,1
14769,72,1
14769,73,1
14769,74,1
14769,82,1
14769,83,1
14769,84,1
14769,86,1
14769,87,1
14769,88,1
14769,90,1
14769,91,1
14769,92,1
14769,93,0
14769,147,1
14769,148,0
14769,149,0
14769,150,0
14769,194,0
14769,196,0
14769,197,0
14769,198,0
14769,200,0
14769,201,1
14769,202,0
14769,203,0
14776,1,1
14776,2,0
14776,3,1
14776,5,1
14776,6,1
14776,7,1
14776,29,1
14776,32,0
14776,33,0
14776,34,0
14776,35,0
14776,36,0
14776,37,0
14776,39,0
14776,40,0
14776,41,0
14776,49,1
14776,50,1
14776,52,1
14776,53,1
14776,54,1
14776,56,1
14776,57,1
14776,59,1
14776,60,1
14776,61,1
14776,63,1
14776,64,1
14776,65,1
14776,66,1
14776,67,1
14776,72,0
14776,73,1
14776,74,1
14776,82,1
14776,83,1
14776,84,1
14776,86,1
14776,87,1
14776,88,1
14776,90,1
14776,91,1
14776,92,1
14776,93,1
14776,147,1
14776,148,0
14776,149,0
14776,150,0
14776,194,0
14776,196,0
14776,197,0
14776,198,0
14776,200,0
14776,201,1
14776,202,0
14776,203,0
14780,1,1
14780,2,0
14780,3,1
14780,5,1
14780,6,1
14780,7,1
14780,9,1
14780,10,0
14780,11,0
14780,12,0
14780,49,1
14780,50,1
14780,52,1
14780,53,1
14780,54,1
14780,56,1
14780,57,1
14780,59,1
14780,60,1
14780,61,1
14780,63,1
14780,64,1
14780,65,1
14780,66,1
14780,67,1
14780,72,1
14780,73,1
14780,74,1
14780,82,1
14780,83,1
14780,84,1
14780,86,1
14780,87,1
14780,88,1
14780,90,1
14780,91,1
14780,92,1
14780,93,1
14780,147,1
14780,148,0
14780,149,0
14780,150,0
14780,194,0
14780,196,0
14780,197,0
14780,198,0
14780,200,0
14780,201,1
14780,202,0
14780,203,0
14786,1,1
14786,2,0
14786,3,1
14786,5,1
14786,6,1
14786,7,1
14786,9,1
14786,10,0
14786,11,0
14786,12,0
14786,29,1
14786,32,0
14786,33,0
14786,34,0
14786,35,0
14786,36,0
14786,37,0
14786,39,0
14786,40,0
14786,41,0
14786,49,1
14786,50,1
14786,52,1
14786,53,1
14786,54,1
14786,56,1
14786,57,1
14786,59,1
14786,60,1
14786,61,1
14786,63,1
14786,64,1
14786,65,1
14786,66,1
14786,67,1
14786,72,1
14786,73,1
14786,74,1
14786,82,1
14786,83,1
14786,84,1
14786,86,1
14786,87,1
14786,88,1
14786,90,1
14786,91,1
14786,92,1
14786,93,1
14786,147,1
14786,148,0
14786,149,0
14786,150,0
14786,194,0
14786,196,0
14786,197,0
14786,198,0
14786,200,0
14786,201,1
14786,202,0
14786,203,0
14788,1,1
14788,2,1
14788,3,0
14788,5,1
14788,6,1
14788,7,1
14788,49,1
14788,50,1
14788,52,1
14788,53,1
14788,54,1
14788,56,1
14788,57,1
14788,59,1
14788,60,1
14788,61,1
14788,63,1
14788,64,1
14788,65,1
14788,66,1
14788,67,1
14788,72,0
14788,73,0
14788,74,1
14788,82,1
14788,83,1
14788,84,1
14788,86,1
14788,87,1
14788,88,1
14788,90,1
14788,91,1
14788,92,1
14788,93,0
14788,147,1
14788,148,0
14788,149,0
14788,150,0
14788,194,0
14788,196,0
14788,197,0
14788,198,0
14788,200,0
14788,201,1
14788,202,0
14788,203,0
14789,1,1
14789,2,1
14789,3,0
14789,5,1
14789,6,1
14789,7,1
14789,29,1
14789,30,1
14789,31,0
14789,32,0
14789,33,0
14789,34,0
14789,35,0
14789,36,0
14789,37,0
14789,39,0
14789,40,0
14789,41,0
14789,49,1
14789,50,1
14789,52,1
14789,53,1
14789,54,1
14789,56,1
14789,57,1
14789,59,1
14789,60,1
14789,61,1
14789,63,1
14789,64,1
14789,65,1
14789,66,1
14789,67,1
14789,72,1
14789,73,1
14789,74,1
14789,82,1
14789,83,1
14789,84,1
14789,86,1
14789,87,1
14789,88,1
14789,90,1
14789,91,1
14789,92,1
14789,93,1
14789,147,1
14789,148,0
14789,149,0
14789,150,0
14789,194,0
14789,196,0
14789,197,0
14789,198,0
14789,200,0
14789,201,1
14789,202,0
14789,203,0
14792,1,1
14792,2,0
14792,3,1
14792,5,1
14792,6,1
14792,7,1
14792,72,1
14792,73,1
14792,74,1
14792,82,1
14792,83,1
14792,84,1
14792,86,1
14792,87,1
14792,88,1
14792,90,1
14792,91,1
14792,92,1
14792,93,1
14792,147,1
14792,148,0
14792,149,0
14792,150,0
14792,194,0
14792,196,0
14792,197,0
14792,198,0
14792,200,0
14792,201,1
14792,202,0
14792,203,0
14796,1,1
14796,5,1
14796,6,1
14796,7,1
14796,147,1
14796,148,0
14796,149,0
14796,150,0
14796,194,0
14796,196,0
14796,197,0
14796,198,0
14796,200,0
14796,201,1
14796,202,0
14796,203,0
14800,1,1
14800,2,0
14800,3,1
14800,5,1
14800,6,1
14800,7,1
14800,49,0
14800,50,1
14800,52,1
14800,53,1
14800,54,1
14800,56,0
14800,57,1
14800,59,1
14800,60,1
14800,61,1
14800,63,1
14800,64,1
14800,65,1
14800,66,1
14800,67,1
14800,72,1
14800,73,1
14800,74,1
14800,82,1
14800,83,1
14800,84,0
14800,86,1
14800,87,1
14800,88,1
14800,90,1
14800,91,1
14800,92,1
14800,93,0
14800,147,0
14800,148,1
14800,149,0
14800,150,0
14800,152,1
14800,153,1
14800,154,0
14800,155,1
14800,157,0
14800,159,0
14800,160,0
14800,164,0
14800,170,0
14800,171,0
14800,172,0
14800,173,0
14800,174,0
14800,175,0
14800,176,0
14800,177,0
14800,178,0
14800,181,0
14800,182,0
14800,183,0
14800,184,0
14800,194,0
14800,196,0
14800,197,0
14800,198,0
14800,200,0
14800,201,1
14800,202,0
14800,203,0
14802,1,1
14802,2,0
14802,3,1
14802,5,1
14802,6,1
14802,7,1
14802,147,1
14802,148,0
14802,149,0
14802,150,0
14802,194,0
14802,196,0
14802,197,0
14802,198,0
14802,200,0
14802,201,1
14802,202,0
14802,203,0
14803,1,1
14803,2,1
14803,3,0
14803,5,1
14803,6,1
14803,7,1
14803,9,0
14803,10,0
14803,11,0
14803,12,1
14803,29,0
14803,30,0
14803,31,0
14803,32,0
14803,33,0
14803,34,0
14803,35,0
14803,36,0
14803,37,0
14803,39,1
14803,49,1
14803,50,1
14803,52,1
14803,53,1
14803,54,1
14803,56,1
14803,57,1
14803,59,1
14803,60,1
14803,61,1
14803,63,1
14803,64,1
14803,65,1
14803,66,1
14803,67,1
14803,72,1
14803,73,1
14803,74,1
14803,82,1
14803,83,1
14803,84,1
14803,86,1
14803,87,1
14803,88,1
14803,90,1
14803,91,1
14803,92,1
14803,93,1
14803,147,1
14803,148,0
14803,149,0
14803,150,0
14803,194,0
14803,196,0
14803,197,0
14803,198,0
14803,200,0
14803,201,0
14803,202,0
14803,203,0
14808,1,1
14808,2,0
14808,3,1
14808,5,1
14808,6,1
14808,7,1
14808,29,0
14808,30,0
14808,31,0
14808,32,0
14808,33,0
14808,34,0
14808,35,1
14808,36,1
14808,37,0
14808,39,0
14808,40,0
14808,41,0
14808,49,1
14808,50,1
14808,52,1
14808,53,1
14808,54,1
14808,56,1
14808,57,1
14808,59,1
14808,60,1
14808,61,1
14808,63,1
14808,64,1
14808,65,1
14808,66,1
14808,67,1
14808,72,1
14808,73,1
14808,74,1
14808,82,1
14808,83,1
14808,84,1
14808,86,1
14808,87,1
14808,88,1
14808,90,1
14808,91,1
14808,92,1
14808,93,1
14808,147,1
14808,148,0
14808,149,0
14808,150,0
14808,194,0
14808,196,0
14808,197,0
14808,198,0
14808,200,0
14808,201,1
14808,202,0
14808,203,0
14809,1,1
14809,2,0
14809,3,1
14809,5,1
14809,6,1
14809,7,1
14809,49,1
14809,50,1
14809,52,1
14809,53,1
14809,54,1
14809,56,1
14809,57,1
14809,59,1
14809,60,1
14809,61,1
14809,63,1
14809,64,1
14809,65,1
14809,66,1
14809,67,1
14809,72,1
14809,73,1
14809,74,1
14809,82,1
14809,83,1
14809,84,1
14809,86,1
14809,87,1
14809,88,1
14809,90,1
14809,91,1
14809,92,1
14809,93,1
14809,147,1
14809,148,0
14809,149,0
14809,150,0
14809,194,1
14809,196,1
14809,197,0
14809,198,0
14809,200,0
14809,201,1
14809,202,0
14809,203,0
14810,1,1
14810,2,0
14810,3,1
14810,5,1
14810,6,1
14810,7,1
14810,29,0
14810,30,0
14810,31,0
14810,32,0
14810,33,0
14810,34,0
14810,35,0
14810,36,0
14810,37,0
14810,39,1
14810,49,1
14810,50,1
14810,52,1
14810,53,1
14810,54,1
14810,56,1
14810,57,1
14810,59,1
14810,60,1
14810,61,1
14810,63,1
14810,64,1
14810,65,1
14810,66,1
14810,67,1
14810,72,1
14810,73,1
14810,74,1
14810,82,1
14810,83,1
14810,84,1
14810,86,1
14810,87,1
14810,88,1
14810,90,1
14810,91,1
14810,92,1
14810,93,1
14810,147,1
14810,148,0
14810,149,0
14810,150,0
14810,194,0
14810,196,0
14810,197,0
14810,198,0
14810,200,0
14810,201,1
14810,202,0
14810,203,0
14815,1,1
14815,2,0
14815,3,1
14815,5,1
14815,6,1
14815,7,1
14815,29,0
14815,30,0
14815,31,0
14815,32,0
14815,33,0
14815,34,0
14815,35,0
14815,36,0
14815,37,0
14815,39,1
14815,49,1
14815,50,1
14815,52,1
14815,53,1
14815,54,1
14815,56,1
14815,57,1
14815,59,1
14815,60,1
14815,61,1
14815,63,1
14815,64,1
14815,65,1
14815,66,1
14815,67,1
14815,72,1
14815,73,1
14815,74,1
14815,82,1
14815,83,1
14815,84,0
14815,86,1
14815,87,1
14815,88,1
14815,90,1
14815,91,1
14815,92,1
14815,93,0
14815,147,0
14815,148,1
14815,149,0
14815,150,0
14815,152,1
14815,153,1
14815,154,0
14815,155,1
14815,157,0
14815,159,0
14815,160,0
14815,164,0
14815,170,0
14815,171,0
14815,172,0
14815,173,0
14815,174,0
14815,175,0
14815,176,0
14815,177,0
14815,178,0
14815,181,0
14815,182,0
14815,183,0
14815,184,0
14815,194,1
14815,196,0
14815,197,0
14815,198,0
14815,200,0
14815,201,1
14815,202,0
14815,203,0
14816,1,1
14816,2,0
14816,3,1
14816,5,1
14816,6,1
14816,7,1
14816,49,1
14816,50,1
14816,52,1
14816,53,1
14816,54,1
14816,56,1
14816,57,1
14816,59,1
14816,60,1
14816,61,1
14816,63,1
14816,64,1
14816,65,1
14816,66,1
14816,67,1
14816,72,1
14816,73,1
14816,74,1
14816,82,1
14816,83,1
14816,84,1
14816,86,1
14816,87,1
14816,88,1
14816,90,1
14816,91,1
14816,92,1
14816,93,1
14816,147,1
14816,148,0
14816,149,0
14816,150,0
14816,194,1
14816,196,1
14816,197,0
14816,198,0
14816,200,0
14816,201,1
14816,202,0
14816,203,0
14856,1,1
14856,2,0
14856,3,1
14856,5,1
14856,6,1
14856,7,1
14856,49,0
14856,50,0
14856,52,1
14856,53,1
14856,54,1
14856,56,1
14856,57,1
14856,59,1
14856,60,1
14856,61,1
14856,63,1
14856,64,1
14856,65,1
14856,66,1
14856,67,1
14856,72,1
14856,73,1
14856,74,1
14856,82,1
14856,83,1
14856,84,1
14856,86,1
14856,87,1
14856,88,1
14856,90,1
14856,91,1
14856,92,1
14856,93,1
14856,147,1
14856,148,0
14856,149,0
14856,150,0
14856,194,0
14856,196,0
14856,197,0
14856,198,0
14856,200,0
14856,201,1
14856,202,0
14856,203,0
15002,1,1
15002,2,0
15002,3,1
15002,5,1
15002,6,1
15002,7,1
15002,49,1
15002,50,1
15002,52,1
15002,53,1
15002,54,1
15002,56,1
15002,57,1
15002,59,1
15002,60,1
15002,61,1
15002,63,1
15002,64,1
15002,65,1
15002,66,1
15002,67,1
15002,72,1
15002,73,1
15002,74,1
15002,82,1
15002,83,1
15002,84,1
15002,86,1
15002,87,1
15002,88,1
15002,90,1
15002,91,1
15002,92,1
15002,93,1
15002,147,1
15002,148,0
15002,149,0
15002,150,0
15002,194,0
15002,196,0
15002,197,0
15002,198,0
15002,200,0
15002,201,1
15002,202,0
15002,203,0
15003,1,1
15003,2,0
15003,3,1
15003,5,1
15003,6,1
15003,7,1
15003,9,1
15003,10,0
15003,11,0
15003,12,0
15003,49,0
15003,50,1
15003,52,1
15003,53,1
15003,54,1
15003,56,0
15003,57,0
15003,59,0
15003,60,0
15003,61,1
15003,63,0
15003,64,1
15003,65,1
15003,66,1
15003,67,1
15003,72,1
15003,73,1
15003,74,1
15003,82,1
15003,83,0
15003,84,0
15003,86,1
15003,87,1
15003,88,1
15003,90,1
15003,91,1
15003,92,1
15003,93,1
15003,147,1
15003,148,0
15003,149,0
15003,150,0
15003,194,1
15003,196,1
15003,197,0
15003,198,0
15003,200,0
15003,201,1
15003,202,0
15003,203,0
15018,1,1
15018,2,1
15018,3,0
15018,5,1
15018,6,1
15018,7,1
15018,9,1
15018,10,0
15018,11,0
15018,12,0
15018,29,0
15018,30,0
15018,31,0
15018,32,0
15018,33,0
15018,34,0
15018,35,1
15018,36,1
15018,37,0
15018,39,0
15018,40,0
15018,41,0
15018,49,1
15018,50,1
15018,52,1
15018,53,1
15018,54,1
15018,56,1
15018,57,1
15018,59,1
15018,60,1
15018,61,1
15018,63,1
15018,64,1
15018,65,1
15018,66,1
15018,67,1
15018,72,1
15018,73,1
15018,74,1
15018,82,1
15018,83,1
15018,84,1
15018,86,1
15018,87,1
15018,88,1
15018,90,1
15018,91,1
15018,92,1
15018,93,0
15018,147,1
15018,148,0
15018,149,0
15018,150,0
15018,194,0
15018,196,0
15018,197,0
15018,198,0
15018,200,0
15018,201,0
15018,202,0
15018,203,0
15019,1,1
15019,2,0
15019,3,1
15019,5,1
15019,6,1
15019,7,1
15019,29,1
15019,32,0
15019,33,0
15019,34,0
15019,35,0
15019,36,0
15019,37,0
15019,39,0
15019,40,0
15019,41,0
15019,49,1
15019,50,1
15019,52,1
15019,53,1
15019,54,1
15019,56,1
15019,57,1
15019,59,1
15019,60,1
15019,61,1
15019,63,1
15019,64,1
15019,65,1
15019,66,1
15019,67,1
15019,72,1
15019,73,1
15019,74,1
15019,82,1
15019,83,1
15019,84,1
15019,86,1
15019,87,1
15019,88,1
15019,90,1
15019,91,1
15019,92,1
15019,93,1
15019,147,1
15019,148,0
15019,149,0
15019,150,0
15019,194,0
15019,196,0
15019,197,0
15019,198,0
15019,200,0
15019,201,1
15019,202,0
15019,203,0
15021,1,1
15021,2,0
15021,3,1
15021,5,1
15021,6,1
15021,7,1
15021,49,1
15021,50,1
15021,52,1
15021,53,1
15021,54,1
15021,56,1
15021,57,1
15021,59,1
15021,60,1
15021,61,1
15021,63,1
15021,64,1
15021,65,1
15021,66,1
15021,67,1
15021,72,1
15021,73,1
15021,74,1
15021,82,1
15021,83,1
15021,84,1
15021,86,1
15021,87,1
15021,88,1
15021,90,1
15021,91,1
15021,92,1
15021,93,0
15021,147,1
15021,148,0
15021,149,0
15021,150,0
15021,194,1
15021,196,0
15021,197,0
15021,198,0
15021,200,0
15021,201,1
15021,202,0
15021,203,0
15025,1,1
15025,2,0
15025,3,1
15025,5,1
15025,6,1
15025,7,1
15025,29,0
15025,30,0
15025,31,0
15025,32,0
15025,33,0
15025,34,0
15025,35,0
15025,36,0
15025,37,0
15025,39,1
15025,49,1
15025,50,1
15025,52,1
15025,53,1
15025,54,1
15025,56,0
15025,57,1
15025,59,1
15025,60,1
15025,61,1
15025,63,0
15025,64,1
15025,65,1
15025,66,1
15025,67,1
15025,72,1
15025,73,1
15025,74,1
15025,82,1
15025,83,1
15025,84,1
15025,86,1
15025,87,1
15025,88,1
15025,90,1
15025,91,1
15025,92,1
15025,93,1
15025,147,1
15025,148,0
15025,149,0
15025,150,0
15025,194,0
15025,196,0
15025,197,0
15025,198,0
15025,200,0
15025,201,0
15025,202,0
15025,203,0
15026,1,1
15026,2,0
15026,3,1
15026,5,1
15026,6,1
15026,7,1
15026,29,1
15026,30,0
15026,31,1
15026,32,0
15026,33,0
15026,34,0
15026,35,0
15026,36,0
15026,37,0
15026,39,0
15026,40,0
15026,41,0
15026,72,1
15026,73,1
15026,74,1
15026,82,1
15026,83,1
15026,84,1
15026,86,1
15026,87,1
15026,88,1
15026,90,1
15026,91,1
15026,92,1
15026,93,0
15026,147,1
15026,148,0
15026,149,0
15026,150,0
15026,194,0
15026,196,0
15026,197,0
15026,198,0
15026,200,0
15026,201,0
15026,202,0
15026,203,0
15033,1,1
15033,2,0
15033,3,1
15033,5,1
15033,6,1
15033,7,1
15033,9,1
15033,10,0
15033,11,0
15033,12,0
15033,29,1
15033,30,0
15033,31,1
15033,32,0
15033,33,0
15033,34,0
15033,35,0
15033,36,0
15033,37,0
15033,39,0
15033,40,0
15033,41,0
15033,49,1
15033,50,1
15033,52,1
15033,53,1
15033,54,1
15033,56,1
15033,57,1
15033,59,1
15033,60,1
15033,61,1
15033,63,1
15033,64,1
15033,65,1
15033,66,1
15033,67,1
15033,72,1
15033,73,1
15033,74,1
15033,82,1
15033,83,1
15033,84,1
15033,86,1
15033,87,1
15033,88,1
15033,90,1
15033,91,1
15033,92,1
15033,93,1
15033,147,1
15033,148,0
15033,149,0
15033,150,0
15033,194,0
15033,196,0
15033,197,0
15033,198,0
15033,200,0
15033,201,1
15033,202,0
15033,203,0
15034,1,1
15034,5,1
15034,6,1
15034,7,1
15034,9,0
15034,10,1
15034,11,0
15034,12,0
15034,29,0
15034,30,0
15034,31,0
15034,32,1
15034,35,0
15034,36,0
15034,37,0
15034,39,0
15034,40,0
15034,41,0
15034,49,1
15034,50,1
15034,52,1
15034,53,1
15034,54,1
15034,56,1
15034,57,1
15034,59,1
15034,60,1
15034,61,1
15034,63,1
15034,64,1
15034,65,1
15034,66,1
15034,67,1
15034,72,1
15034,73,1
15034,74,1
15034,82,1
15034,83,1
15034,84,1
15034,86,1
15034,87,1
15034,88,1
15034,90,1
15034,91,1
15034,92,1
15034,93,1
15034,147,0
15034,148,1
15034,149,0
15034,150,0
15034,152,1
15034,153,1
15034,154,0
15034,155,1
15034,157,0
15034,159,0
15034,160,0
15034,164,0
15034,170,0
15034,171,0
15034,172,0
15034,173,0
15034,174,0
15034,175,0
15034,176,0
15034,177,0
15034,178,0
15034,181,0
15034,182,0
15034,183,0
15034,184,0
15034,194,1
15034,196,1
15034,197,0
15034,198,0
15034,200,0
15034,201,1
15034,202,0
15034,203,0
15035,1,1
15035,2,0
15035,3,1
15035,5,1
15035,6,1
15035,7,1
15035,72,1
15035,73,1
15035,74,1
15035,82,1
15035,83,1
15035,84,1
15035,86,1
15035,87,1
15035,88,1
15035,90,1
15035,91,1
15035,92,1
15035,93,1
15035,147,1
15035,148,0
15035,149,0
15035,150,0
15035,194,0
15035,196,0
15035,197,0
15035,198,0
15035,200,0
15035,201,1
15035,202,0
15035,203,0
15037,1,1
15037,2,0
15037,3,1
15037,5,1
15037,6,1
15037,7,1
15037,56,1
15037,57,1
15037,59,1
15037,60,1
15037,61,1
15037,63,1
15037,64,1
15037,65,1
15037,66,1
15037,67,1
15037,72,1
15037,73,1
15037,74,1
15037,82,1
15037,83,1
15037,84,1
15037,86,1
15037,87,1
15037,88,1
15037,90,1
15037,91,1
15037,92,1
15037,93,0
15037,147,1
15037,148,0
15037,149,0
15037,150,0
15037,194,0
15037,196,0
15037,197,0
15037,198,0
15037,200,0
15037,201,0
15037,202,0
15037,203,0
15041,1,1
15041,2,0
15041,3,1
15041,5,1
15041,6,1
15041,7,1
15041,56,1
15041,57,1
15041,59,1
15041,60,1
15041,61,1
15041,63,1
15041,64,1
15041,65,1
15041,66,1
15041,67,1
15041,72,1
15041,73,1
15041,74,1
15041,82,1
15041,83,1
15041,84,1
15041,86,1
15041,87,1
15041,88,1
15041,90,1
15041,91,1
15041,92,1
15041,93,1
15041,147,1
15041,148,0
15041,149,0
15041,150,0
15041,194,0
15041,196,0
15041,197,0
15041,198,0
15041,200,0
15041,201,0
15041,202,0
15041,203,0
15042,1,1
15042,2,0
15042,3,1
15042,5,1
15042,6,1
15042,7,1
15042,9,0
15042,10,0
15042,11,1
15042,12,0
15042,29,0
15042,30,0
15042,31,0
15042,32,0
15042,33,0
15042,34,0
15042,35,1
15042,39,0
15042,40,0
15042,41,0
15042,49,1
15042,50,1
15042,52,1
15042,53,1
15042,54,1
15042,56,1
15042,57,1
15042,59,1
15042,60,1
15042,61,1
15042,63,1
15042,64,1
15042,65,1
15042,66,1
15042,67,1
15042,72,0
15042,73,1
15042,74,1
15042,82,1
15042,83,1
15042,84,1
15042,86,1
15042,87,1
15042,88,1
15042,90,1
15042,91,1
15042,92,1
15042,93,1
15042,147,1
15042,148,0
15042,149,0
15042,150,0
15042,194,0
15042,196,1
15042,197,0
15042,198,0
15042,200,0
15042,201,1
15042,202,1
15042,203,0
15047,1,1
15047,5,1
15047,6,1
15047,7,1
15047,9,0
15047,10,0
15047,11,0
15047,12,0
15047,29,0
15047,30,0
15047,31,0
15047,32,0
15047,33,0
15047,34,0
15047,35,0
15047,36,0
15047,37,0
15047,39,1
15047,49,1
15047,50,1
15047,52,1
15047,53,1
15047,54,1
15047,56,1
15047,57,1
15047,59,1
15047,60,1
15047,61,1
15047,63,1
15047,64,1
15047,65,1
15047,66,1
15047,67,1
15047,72,1
15047,73,1
15047,74,1
15047,82,1
15047,83,1
15047,84,1
15047,86,1
15047,87,1
15047,88,1
15047,90,1
15047,91,1
15047,92,0
15047,93,0
15047,147,1
15047,148,0
15047,149,0
15047,150,0
15047,194,0
15047,196,0
15047,197,0
15047,198,0
15047,200,0
15047,201,0
15047,202,0
15047,203,0
15053,1,1
15053,2,0
15053,3,1
15053,5,1
15053,6,1
15053,7,1
15053,29,1
15053,30,0
15053,31,1
15053,32,0
15053,33,0
15053,34,0
15053,35,0
15053,36,0
15053,37,0
15053,39,0
15053,40,0
15053,41,0
15053,49,1
15053,50,1
15053,52,1
15053,53,1
15053,54,1
15053,56,1
15053,57,1
15053,59,1
15053,60,1
15053,61,1
15053,63,1
15053,64,1
15053,65,1
15053,66,1
15053,67,1
15053,72,1
15053,73,1
15053,74,1
15053,82,1
15053,83,1
15053,84,1
15053,86,1
15053,87,1
15053,88,1
15053,90,1
15053,91,1
15053,92,1
15053,93,1
15053,147,1
15053,148,0
15053,149,0
15053,150,0
15053,194,0
15053,196,0
15053,197,0
15053,198,0
15053,200,0
15053,201,0
15053,202,0
15053,203,0
15057,1,1
15057,2,0
15057,3,1
15057,5,1
15057,6,1
15057,7,1
15057,9,0
15057,10,0
15057,11,0
15057,12,0
15057,29,1
15057,30,1
15057,31,0
15057,32,0
15057,33,0
15057,34,0
15057,35,0
15057,36,0
15057,37,0
15057,39,0
15057,40,0
15057,41,0
15057,49,1
15057,50,1
15057,52,1
15057,53,1
15057,54,1
15057,56,1
15057,57,1
15057,59,1
15057,60,1
15057,61,1
15057,63,1
15057,64,1
15057,65,1
15057,66,1
15057,67,1
15057,72,1
15057,73,1
15057,74,1
15057,76,1
15057,77,1
15057,78,1
15057,79,1
15057,80,1
15057,82,1
15057,83,1
15057,84,1
15057,86,1
15057,87,1
15057,88,1
15057,90,1
15057,91,0
15057,92,0
15057,93,0
15057,147,0
15057,148,1
15057,149,0
15057,150,0
15057,152,0
15057,153,0
15057,154,0
15057,155,0
15057,157,1
15057,159,0
15057,160,1
15057,164,0
15057,170,0
15057,171,0
15057,172,0
15057,173,0
15057,174,0
15057,175,0
15057,176,0
15057,177,0
15057,178,0
15057,181,0
15057,182,0
15057,183,0
15057,184,0
15057,194,0
15057,196,0
15057,197,0
15057,198,0
15057,200,0
15057,201,1
15057,202,0
15057,203,0
15059,1,1
15059,2,0
15059,3,1
15059,5,1
15059,6,1
15059,7,1
15059,9,0
15059,10,1
15059,11,0
15059,12,0
15059,29,0
15059,30,0
15059,31,0
15059,32,0
15059,33,0
15059,34,0
15059,35,0
15059,36,0
15059,37,0
15059,39,1
15059,147,0
15059,148,1
15059,149,0
15059,150,0
15059,152,0
15059,153,0
15059,154,0
15059,155,0
15059,157,0
15059,159,0
15059,160,0
15059,164,0
15059,170,1
15059,171,1
15059,172,0
15059,173,0
15059,174,1
15059,175,0
15059,176,0
15059,177,0
15059,178,0
15059,181,0
15059,182,0
15059,183,0
15059,184,0
15059,194,0
15059,196,0
15059,197,0
15059,198,0
15059,200,0
15059,201,1
15059,202,0
15059,203,0
15063,1,1
15063,2,1
15063,3,0
15063,5,1
15063,6,1
15063,7,1
15063,49,1
15063,50,1
15063,52,1
15063,53,1
15063,54,1
15063,56,1
15063,57,1
15063,59,1
15063,60,1
15063,61,1
15063,63,0
15063,64,1
15063,65,1
15063,66,1
15063,67,1
15063,72,1
15063,73,1
15063,74,1
15063,82,1
15063,83,1
15063,84,1
15063,86,1
15063,87,1
15063,88,1
15063,90,1
15063,91,1
15063,92,1
15063,93,1
15063,147,1
15063,148,0
15063,149,0
15063,150,0
15063,194,0
15063,196,0
15063,197,0
15063,198,0
15063,200,0
15063,201,1
15063,202,0
15063,203,0
15065,1,1
15065,2,0
15065,3,1
15065,5,1
15065,6,1
15065,7,1
15065,29,0
15065,30,0
15065,31,0
15065,32,0
15065,33,0
15065,34,0
15065,35,0
15065,36,0
15065,37,0
15065,39,1
15065,49,1
15065,50,1
15065,52,1
15065,53,1
15065,54,1
15065,56,1
15065,57,1
15065,59,1
15065,60,1
15065,61,1
15065,63,1
15065,64,1
15065,65,1
15065,66,1
15065,67,1
15065,72,1
15065,73,1
15065,74,1
15065,82,1
15065,83,1
15065,84,1
15065,86,1
15065,87,1
15065,88,1
15065,90,0
15065,91,0
15065,92,0
15065,93,0
15065,147,1
15065,148,0
15065,149,0
15065,150,0
15065,194,1
15065,196,0
15065,197,0
15065,198,0
15065,200,0
15065,201,1
15065,202,0
15065,203,0
15070,1,1
15070,2,0
15070,3,1
15070,5,1
15070,6,1
15070,7,1
15070,9,0
15070,10,1
15070,11,0
15070,12,0
15070,29,0
15070,30,0
15070,31,0
15070,32,0
15070,33,0
15070,34,0
15070,35,0
15070,36,0
15070,37,0
15070,39,1
15070,49,1
15070,50,1
15070,52,1
15070,53,1
15070,54,1
15070,56,1
15070,57,1
15070,59,1
15070,60,1
15070,61,1
15070,63,1
15070,64,1
15070,65,1
15070,66,1
15070,67,1
15070,72,1
15070,73,1
15070,74,1
15070,82,1
15070,83,1
15070,84,1
15070,86,1
15070,87,1
15070,88,1
15070,90,1
15070,91,1
15070,92,1
15070,93,1
15070,147,0
15070,148,0
15070,149,1
15070,150,0
15070,152,1
15070,153,1
15070,154,0
15070,155,1
15070,157,0
15070,159,0
15070,160,0
15070,164,0
15070,170,1
15070,171,0
15070,172,0
15070,173,0
15070,174,0
15070,175,0
15070,176,0
15070,177,0
15070,178,0
15070,181,0
15070,182,0
15070,183,0
15070,184,0
15070,194,1
15070,196,0
15070,197,0
15070,198,0
15070,200,0
15070,201,1
15070,202,0
15070,203,0
15072,1,1
15072,2,1
15072,3,1
15072,5,1
15072,6,1
15072,7,1
15072,29,1
15072,30,0
15072,31,0
15072,32,0
15072,33,0
15072,34,0
15072,35,1
15072,36,0
15072,37,0
15072,39,0
15072,40,0
15072,41,0
15072,49,1
15072,50,1
15072,52,1
15072,53,1
15072,54,1
15072,56,1
15072,57,1
15072,59,1
15072,60,1
15072,61,1
15072,63,1
15072,64,1
15072,65,1
15072,66,1
15072,67,1
15072,72,1
15072,73,1
15072,74,1
15072,82,1
15072,83,1
15072,84,1
15072,86,1
15072,87,1
15072,88,1
15072,90,1
15072,91,1
15072,92,1
15072,93,1
15072,147,0
15072,148,1
15072,149,0
15072,150,0
15072,152,1
15072,153,1
15072,154,0
15072,155,1
15072,157,0
15072,159,0
15072,160,0
15072,164,0
15072,170,0
15072,171,0
15072,172,0
15072,173,0
15072,174,0
15072,175,0
15072,176,0
15072,177,0
15072,178,0
15072,181,0
15072,182,0
15072,183,0
15072,184,0
15072,194,0
15072,196,0
15072,197,0
15072,198,0
15072,200,1
15072,201,1
15072,202,0
15072,203,0
15075,1,1
15075,2,0
15075,3,1
15075,5,1
15075,6,1
15075,7,1
15075,72,1
15075,73,1
15075,74,1
15075,82,1
15075,83,1
15075,84,1
15075,86,1
15075,87,1
15075,88,1
15075,90,1
15075,91,1
15075,92,1
15075,93,0
15075,147,1
15075,148,0
15075,149,0
15075,150,0
15075,194,0
15075,196,0
15075,197,0
15075,198,0
15075,200,0
15075,201,0
15075,202,0
15075,203,1
15080,1,1
15080,5,1
15080,6,1
15080,7,1
15080,29,1
15080,32,0
15080,33,0
15080,34,0
15080,35,0
15080,36,0
15080,37,0
15080,39,0
15080,40,0
15080,41,0
15080,49,1
15080,50,1
15080,52,1
15080,53,1
15080,54,1
15080,56,1
15080,57,1
15080,59,1
15080,60,1
15080,61,1
15080,63,1
15080,64,1
15080,65,1
15080,66,1
15080,67,1
15080,72,1
15080,73,1
15080,74,1
15080,82,1
15080,83,1
15080,84,1
15080,86,1
15080,87,1
15080,88,1
15080,90,1
15080,91,1
15080,92,1
15080,93,1
15080,147,1
15080,148,0
15080,149,0
15080,150,0
15080,194,0
15080,196,0
15080,197,0
15080,198,0
15080,200,0
15080,201,1
15080,202,0
15080,203,0
15082,1,1
15082,2,0
15082,3,1
15082,5,1
15082,6,1
15082,7,1
15082,56,1
15082,57,1
15082,59,1
15082,60,1
15082,61,1
15082,63,1
15082,64,1
15082,65,1
15082,66,1
15082,67,1
15082,72,0
15082,73,1
15082,74,1
15082,82,1
15082,83,1
15082,84,1
15082,86,1
15082,87,1
15082,88,1
15082,90,1
15082,91,1
15082,92,1
15082,93,0
15082,147,1
15082,148,0
15082,149,0
15082,150,0
15082,194,0
15082,196,0
15082,197,0
15082,198,0
15082,200,0
15082,201,0
15082,202,0
15082,203,0
15085,1,1
15085,2,0
15085,3,1
15085,5,1
15085,6,1
15085,7,1
15085,29,1
15085,30,0
15085,31,1
15085,32,0
15085,33,0
15085,34,0
15085,35,0
15085,36,0
15085,37,0
15085,39,0
15085,40,0
15085,41,0
15085,49,1
15085,50,1
15085,52,1
15085,53,1
15085,54,1
15085,56,1
15085,57,1
15085,59,1
15085,60,1
15085,61,1
15085,63,1
15085,64,1
15085,65,1
15085,66,1
15085,67,1
15085,72,1
15085,73,1
15085,74,1
15085,82,1
15085,83,1
15085,84,1
15085,90,1
15085,91,1
15085,92,1
15085,93,1
15085,147,1
15085,148,0
15085,149,0
15085,150,0
15085,194,0
15085,196,0
15085,197,0
15085,198,0
15085,200,0
15085,201,1
15085,202,0
15085,203,0
15091,1,1
15091,2,0
15091,3,1
15091,5,1
15091,6,1
15091,7,1
15091,29,1
15091,30,1
15091,31,0
15091,32,0
15091,33,0
15091,34,0
15091,35,0
15091,36,0
15091,37,0
15091,39,0
15091,40,0
15091,41,0
15091,49,1
15091,50,1
15091,52,1
15091,53,1
15091,54,1
15091,56,1
15091,57,1
15091,59,1
15091,60,1
15091,61,1
15091,63,1
15091,64,1
15091,65,1
15091,66,1
15091,67,1
15091,72,0
15091,73,1
15091,74,1
15091,82,1
15091,83,1
15091,84,1
15091,86,1
15091,87,1
15091,88,1
15091,90,1
15091,91,1
15091,92,1
15091,93,1
15091,147,1
15091,148,0
15091,149,0
15091,150,0
15091,194,0
15091,196,0
15091,197,0
15091,198,0
15091,200,0
15091,201,1
15091,202,0
15091,203,0
15092,1,1
15092,2,0
15092,3,1
15092,5,1
15092,6,1
15092,7,1
15092,49,1
15092,50,1
15092,52,1
15092,53,1
15092,54,1
15092,56,1
15092,57,1
15092,59,1
15092,60,1
15092,61,1
15092,63,1
15092,64,1
15092,65,1
15092,66,1
15092,67,1
15092,72,1
15092,73,1
15092,74,1
15092,82,1
15092,83,1
15092,84,1
15092,86,1
15092,87,1
15092,88,1
15092,90,1
15092,91,1
15092,92,1
15092,93,1
15092,147,1
15092,148,0
15092,149,0
15092,150,0
15092,194,0
15092,196,0
15092,197,0
15092,198,0
15092,200,0
15092,201,0
15092,202,0
15092,203,0
15099,1,1
15099,2,1
15099,3,0
15099,5,1
15099,6,1
15099,7,1
15099,29,0
15099,30,0
15099,31,0
15099,32,0
15099,33,0
15099,34,0
15099,35,0
15099,36,0
15099,37,0
15099,39,1
15099,49,0
15099,50,1
15099,52,1
15099,53,1
15099,54,1
15099,56,1
15099,57,1
15099,59,1
15099,60,1
15099,61,1
15099,63,0
15099,64,0
15099,65,1
15099,66,1
15099,67,1
15099,72,0
15099,73,1
15099,74,1
15099,82,1
15099,83,1
15099,84,1
15099,86,1
15099,87,1
15099,88,1
15099,90,1
15099,91,1
15099,92,1
15099,93,0
15099,147,1
15099,148,0
15099,149,0
15099,150,0
15099,194,0
15099,196,0
15099,197,0
15099,198,0
15099,200,0
15099,201,1
15099,202,0
15099,203,0
15103,1,1
15103,2,0
15103,3,1
15103,5,1
15103,6,1
15103,7,1
15103,29,0
15103,30,0
15103,31,0
15103,32,0
15103,33,0
15103,34,0
15103,35,1
15103,36,1
15103,37,0
15103,39,0
15103,40,0
15103,41,0
15103,72,1
15103,73,1
15103,74,1
15103,82,1
15103,83,1
15103,84,1
15103,86,1
15103,87,1
15103,88,1
15103,90,0
15103,91,0
15103,92,0
15103,93,0
15103,147,1
15103,148,0
15103,149,0
15103,150,0
15103,194,0
15103,196,0
15103,197,0
15103,198,0
15103,200,0
15103,201,0
15103,202,0
15103,203,0
15109,1,1
15109,2,0
15109,3,1
15109,5,1
15109,6,1
15109,7,1
15109,29,1
15109,30,1
15109,31,0
15109,32,0
15109,33,0
15109,34,0
15109,35,0
15109,36,0
15109,37,0
15109,39,0
15109,40,0
15109,41,0
15109,49,1
15109,50,1
15109,52,1
15109,53,1
15109,54,1
15109,56,1
15109,57,1
15109,59,1
15109,60,1
15109,61,1
15109,63,1
15109,64,1
15109,65,1
15109,66,1
15109,67,1
15109,72,1
15109,73,1
15109,74,1
15109,82,1
15109,83,1
15109,84,1
15109,86,1
15109,87,1
15109,88,1
15109,90,1
15109,91,1
15109,92,1
15109,93,1
15109,147,1
15109,148,0
15109,149,0
15109,150,0
15109,194,0
15109,196,0
15109,197,0
15109,198,0
15109,200,0
15109,201,0
15109,202,1
15109,203,1
15114,1,1
15114,2,0
15114,3,1
15114,5,1
15114,6,1
15114,7,1
15114,29,1
15114,30,1
15114,31,0
15114,32,0
15114,33,0
15114,34,0
15114,35,0
15114,36,0
15114,37,0
15114,39,0
15114,40,0
15114,41,0
15114,72,1
15114,73,1
15114,74,1
15114,82,1
15114,83,1
15114,84,1
15114,90,1
15114,91,1
15114,92,1
15114,93,1
15114,147,1
15114,148,0
15114,149,0
15114,150,0
15114,194,0
15114,196,0
15114,197,0
15114,198,0
15114,200,0
15114,201,1
15114,202,0
15114,203,0
15223,1,1
15223,5,1
15223,6,1
15223,7,1
15223,9,1
15223,10,0
15223,11,0
15223,12,0
15223,29,0
15223,30,0
15223,31,0
15223,32,0
15223,33,0
15223,34,0
15223,35,0
15223,36,0
15223,37,0
15223,39,1
15223,49,1
15223,50,1
15223,52,1
15223,53,1
15223,54,1
15223,56,1
15223,57,1
15223,59,1
15223,60,1
15223,61,1
15223,63,1
15223,64,1
15223,65,1
15223,66,1
15223,67,1
15223,72,0
15223,73,1
15223,74,1
15223,82,1
15223,83,1
15223,84,1
15223,86,1
15223,87,1
15223,88,1
15223,90,1
15223,91,1
15223,92,1
15223,93,1
15223,147,0
15223,148,1
15223,149,0
15223,150,0
15223,152,0
15223,153,0
15223,154,0
15223,155,0
15223,157,0
15223,159,0
15223,160,0
15223,164,0
15223,170,1
15223,171,1
15223,172,1
15223,173,0
15223,174,0
15223,175,0
15223,176,0
15223,177,0
15223,178,0
15223,181,0
15223,182,0
15223,183,0
15223,184,0
15223,194,0
15223,196,0
15223,197,0
15223,198,0
15223,200,0
15223,201,1
15223,202,0
15223,203,0
15497,1,1
15497,2,0
15497,3,1
15497,5,1
15497,6,1
15497,7,1
15497,9,1
15497,10,0
15497,11,0
15497,12,0
15497,29,0
15497,30,0
15497,31,0
15497,32,0
15497,33,0
15497,34,0
15497,35,0
15497,36,0
15497,37,0
15497,39,1
15497,49,1
15497,50,1
15497,52,1
15497,53,1
15497,54,1
15497,56,1
15497,57,1
15497,59,1
15497,60,1
15497,61,1
15497,63,1
15497,64,1
15497,65,1
15497,66,1
15497,67,1
15497,72,1
15497,73,1
15497,74,1
15497,82,1
15497,83,1
15497,84,1
15497,86,1
15497,87,1
15497,88,1
15497,90,1
15497,91,1
15497,92,1
15497,93,1
15497,147,0
15497,148,1
15497,149,0
15497,150,0
15497,152,0
15497,153,0
15497,154,0
15497,155,0
15497,157,0
15497,159,0
15497,160,0
15497,164,0
15497,170,1
15497,171,1
15497,172,0
15497,173,0
15497,174,0
15497,175,1
15497,176,0
15497,177,0
15497,178,0
15497,181,0
15497,182,0
15497,183,0
15497,184,0
15497,194,1
15497,196,0
15497,197,0
15497,198,0
15497,200,1
15497,201,1
15497,202,0
15497,203,0
15498,1,1
15498,2,0
15498,3,1
15498,5,1
15498,6,1
15498,7,1
15498,29,1
15498,32,0
15498,33,0
15498,34,0
15498,35,0
15498,36,0
15498,37,0
15498,39,0
15498,40,0
15498,41,0
15498,49,1
15498,50,1
15498,52,1
15498,53,1
15498,54,1
15498,56,1
15498,57,1
15498,59,1
15498,60,1
15498,61,1
15498,63,1
15498,64,1
15498,65,1
15498,66,1
15498,67,1
15498,72,1
15498,73,1
15498,74,1
15498,82,1
15498,83,1
15498,84,1
15498,86,1
15498,87,1
15498,88,1
15498,90,1
15498,91,1
15498,92,1
15498,93,1
15498,147,1
15498,148,0
15498,149,0
15498,150,0
15498,194,0
15498,196,0
15498,197,0
15498,198,0
15498,200,0
15498,201,1
15498,202,0
15498,203,0
15499,1,1
15499,2,0
15499,3,1
15499,5,1
15499,6,1
15499,7,1
15499,56,1
15499,57,1
15499,59,1
15499,60,1
15499,61,1
15499,63,1
15499,64,1
15499,65,1
15499,66,1
15499,67,1
15499,72,1
15499,73,1
15499,74,1
15499,82,1
15499,83,1
15499,84,1
15499,86,1
15499,87,1
15499,88,1
15499,90,1
15499,91,1
15499,92,1
15499,93,0
15499,147,1
15499,148,0
15499,149,0
15499,150,0
15499,194,0
15499,196,0
15499,197,0
15499,198,0
15499,200,0
15499,201,0
15499,202,0
15499,203,0
15502,1,1
15502,2,0
15502,3,1
15502,5,1
15502,6,1
15502,7,1
15502,56,1
15502,57,1
15502,59,1
15502,60,1
15502,61,1
15502,63,1
15502,64,1
15502,65,1
15502,66,1
15502,67,1
15502,72,1
15502,73,1
15502,74,1
15502,82,1
15502,83,1
15502,84,1
15502,86,1
15502,87,1
15502,88,1
15502,90,1
15502,91,1
15502,92,1
15502,93,1
15502,147,1
15502,148,0
15502,149,0
15502,150,0
15502,194,0
15502,196,0
15502,197,0
15502,198,0
15502,200,0
15502,201,1
15502,202,0
15502,203,0
15520,1,1
15520,2,0
15520,3,1
15520,5,1
15520,6,1
15520,7,1
15520,9,0
15520,10,1
15520,11,0
15520,12,0
15520,29,0
15520,30,0
15520,31,0
15520,32,1
15520,35,0
15520,36,0
15520,37,0
15520,39,0
15520,40,0
15520,41,0
15520,49,1
15520,50,1
15520,52,1
15520,53,1
15520,54,1
15520,56,1
15520,57,1
15520,59,1
15520,60,1
15520,61,1
15520,63,1
15520,64,1
15520,65,1
15520,66,1
15520,67,1
15520,72,1
15520,73,1
15520,74,1
15520,82,1
15520,83,1
15520,84,1
15520,86,1
15520,87,1
15520,88,1
15520,90,1
15520,91,1
15520,92,1
15520,93,1
15520,147,0
15520,148,0
15520,149,0
15520,150,1
15520,152,1
15520,153,1
15520,154,1
15520,155,0
15520,157,1
15520,159,0
15520,160,1
15520,164,0
15520,170,0
15520,171,0
15520,172,0
15520,173,0
15520,174,0
15520,175,0
15520,176,0
15520,177,0
15520,178,0
15520,181,0
15520,182,0
15520,183,0
15520,184,0
15520,194,0
15520,196,0
15520,197,0
15520,198,0
15520,200,0
15520,201,1
15520,202,0
15520,203,0
15522,1,1
15522,2,1
15522,3,0
15522,5,1
15522,6,1
15522,7,1
15522,9,1
15522,10,0
15522,11,0
15522,12,0
15522,29,0
15522,30,0
15522,31,0
15522,32,0
15522,33,0
15522,34,0
15522,35,0
15522,36,0
15522,37,0
15522,39,1
15522,49,1
15522,50,1
15522,52,1
15522,53,1
15522,54,1
15522,56,1
15522,57,1
15522,59,1
15522,60,1
15522,61,1
15522,63,1
15522,64,1
15522,65,1
15522,66,1
15522,67,1
15522,72,1
15522,73,1
15522,74,1
15522,82,1
15522,83,1
15522,84,1
15522,86,1
15522,87,1
15522,88,1
15522,90,1
15522,91,1
15522,92,1
15522,93,1
15522,147,1
15522,148,0
15522,149,0
15522,150,0
15522,194,1
15522,196,0
15522,197,0
15522,198,0
15522,200,0
15522,201,1
15522,202,0
15522,203,0
15524,1,1
15524,2,0
15524,3,1
15524,5,1
15524,6,1
15524,7,1
15524,29,1
15524,30,1
15524,31,0
15524,32,0
15524,33,0
15524,34,0
15524,35,0
15524,36,0
15524,37,0
15524,39,0
15524,40,0
15524,41,0
15524,147,1
15524,148,0
15524,149,0
15524,150,0
15524,194,0
15524,196,0
15524,197,0
15524,198,0
15524,200,0
15524,201,0
15524,202,0
15524,203,0
15528,1,1
15528,2,0
15528,3,1
15528,5,1
15528,6,1
15528,7,1
15528,29,0
15528,30,0
15528,31,0
15528,32,1
15528,35,0
15528,36,0
15528,37,0
15528,39,0
15528,40,0
15528,41,0
15528,56,1
15528,57,1
15528,59,1
15528,60,1
15528,61,1
15528,63,1
15528,64,1
15528,65,1
15528,66,1
15528,67,1
15528,72,1
15528,73,1
15528,74,1
15528,82,1
15528,83,1
15528,84,1
15528,86,1
15528,87,1
15528,88,1
15528,90,1
15528,91,1
15528,92,1
15528,93,0
15528,147,1
15528,148,0
15528,149,0
15528,150,0
15528,194,0
15528,196,0
15528,197,0
15528,198,0
15528,200,0
15528,201,0
15528,202,0
15528,203,0
15531,1,1
15531,5,1
15531,6,1
15531,7,1
15531,29,1
15531,30,1
15531,31,0
15531,32,0
15531,33,0
15531,34,0
15531,35,0
15531,36,0
15531,37,0
15531,39,0
15531,40,0
15531,41,0
15531,49,1
15531,50,1
15531,52,1
15531,53,1
15531,54,1
15531,56,1
15531,57,1
15531,59,1
15531,60,1
15531,61,1
15531,63,1
15531,64,1
15531,65,1
15531,66,1
15531,67,1
15531,72,1
15531,73,1
15531,74,1
15531,82,1
15531,83,1
15531,84,1
15531,86,1
15531,87,1
15531,88,1
15531,90,1
15531,91,1
15531,92,1
15531,93,1
15531,147,1
15531,148,0
15531,149,0
15531,150,0
15531,194,0
15531,196,0
15531,197,0
15531,198,0
15531,200,0
15531,201,0
15531,202,1
15531,203,0
15532,1,1
15532,2,0
15532,3,1
15532,5,1
15532,6,1
15532,7,1
15532,9,0
15532,10,0
15532,11,1
15532,12,0
15532,29,0
15532,30,0
15532,31,0
15532,32,0
15532,33,0
15532,34,0
15532,35,0
15532,36,0
15532,37,0
15532,39,1
15532,49,1
15532,50,1
15532,52,1
15532,53,1
15532,54,1
15532,56,1
15532,57,1
15532,59,1
15532,60,1
15532,61,1
15532,63,1
15532,64,1
15532,65,1
15532,66,1
15532,67,1
15532,72,1
15532,73,1
15532,74,1
15532,82,1
15532,83,1
15532,84,1
15532,86,1
15532,87,1
15532,88,1
15532,90,1
15532,91,1
15532,92,1
15532,93,1
15532,147,0
15532,148,0
15532,149,0
15532,150,0
15532,152,1
15532,153,1
15532,154,0
15532,155,1
15532,157,1
15532,159,0
15532,160,0
15532,164,0
15532,170,1
15532,171,1
15532,172,1
15532,173,0
15532,174,0
15532,175,0
15532,176,0
15532,177,0
15532,178,0
15532,181,0
15532,182,0
15532,183,0
15532,184,0
15532,194,0
15532,196,0
15532,197,0
15532,198,0
15532,200,0
15532,201,1
15532,202,0
15532,203,0
15536,1,1
15536,2,0
15536,3,1
15536,5,1
15536,6,1
15536,7,1
15536,49,1
15536,50,1
15536,52,1
15536,53,1
15536,54,1
15536,56,1
15536,57,1
15536,59,1
15536,60,1
15536,61,1
15536,63,1
15536,64,1
15536,65,1
15536,66,1
15536,67,1
15536,72,1
15536,73,1
15536,74,1
15536,82,1
15536,83,1
15536,84,1
15536,86,1
15536,87,1
15536,88,1
15536,90,1
15536,91,1
15536,92,1
15536,93,1
15536,147,1
15536,148,0
15536,149,0
15536,150,0
15536,194,0
15536,196,0
15536,197,0
15536,198,0
15536,200,0
15536,201,1
15536,202,0
15536,203,0
15539,1,1
15539,2,0
15539,3,1
15539,5,1
15539,6,1
15539,7,1
15539,56,1
15539,57,1
15539,59,1
15539,60,1
15539,61,1
15539,63,1
15539,64,1
15539,65,1
15539,66,1
15539,67,1
15539,72,1
15539,73,1
15539,74,1
15539,82,1
15539,83,1
15539,84,1
15539,86,1
15539,87,1
15539,88,1
15539,90,1
15539,91,1
15539,92,1
15539,93,0
15539,147,1
15539,148,0
15539,149,0
15539,150,0
15539,194,0
15539,196,0
15539,197,0
15539,198,0
15539,200,0
15539,201,1
15539,202,0
15539,203,0
15541,1,1
15541,2,0
15541,3,1
15541,5,1
15541,6,1
15541,7,1
15541,29,1
15541,30,1
15541,31,0
15541,32,0
15541,33,0
15541,34,0
15541,35,0
15541,36,0
15541,37,0
15541,39,0
15541,40,0
15541,41,0
15541,147,1
15541,148,0
15541,149,0
15541,150,0
15541,194,0
15541,196,0
15541,197,0
15541,198,0
15541,200,0
15541,201,0
15541,202,0
15541,203,0
15547,1,1
15547,2,0
15547,3,1
15547,5,1
15547,6,1
15547,7,1
15547,56,1
15547,57,1
15547,59,1
15547,60,1
15547,61,1
15547,63,1
15547,64,1
15547,65,1
15547,66,1
15547,67,1
15547,72,1
15547,73,1
15547,74,1
15547,82,1
15547,83,1
15547,84,1
15547,86,1
15547,87,1
15547,88,1
15547,90,1
15547,91,1
15547,92,1
15547,93,1
15547,147,1
15547,148,0
15547,149,0
15547,150,0
15547,194,0
15547,196,0
15547,197,0
15547,198,0
15547,200,0
15547,201,0
15547,202,0
15547,203,0
15548,1,1
15548,2,0
15548,3,1
15548,5,1
15548,6,1
15548,7,1
15548,29,1
15548,30,1
15548,31,0
15548,32,0
15548,33,0
15548,34,0
15548,35,0
15548,36,0
15548,37,0
15548,39,0
15548,40,0
15548,41,0
15548,49,1
15548,50,1
15548,52,1
15548,53,1
15548,54,1
15548,56,1
15548,57,1
15548,59,1
15548,60,1
15548,61,1
15548,63,1
15548,64,1
15548,65,1
15548,66,1
15548,67,1
15548,72,1
15548,73,1
15548,74,1
15548,82,1
15548,83,1
15548,84,1
15548,86,1
15548,87,1
15548,88,1
15548,90,1
15548,91,1
15548,92,1
15548,93,1
15548,147,1
15548,148,0
15548,149,0
15548,150,0
15548,194,0
15548,196,0
15548,197,0
15548,198,0
15548,200,0
15548,201,0
15548,202,0
15548,203,0
15552,1,1
15552,2,0
15552,3,1
15552,5,1
15552,6,1
15552,7,1
15552,82,1
15552,83,1
15552,84,1
15552,90,1
15552,91,1
15552,92,1
15552,93,1
15552,147,1
15552,148,0
15552,149,0
15552,150,0
15552,194,0
15552,196,0
15552,197,0
15552,198,0
15552,200,0
15552,201,1
15552,202,0
15552,203,0
15560,1,1
15560,2,0
15560,3,1
15560,5,1
15560,6,1
15560,7,1
15560,72,1
15560,73,1
15560,74,1
15560,82,1
15560,83,1
15560,84,1
15560,90,1
15560,91,1
15560,92,1
15560,93,1
15560,147,1
15560,148,0
15560,149,0
15560,150,0
15560,194,0
15560,196,0
15560,197,0
15560,198,0
15560,200,0
15560,201,0
15560,202,0
15560,203,0
15562,1,1
15562,2,0
15562,3,1
15562,5,1
15562,6,1
15562,7,1
15562,9,0
15562,10,1
15562,11,0
15562,12,0
15562,29,1
15562,30,0
15562,31,1
15562,32,0
15562,33,0
15562,34,0
15562,35,0
15562,36,0
15562,37,0
15562,39,0
15562,40,0
15562,41,0
15562,49,1
15562,50,1
15562,52,1
15562,53,1
15562,54,1
15562,56,1
15562,57,1
15562,59,1
15562,60,1
15562,61,1
15562,63,1
15562,64,1
15562,65,1
15562,66,1
15562,67,1
15562,72,1
15562,73,1
15562,74,1
15562,82,1
15562,83,1
15562,84,1
15562,86,1
15562,87,1
15562,88,1
15562,90,1
15562,91,1
15562,92,1
15562,93,1
15562,147,0
15562,148,1
15562,149,0
15562,150,0
15562,152,0
15562,153,0
15562,154,0
15562,155,0
15562,157,0
15562,159,0
15562,160,0
15562,164,0
15562,170,1
15562,171,1
15562,172,0
15562,173,0
15562,174,0
15562,175,1
15562,176,0
15562,177,0
15562,178,0
15562,181,0
15562,182,0
15562,183,0
15562,184,0
15562,194,0
15562,196,0
15562,197,0
15562,198,0
15562,200,0
15562,201,0
15562,202,0
15562,203,0
15563,1,1
15563,2,0
15563,3,1
15563,5,1
15563,6,1
15563,7,1
15563,72,1
15563,73,1
15563,74,1
15563,82,1
15563,83,1
15563,84,1
15563,86,1
15563,87,1
15563,88,1
15563,90,1
15563,91,1
15563,92,1
15563,93,1
15563,147,1
15563,148,0
15563,149,0
15563,150,0
15563,194,0
15563,196,0
15563,197,0
15563,198,0
15563,200,0
15563,201,0
15563,202,0
15563,203,0
15565,1,1
15565,2,0
15565,3,1
15565,5,1
15565,6,1
15565,7,1
15565,29,1
15565,30,1
15565,31,0
15565,32,0
15565,33,0
15565,34,0
15565,35,0
15565,36,0
15565,37,0
15565,39,0
15565,40,0
15565,41,0
15565,49,1
15565,50,1
15565,52,1
15565,53,1
15565,54,1
15565,56,1
15565,57,1
15565,59,1
15565,60,1
15565,61,1
15565,63,1
15565,64,1
15565,65,1
15565,66,1
15565,67,1
15565,72,1
15565,73,1
15565,74,1
15565,82,1
15565,83,1
15565,84,1
15565,86,1
15565,87,1
15565,88,1
15565,90,1
15565,91,1
15565,92,1
15565,93,1
15565,147,1
15565,148,0
15565,149,0
15565,150,0
15565,194,0
15565,196,0
15565,197,0
15565,198,0
15565,200,0
15565,201,0
15565,202,0
15565,203,0
15567,1,1
15567,5,1
15567,6,1
15567,7,1
15567,49,1
15567,50,1
15567,52,1
15567,53,1
15567,54,1
15567,56,1
15567,57,1
15567,59,1
15567,60,1
15567,61,1
15567,63,1
15567,64,1
15567,65,1
15567,66,1
15567,67,1
15567,72,1
15567,73,1
15567,74,1
15567,82,1
15567,83,1
15567,84,1
15567,86,1
15567,87,1
15567,88,1
15567,90,1
15567,91,1
15567,92,1
15567,93,0
15567,147,1
15567,148,0
15567,149,0
15567,150,0
15567,194,0
15567,196,0
15567,197,0
15567,198,0
15567,200,0
15567,201,0
15567,202,0
15567,203,0
15569,1,1
15569,2,0
15569,3,1
15569,5,1
15569,6,1
15569,7,1
15569,49,0
15569,50,1
15569,52,1
15569,53,1
15569,54,1
15569,56,1
15569,57,1
15569,59,1
15569,60,1
15569,61,1
15569,63,1
15569,64,1
15569,65,1
15569,66,1
15569,67,1
15569,72,1
15569,73,1
15569,74,1
15569,82,1
15569,83,1
15569,84,1
15569,86,1
15569,87,1
15569,88,1
15569,90,1
15569,91,1
15569,92,1
15569,93,1
15569,147,1
15569,148,0
15569,149,0
15569,150,0
15569,194,0
15569,196,0
15569,197,0
15569,198,0
15569,200,0
15569,201,0
15569,202,0
15569,203,0
15570,1,1
15570,2,0
15570,3,1
15570,5,1
15570,6,1
15570,7,1
15570,49,1
15570,50,1
15570,52,1
15570,53,1
15570,54,1
15570,56,1
15570,57,1
15570,59,1
15570,60,1
15570,61,1
15570,63,0
15570,64,1
15570,65,1
15570,66,1
15570,67,1
15570,72,1
15570,73,1
15570,74,1
15570,82,1
15570,83,1
15570,84,1
15570,86,1
15570,87,1
15570,88,1
15570,90,1
15570,91,1
15570,92,1
15570,93,1
15570,147,1
15570,148,0
15570,149,0
15570,150,0
15570,194,0
15570,196,0
15570,197,0
15570,198,0
15570,200,0
15570,201,1
15570,202,0
15570,203,0
15578,1,1
15578,2,0
15578,3,1
15578,5,1
15578,6,1
15578,7,1
15578,29,1
15578,30,1
15578,31,0
15578,32,0
15578,33,0
15578,34,0
15578,35,0
15578,36,0
15578,37,0
15578,39,0
15578,40,0
15578,41,0
15578,49,1
15578,50,1
15578,52,1
15578,53,1
15578,54,1
15578,56,1
15578,57,1
15578,59,1
15578,60,1
15578,61,1
15578,63,1
15578,64,1
15578,65,1
15578,66,1
15578,67,1
15578,72,1
15578,73,1
15578,74,1
15578,82,1
15578,83,1
15578,84,1
15578,86,1
15578,87,1
15578,88,1
15578,90,1
15578,91,1
15578,92,1
15578,93,1
15578,147,1
15578,148,0
15578,149,0
15578,150,0
15578,194,0
15578,196,0
15578,197,0
15578,198,0
15578,200,0
15578,201,1
15578,202,0
15578,203,0
15579,1,1
15579,2,0
15579,3,1
15579,5,1
15579,6,1
15579,7,1
15579,72,1
15579,73,1
15579,74,1
15579,82,1
15579,83,1
15579,84,1
15579,86,1
15579,87,1
15579,88,1
15579,90,1
15579,91,1
15579,92,1
15579,93,1
15579,147,1
15579,148,0
15579,149,0
15579,150,0
15579,194,0
15579,196,0
15579,197,0
15579,198,0
15579,200,0
15579,201,1
15579,202,0
15579,203,0
15581,1,1
15581,2,0
15581,3,1
15581,5,1
15581,6,1
15581,7,1
15581,9,0
15581,10,1
15581,11,0
15581,12,0
15581,29,1
15581,30,0
15581,31,1
15581,32,0
15581,33,0
15581,34,0
15581,35,0
15581,36,0
15581,37,0
15581,39,0
15581,40,0
15581,41,0
15581,49,1
15581,50,1
15581,52,1
15581,53,1
15581,54,1
15581,56,1
15581,57,1
15581,59,1
15581,60,1
15581,61,1
15581,63,1
15581,64,1
15581,65,1
15581,66,1
15581,67,1
15581,72,1
15581,73,1
15581,74,1
15581,82,1
15581,83,1
15581,84,1
15581,86,1
15581,87,1
15581,88,1
15581,90,1
15581,91,1
15581,92,1
15581,93,1
15581,147,1
15581,148,0
15581,149,0
15581,150,0
15581,194,0
15581,196,0
15581,197,0
15581,198,0
15581,200,0
15581,201,0
15581,202,0
15581,203,0
15585,1,1
15585,2,0
15585,3,1
15585,5,1
15585,6,1
15585,7,1
15585,9,1
15585,10,0
15585,11,0
15585,12,0
15585,29,0
15585,30,0
15585,31,0
15585,32,0
15585,33,0
15585,34,0
15585,35,0
15585,36,0
15585,37,0
15585,39,1
15585,49,1
15585,50,1
15585,52,1
15585,53,1
15585,54,1
15585,56,1
15585,57,1
15585,59,1
15585,60,1
15585,61,1
15585,63,1
15585,64,1
15585,65,1
15585,66,1
15585,67,1
15585,72,1
15585,73,1
15585,74,1
15585,82,1
15585,83,1
15585,84,1
15585,86,1
15585,87,1
15585,88,1
15585,90,1
15585,91,1
15585,92,1
15585,93,1
15585,147,0
15585,148,0
15585,149,1
15585,150,0
15585,152,0
15585,153,0
15585,154,0
15585,155,0
15585,157,0
15585,159,0
15585,160,0
15585,164,0
15585,170,1
15585,171,1
15585,172,0
15585,173,0
15585,174,1
15585,175,1
15585,176,0
15585,177,0
15585,178,0
15585,181,0
15585,182,0
15585,183,0
15585,184,0
15585,194,0
15585,196,0
15585,197,0
15585,198,0
15585,200,0
15585,201,1
15585,202,0
15585,203,0
15586,1,1
15586,2,0
15586,3,1
15586,5,1
15586,6,1
15586,7,1
15586,49,1
15586,50,1
15586,52,1
15586,53,1
15586,54,1
15586,56,1
15586,57,1
15586,59,1
15586,60,1
15586,61,1
15586,63,1
15586,64,1
15586,65,1
15586,66,1
15586,67,1
15586,72,1
15586,73,1
15586,74,1
15586,82,1
15586,83,1
15586,84,1
15586,86,1
15586,87,1
15586,88,1
15586,90,1
15586,91,1
15586,92,1
15586,93,1
15586,147,1
15586,148,0
15586,149,0
15586,150,0
15586,194,0
15586,196,0
15586,197,0
15586,198,0
15586,200,0
15586,201,1
15586,202,0
15586,203,0
15589,1,1
15589,2,0
15589,3,1
15589,5,1
15589,6,1
15589,7,1
15589,29,0
15589,30,0
15589,31,0
15589,32,0
15589,33,0
15589,34,0
15589,35,0
15589,36,0
15589,37,0
15589,39,1
15589,49,1
15589,50,1
15589,52,1
15589,53,1
15589,54,1
15589,56,1
15589,57,1
15589,59,1
15589,60,1
15589,61,1
15589,63,0
15589,64,1
15589,65,1
15589,66,1
15589,67,1
15589,72,1
15589,73,1
15589,74,1
15589,82,1
15589,83,1
15589,84,1
15589,86,1
15589,87,1
15589,88,1
15589,90,1
15589,91,1
15589,92,0
15589,93,0
15589,147,1
15589,148,0
15589,149,0
15589,150,0
15589,194,0
15589,196,0
15589,197,0
15589,198,0
15589,200,0
15589,201,1
15589,202,0
15589,203,0
15590,1,1
15590,2,0
15590,3,1
15590,5,1
15590,6,1
15590,7,1
15590,29,0
15590,30,0
15590,31,0
15590,32,0
15590,33,0
15590,34,0
15590,35,1
15590,36,0
15590,37,1
15590,39,0
15590,40,0
15590,41,0
15590,49,1
15590,50,1
15590,52,1
15590,53,1
15590,54,1
15590,56,1
15590,57,1
15590,59,1
15590,60,1
15590,61,1
15590,63,1
15590,64,1
15590,65,1
15590,66,1
15590,67,1
15590,72,0
15590,73,1
15590,74,1
15590,82,1
15590,83,1
15590,84,1
15590,86,1
15590,87,1
15590,88,1
15590,90,1
15590,91,1
15590,92,1
15590,93,1
15590,147,0
15590,148,1
15590,149,0
15590,150,0
15590,152,1
15590,153,1
15590,154,1
15590,155,0
15590,157,0
15590,159,0
15590,160,0
15590,164,0
15590,170,0
15590,171,0
15590,172,0
15590,173,0
15590,174,0
15590,175,0
15590,176,0
15590,177,0
15590,178,0
15590,181,0
15590,182,0
15590,183,0
15590,184,0
15590,194,0
15590,196,0
15590,197,0
15590,198,0
15590,200,0
15590,201,0
15590,202,0
15590,203,0
15591,1,1
15591,5,1
15591,6,1
15591,7,1
15591,49,1
15591,50,1
15591,52,1
15591,53,1
15591,54,1
15591,56,1
15591,57,1
15591,59,1
15591,60,1
15591,61,1
15591,63,1
15591,64,1
15591,65,1
15591,66,1
15591,67,1
15591,72,1
15591,73,1
15591,74,1
15591,82,1
15591,83,1
15591,84,1
15591,86,1
15591,87,1
15591,88,1
15591,90,1
15591,91,1
15591,92,1
15591,93,1
15591,147,1
15591,148,0
15591,149,0
15591,150,0
15591,194,0
15591,196,0
15591,197,0
15591,198,0
15591,200,0
15591,201,0
15591,202,0
15591,203,0
15805,1,1
15805,2,0
15805,3,1
15805,5,1
15805,6,1
15805,7,1
15805,29,1
15805,30,1
15805,31,0
15805,32,0
15805,33,0
15805,34,0
15805,35,0
15805,36,0
15805,37,0
15805,39,0
15805,40,0
15805,41,0
15805,49,0
15805,50,1
15805,52,1
15805,53,1
15805,54,1
15805,56,1
15805,57,1
15805,59,1
15805,60,1
15805,61,1
15805,63,1
15805,64,1
15805,65,1
15805,66,1
15805,67,1
15805,72,1
15805,73,1
15805,74,1
15805,82,1
15805,83,1
15805,84,1
15805,86,1
15805,87,1
15805,88,1
15805,90,1
15805,91,1
15805,92,1
15805,93,1
15805,147,1
15805,148,0
15805,149,0
15805,150,0
15805,194,0
15805,196,0
15805,197,0
15805,198,0
15805,200,0
15805,201,0
15805,202,0
15805,203,0
15810,1,1
15810,2,0
15810,3,1
15810,5,1
15810,6,1
15810,7,1
15810,9,0
15810,10,1
15810,11,0
15810,12,0
15810,49,1
15810,50,1
15810,52,1
15810,53,1
15810,54,1
15810,56,1
15810,57,1
15810,59,1
15810,60,1
15810,61,1
15810,63,1
15810,64,1
15810,65,1
15810,66,1
15810,67,1
15810,72,1
15810,73,1
15810,74,1
15810,76,1
15810,77,1
15810,78,1
15810,79,1
15810,80,1
15810,82,1
15810,83,1
15810,84,1
15810,86,1
15810,87,1
15810,88,1
15810,90,1
15810,91,1
15810,92,1
15810,93,1
15810,147,1
15810,148,0
15810,149,0
15810,150,0
15810,194,0
15810,196,0
15810,197,0
15810,198,0
15810,200,0
15810,201,1
15810,202,0
15810,203,0
15812,1,1
15812,2,0
15812,3,1
15812,5,1
15812,6,1
15812,7,1
15812,72,1
15812,73,1
15812,74,1
15812,82,1
15812,83,1
15812,84,1
15812,90,1
15812,91,1
15812,92,1
15812,93,1
15812,147,1
15812,148,0
15812,149,0
15812,150,0
15812,194,0
15812,196,1
15812,197,0
15812,198,0
15812,200,0
15812,201,1
15812,202,0
15812,203,0
15825,1,1
15825,2,0
15825,3,1
15825,5,1
15825,6,1
15825,7,1
15825,9,1
15825,10,0
15825,11,0
15825,12,0
15825,29,0
15825,30,0
15825,31,0
15825,32,0
15825,33,0
15825,34,0
15825,35,0
15825,36,0
15825,37,0
15825,39,1
15825,49,1
15825,50,1
15825,52,1
15825,53,1
15825,54,1
15825,56,1
15825,57,1
15825,59,1
15825,60,1
15825,61,1
15825,63,0
15825,64,1
15825,65,1
15825,66,1
15825,67,1
15825,72,1
15825,73,1
15825,74,1
15825,82,1
15825,83,1
15825,84,1
15825,86,1
15825,87,1
15825,88,1
15825,90,1
15825,91,1
15825,92,1
15825,93,1
15825,147,1
15825,148,0
15825,149,0
15825,150,0
15825,194,0
15825,196,0
15825,197,0
15825,198,0
15825,200,0
15825,201,0
15825,202,0
15825,203,0
15832,1,1
15832,2,0
15832,3,1
15832,5,1
15832,6,1
15832,7,1
15832,9,0
15832,10,1
15832,11,0
15832,12,0
15832,49,0
15832,50,0
15832,52,1
15832,53,1
15832,54,1
15832,56,0
15832,57,1
15832,59,1
15832,60,1
15832,61,1
15832,63,1
15832,64,1
15832,65,1
15832,66,1
15832,67,1
15832,72,1
15832,73,1
15832,74,1
15832,82,1
15832,83,1
15832,84,1
15832,86,1
15832,87,1
15832,88,1
15832,90,0
15832,91,0
15832,92,0
15832,93,0
15832,147,1
15832,148,0
15832,149,0
15832,150,0
15832,194,0
15832,196,1
15832,197,0
15832,198,0
15832,200,0
15832,201,1
15832,202,0
15832,203,0
15836,1,1
15836,2,0
15836,3,1
15836,5,1
15836,6,1
15836,7,1
15836,29,1
15836,32,0
15836,33,0
15836,34,0
15836,35,0
15836,36,0
15836,37,0
15836,39,0
15836,40,0
15836,41,0
15836,56,1
15836,57,1
15836,59,1
15836,60,1
15836,61,1
15836,63,1
15836,64,1
15836,65,1
15836,66,1
15836,67,1
15836,72,1
15836,73,1
15836,74,1
15836,82,1
15836,83,1
15836,84,1
15836,86,1
15836,87,1
15836,88,1
15836,90,1
15836,91,1
15836,92,0
15836,93,0
15836,147,1
15836,148,0
15836,149,0
15836,150,0
15836,194,0
15836,196,0
15836,197,0
15836,198,0
15836,200,0
15836,201,0
15836,202,0
15836,203,0
15838,1,1
15838,2,0
15838,3,1
15838,5,1
15838,6,1
15838,7,1
15838,49,1
15838,50,1
15838,52,1
15838,53,1
15838,54,1
15838,56,1
15838,57,1
15838,59,1
15838,60,1
15838,61,1
15838,63,1
15838,64,1
15838,65,1
15838,66,1
15838,67,1
15838,72,1
15838,73,1
15838,74,1
15838,82,1
15838,83,1
15838,84,1
15838,86,1
15838,87,1
15838,88,1
15838,90,1
15838,91,1
15838,92,1
15838,93,1
15838,147,1
15838,148,0
15838,149,0
15838,150,0
15838,194,0
15838,196,0
15838,197,0
15838,198,0
15838,200,0
15838,201,1
15838,202,0
15838,203,0
15844,1,1
15844,2,0
15844,3,1
15844,5,1
15844,6,1
15844,7,1
15844,49,1
15844,50,1
15844,52,1
15844,53,1
15844,54,1
15844,56,1
15844,57,1
15844,59,1
15844,60,1
15844,61,1
15844,63,1
15844,64,1
15844,65,1
15844,66,1
15844,67,1
15844,72,1
15844,73,1
15844,74,1
15844,82,1
15844,83,1
15844,84,1
15844,86,1
15844,87,1
15844,88,1
15844,90,1
15844,91,1
15844,92,1
15844,93,1
15844,147,1
15844,148,0
15844,149,0
15844,150,0
15844,194,0
15844,196,0
15844,197,0
15844,198,0
15844,200,0
15844,201,1
15844,202,0
15844,203,0
15855,1,1
15855,2,0
15855,3,1
15855,5,1
15855,6,1
15855,7,1
15855,29,0
15855,30,0
15855,31,0
15855,32,0
15855,33,0
15855,34,0
15855,35,1
15855,36,0
15855,37,1
15855,39,0
15855,40,0
15855,41,0
15855,49,1
15855,50,1
15855,52,1
15855,53,1
15855,54,1
15855,56,1
15855,57,1
15855,59,1
15855,60,1
15855,61,1
15855,63,1
15855,64,1
15855,65,1
15855,66,1
15855,67,1
15855,72,1
15855,73,1
15855,74,1
15855,82,1
15855,83,1
15855,84,1
15855,86,1
15855,87,1
15855,88,1
15855,90,1
15855,91,1
15855,92,1
15855,93,0
15855,147,1
15855,148,0
15855,149,0
15855,150,0
15855,194,0
15855,196,0
15855,197,0
15855,198,0
15855,200,0
15855,201,1
15855,202,0
15855,203,0
15858,1,1
15858,2,0
15858,3,1
15858,5,1
15858,6,1
15858,7,1
15858,9,0
15858,10,1
15858,11,0
15858,12,0
15858,29,0
15858,30,0
15858,31,0
15858,32,0
15858,33,0
15858,34,0
15858,35,1
15858,36,1
15858,37,0
15858,39,0
15858,40,0
15858,41,0
15858,72,1
15858,73,1
15858,74,1
15858,82,1
15858,83,1
15858,84,1
15858,86,1
15858,87,1
15858,88,1
15858,90,1
15858,91,1
15858,92,1
15858,93,1
15858,147,0
15858,148,1
15858,149,0
15858,150,0
15858,152,1
15858,153,1
15858,154,1
15858,155,0
15858,157,0
15858,159,0
15858,160,0
15858,164,0
15858,170,0
15858,171,0
15858,172,0
15858,173,0
15858,174,0
15858,175,0
15858,176,0
15858,177,0
15858,178,0
15858,181,0
15858,182,0
15858,183,0
15858,184,0
15858,194,0
15858,196,0
15858,197,0
15858,198,0
15858,200,0
15858,201,1
15858,202,0
15858,203,0
15860,1,1
15860,5,1
15860,6,1
15860,7,1
15860,29,0
15860,30,0
15860,31,0
15860,32,0
15860,33,0
15860,34,0
15860,35,0
15860,36,0
15860,37,0
15860,39,1
15860,49,1
15860,50,1
15860,52,1
15860,53,1
15860,54,1
15860,56,0
15860,57,1
15860,59,1
15860,60,1
15860,61,1
15860,63,1
15860,64,1
15860,65,1
15860,66,1
15860,67,1
15860,72,1
15860,73,1
15860,74,1
15860,82,1
15860,83,1
15860,84,1
15860,86,1
15860,87,1
15860,88,1
15860,90,1
15860,91,1
15860,92,1
15860,93,1
15860,147,1
15860,148,0
15860,149,0
15860,150,0
15860,194,0
15860,196,0
15860,197,0
15860,198,0
15860,200,0
15860,201,1
15860,202,0
15860,203,0
15863,1,1
15863,2,0
15863,3,1
15863,5,1
15863,6,1
15863,7,1
15863,29,0
15863,30,0
15863,31,0
15863,32,0
15863,33,0
15863,34,0
15863,35,1
15863,36,1
15863,37,0
15863,39,0
15863,40,0
15863,41,0
15863,56,1
15863,57,1
15863,59,1
15863,60,1
15863,61,1
15863,63,1
15863,64,1
15863,65,1
15863,66,1
15863,67,1
15863,72,1
15863,73,1
15863,74,1
15863,82,1
15863,83,1
15863,84,1
15863,86,1
15863,87,1
15863,88,1
15863,90,1
15863,91,1
15863,92,1
15863,93,1
15863,147,1
15863,148,0
15863,149,0
15863,150,0
15863,194,0
15863,196,0
15863,197,0
15863,198,0
15863,200,0
15863,201,1
15863,202,0
15863,203,0
15866,1,1
15866,2,0
15866,3,1
15866,5,1
15866,6,1
15866,7,1
15866,9,0
15866,10,0
15866,11,1
15866,12,0
15866,29,0
15866,30,0
15866,31,0
15866,32,0
15866,33,0
15866,34,0
15866,35,0
15866,36,0
15866,37,0
15866,39,1
15866,49,1
15866,50,1
15866,52,1
15866,53,1
15866,54,1
15866,56,1
15866,57,1
15866,59,1
15866,60,1
15866,61,1
15866,63,1
15866,64,1
15866,65,1
15866,66,1
15866,67,1
15866,72,1
15866,73,1
15866,74,1
15866,82,1
15866,83,1
15866,84,1
15866,86,1
15866,87,1
15866,88,1
15866,90,0
15866,91,0
15866,92,0
15866,93,0
15866,147,0
15866,148,1
15866,149,0
15866,150,0
15866,152,1
15866,153,1
15866,154,0
15866,155,1
15866,157,1
15866,159,1
15866,160,0
15866,164,0
15866,170,0
15866,171,0
15866,172,0
15866,173,0
15866,174,0
15866,175,0
15866,176,0
15866,177,0
15866,178,0
15866,181,0
15866,182,0
15866,183,0
15866,184,0
15866,194,0
15866,196,0
15866,197,0
15866,198,0
15866,200,0
15866,201,0
15866,202,0
15866,203,0
15870,1,1
15870,2,0
15870,3,1
15870,5,1
15870,6,1
15870,7,1
15870,9,0
15870,10,1
15870,11,0
15870,12,0
15870,29,1
15870,32,0
15870,33,0
15870,34,0
15870,35,0
15870,36,0
15870,37,0
15870,39,0
15870,40,0
15870,41,0
15870,49,1
15870,50,1
15870,52,1
15870,53,1
15870,54,1
15870,56,1
15870,57,1
15870,59,1
15870,60,1
15870,61,1
15870,63,1
15870,64,1
15870,65,1
15870,66,1
15870,67,1
15870,72,1
15870,73,1
15870,74,1
15870,82,1
15870,83,1
15870,84,1
15870,86,1
15870,87,1
15870,88,1
15870,90,1
15870,91,1
15870,92,1
15870,93,1
15870,147,0
15870,148,0
15870,149,1
15870,150,0
15870,152,1
15870,153,1
15870,154,0
15870,155,1
15870,157,0
15870,159,0
15870,160,0
15870,164,0
15870,170,0
15870,171,0
15870,172,0
15870,173,0
15870,174,0
15870,175,0
15870,176,0
15870,177,0
15870,178,0
15870,181,0
15870,182,0
15870,183,0
15870,184,0
15870,194,0
15870,196,0
15870,197,0
15870,198,0
15870,200,0
15870,201,1
15870,202,0
15870,203,0
15871,1,1
15871,2,0
15871,3,1
15871,5,1
15871,6,1
15871,7,1
15871,49,1
15871,50,1
15871,52,1
15871,53,1
15871,54,1
15871,56,1
15871,57,1
15871,59,1
15871,60,1
15871,61,1
15871,63,1
15871,64,1
15871,65,1
15871,66,1
15871,67,1
15871,72,1
15871,73,1
15871,74,1
15871,82,1
15871,83,1
15871,84,1
15871,86,1
15871,87,1
15871,88,1
15871,90,1
15871,91,1
15871,92,1
15871,93,1
15871,147,1
15871,148,0
15871,149,0
15871,150,0
15871,194,1
15871,196,0
15871,197,0
15871,198,0
15871,200,0
15871,201,1
15871,202,0
15871,203,0
15875,1,1
15875,2,1
15875,3,0
15875,5,1
15875,6,1
15875,7,1
15875,9,1
15875,10,0
15875,11,0
15875,12,0
15875,49,1
15875,50,1
15875,52,1
15875,53,1
15875,54,1
15875,56,1
15875,57,1
15875,59,1
15875,60,1
15875,61,1
15875,63,1
15875,64,1
15875,65,1
15875,66,1
15875,67,1
15875,72,1
15875,73,1
15875,74,1
15875,82,1
15875,83,1
15875,84,1
15875,86,1
15875,87,1
15875,88,1
15875,90,1
15875,91,1
15875,92,1
15875,93,1
15875,147,0
15875,148,1
15875,149,0
15875,150,0
15875,152,1
15875,153,1
15875,154,1
15875,155,0
15875,157,0
15875,159,0
15875,160,0
15875,164,0
15875,170,0
15875,171,0
15875,172,0
15875,173,0
15875,174,0
15875,175,0
15875,176,0
15875,177,0
15875,178,0
15875,181,0
15875,182,0
15875,183,0
15875,184,0
15875,194,0
15875,196,0
15875,197,0
15875,198,0
15875,200,0
15875,201,1
15875,202,0
15875,203,0
15876,1,1
15876,2,1
15876,3,0
15876,5,1
15876,6,1
15876,7,1
15876,9,0
15876,10,0
15876,11,1
15876,12,0
15876,29,0
15876,30,0
15876,31,0
15876,32,0
15876,33,0
15876,34,0
15876,35,0
15876,36,0
15876,37,0
15876,39,1
15876,49,1
15876,50,1
15876,52,1
15876,53,1
15876,54,1
15876,56,1
15876,57,1
15876,59,1
15876,60,1
15876,61,1
15876,63,1
15876,64,1
15876,65,1
15876,66,1
15876,67,1
15876,72,1
15876,73,1
15876,74,1
15876,82,1
15876,83,1
15876,84,1
15876,86,1
15876,87,1
15876,88,1
15876,90,1
15876,91,1
15876,92,1
15876,93,0
15876,147,0
15876,148,1
15876,149,0
15876,150,0
15876,152,1
15876,153,1
15876,154,0
15876,155,1
15876,157,0
15876,159,0
15876,160,0
15876,164,0
15876,170,0
15876,171,0
15876,172,0
15876,173,0
15876,174,0
15876,175,0
15876,176,0
15876,177,0
15876,178,0
15876,181,0
15876,182,0
15876,183,0
15876,184,0
15876,194,0
15876,196,0
15876,197,0
15876,198,0
15876,200,0
15876,201,1
15876,202,0
15876,203,0
15879,1,1
15879,2,0
15879,3,1
15879,5,1
15879,6,1
15879,7,1
15879,49,1
15879,50,1
15879,52,1
15879,53,1
15879,54,1
15879,56,1
15879,57,1
15879,59,1
15879,60,1
15879,61,1
15879,63,1
15879,64,1
15879,65,1
15879,66,1
15879,67,1
15879,72,1
15879,73,1
15879,74,1
15879,82,1
15879,83,1
15879,84,1
15879,86,1
15879,87,1
15879,88,1
15879,90,1
15879,91,1
15879,92,1
15879,93,1
15879,147,1
15879,148,0
15879,149,0
15879,150,0
15879,194,0
15879,196,0
15879,197,0
15879,198,0
15879,200,0
15879,201,1
15879,202,0
15879,203,0
15881,1,1
15881,2,0
15881,3,1
15881,5,1
15881,6,1
15881,7,1
15881,29,1
15881,30,1
15881,31,0
15881,32,0
15881,33,0
15881,34,0
15881,35,0
15881,36,0
15881,37,0
15881,39,0
15881,40,0
15881,41,0
15881,72,1
15881,73,1
15881,74,1
15881,82,1
15881,83,1
15881,84,1
15881,86,1
15881,87,1
15881,88,1
15881,90,1
15881,91,1
15881,92,1
15881,93,1
15881,147,1
15881,148,0
15881,149,0
15881,150,0
15881,194,0
15881,196,0
15881,197,0
15881,198,0
15881,200,0
15881,201,0
15881,202,0
15881,203,0
16142,1,1
16142,2,0
16142,3,1
16142,5,1
16142,6,1
16142,7,1
16142,56,1
16142,57,1
16142,59,1
16142,60,1
16142,61,1
16142,63,1
16142,64,1
16142,65,1
16142,66,1
16142,67,1
16142,72,1
16142,73,1
16142,74,1
16142,82,1
16142,83,1
16142,84,1
16142,86,1
16142,87,1
16142,88,1
16142,90,1
16142,91,1
16142,92,1
16142,93,1
16142,147,1
16142,148,0
16142,149,0
16142,150,0
16142,194,0
16142,196,0
16142,197,0
16142,198,0
16142,200,0
16142,201,1
16142,202,0
16142,203,0
16146,1,1
16146,2,0
16146,3,1
16146,5,1
16146,6,1
16146,7,1
16146,49,1
16146,50,1
16146,52,1
16146,53,1
16146,54,1
16146,56,1
16146,57,1
16146,59,1
16146,60,1
16146,61,1
16146,63,1
16146,64,1
16146,65,1
16146,66,1
16146,67,1
16146,72,1
16146,73,1
16146,74,1
16146,82,1
16146,83,1
16146,84,1
16146,86,1
16146,87,1
16146,88,1
16146,90,1
16146,91,1
16146,92,1
16146,93,1
16146,147,1
16146,148,0
16146,149,0
16146,150,0
16146,194,0
16146,196,0
16146,197,0
16146,198,0
16146,200,0
16146,201,1
16146,202,0
16146,203,0
16148,1,1
16148,2,0
16148,3,1
16148,5,1
16148,6,1
16148,7,1
16148,9,1
16148,10,0
16148,11,0
16148,12,0
16148,29,0
16148,30,0
16148,31,0
16148,32,0
16148,33,0
16148,34,0
16148,35,0
16148,36,0
16148,37,0
16148,39,1
16148,49,1
16148,50,1
16148,52,1
16148,53,1
16148,54,1
16148,56,1
16148,57,1
16148,59,1
16148,60,1
16148,61,1
16148,63,1
16148,64,1
16148,65,1
16148,66,1
16148,67,1
16148,72,1
16148,73,1
16148,74,1
16148,82,1
16148,83,1
16148,84,1
16148,86,1
16148,87,1
16148,88,1
16148,90,1
16148,91,1
16148,92,1
16148,93,1
16148,147,1
16148,148,0
16148,149,0
16148,150,0
16148,194,0
16148,196,0
16148,197,0
16148,198,0
16148,200,0
16148,201,1
16148,202,0
16148,203,0
16155,1,1
16155,2,0
16155,3,1
16155,5,1
16155,6,1
16155,7,1
16155,72,1
16155,73,1
16155,74,1
16155,82,1
16155,83,1
16155,84,1
16155,86,1
16155,87,1
16155,88,1
16155,90,1
16155,91,1
16155,92,1
16155,93,1
16155,147,1
16155,148,0
16155,149,0
16155,150,0
16155,194,0
16155,196,0
16155,197,0
16155,198,0
16155,200,0
16155,201,1
16155,202,0
16155,203,0
16336,1,1
16336,2,1
16336,3,0
16336,5,1
16336,6,1
16336,7,1
16336,49,1
16336,50,1
16336,52,1
16336,53,1
16336,54,1
16336,56,1
16336,57,1
16336,59,1
16336,60,1
16336,61,1
16336,63,1
16336,64,1
16336,65,1
16336,66,1
16336,67,1
16336,72,1
16336,73,1
16336,74,1
16336,82,1
16336,83,1
16336,84,1
16336,86,1
16336,87,1
16336,88,1
16336,90,1
16336,91,1
16336,92,1
16336,93,1
16336,147,1
16336,148,0
16336,149,0
16336,150,0
16336,194,0
16336,196,0
16336,197,0
16336,198,0
16336,200,0
16336,201,0
16336,202,1
16336,203,0
16342,1,1
16342,2,0
16342,3,1
16342,5,1
16342,6,1
16342,7,1
16342,29,1
16342,30,1
16342,31,0
16342,32,0
16342,33,0
16342,34,0
16342,35,0
16342,36,0
16342,37,0
16342,39,0
16342,40,0
16342,41,0
16342,49,1
16342,50,1
16342,52,1
16342,53,1
16342,54,1
16342,56,1
16342,57,1
16342,59,1
16342,60,1
16342,61,1
16342,63,1
16342,64,1
16342,65,1
16342,66,1
16342,67,1
16342,72,1
16342,73,1
16342,74,1
16342,82,1
16342,83,1
16342,84,1
16342,86,1
16342,87,1
16342,88,1
16342,90,1
16342,91,1
16342,92,1
16342,93,1
16342,147,1
16342,148,0
16342,149,0
16342,150,0
16342,194,0
16342,196,0
16342,197,0
16342,198,0
16342,200,0
16342,201,1
16342,202,0
16342,203,0
16344,1,1
16344,2,0
16344,3,1
16344,5,1
16344,6,1
16344,7,1
16344,9,0
16344,10,0
16344,11,0
16344,12,1
16344,29,0
16344,30,0
16344,31,0
16344,32,0
16344,33,0
16344,34,0
16344,35,0
16344,36,0
16344,37,0
16344,39,1
16344,49,1
16344,50,1
16344,52,1
16344,53,1
16344,54,1
16344,56,1
16344,57,1
16344,59,1
16344,60,1
16344,61,1
16344,63,1
16344,64,1
16344,65,1
16344,66,1
16344,67,1
16344,72,1
16344,73,1
16344,74,1
16344,82,1
16344,83,1
16344,84,1
16344,86,1
16344,87,1
16344,88,1
16344,90,1
16344,91,1
16344,92,1
16344,93,0
16344,147,1
16344,148,0
16344,149,0
16344,150,0
16344,194,0
16344,196,0
16344,197,0
16344,198,0
16344,200,0
16344,201,1
16344,202,0
16344,203,0
16349,1,1
16349,2,0
16349,3,1
16349,5,1
16349,6,1
16349,7,1
16349,9,1
16349,10,0
16349,11,0
16349,12,0
16349,29,1
16349,32,0
16349,33,0
16349,34,0
16349,35,0
16349,36,0
16349,37,0
16349,39,0
16349,40,0
16349,41,0
16349,56,1
16349,57,1
16349,59,1
16349,60,1
16349,61,1
16349,63,1
16349,64,1
16349,65,1
16349,66,1
16349,67,1
16349,72,1
16349,73,1
16349,74,1
16349,82,1
16349,83,1
16349,84,1
16349,86,1
16349,87,1
16349,88,1
16349,90,1
16349,91,1
16349,92,1
16349,93,1
16349,147,1
16349,148,0
16349,149,0
16349,150,0
16349,194,0
16349,196,0
16349,197,0
16349,198,0
16349,200,0
16349,201,0
16349,202,0
16349,203,0
16352,1,1
16352,2,0
16352,3,1
16352,5,1
16352,6,1
16352,7,1
16352,56,1
16352,57,1
16352,59,1
16352,60,1
16352,61,1
16352,63,1
16352,64,1
16352,65,1
16352,66,1
16352,67,1
16352,72,1
16352,73,1
16352,74,1
16352,82,1
16352,83,1
16352,84,1
16352,86,1
16352,87,1
16352,88,1
16352,90,1
16352,91,1
16352,92,1
16352,93,1
16352,147,1
16352,148,0
16352,149,0
16352,150,0
16352,194,0
16352,196,0
16352,197,0
16352,198,0
16352,200,0
16352,201,1
16352,202,0
16352,203,0
16362,1,1
16362,2,0
16362,3,1
16362,5,1
16362,6,1
16362,7,1
16362,49,1
16362,50,1
16362,52,1
16362,53,1
16362,54,1
16362,56,1
16362,57,1
16362,59,1
16362,60,1
16362,61,1
16362,63,1
16362,64,1
16362,65,1
16362,66,1
16362,67,1
16362,72,1
16362,73,1
16362,74,1
16362,82,1
16362,83,1
16362,84,1
16362,86,1
16362,87,1
16362,88,1
16362,90,1
16362,91,1
16362,92,1
16362,93,0
16362,147,1
16362,148,0
16362,149,0
16362,150,0
16362,194,0
16362,196,0
16362,197,0
16362,198,0
16362,200,0
16362,201,1
16362,202,0
16362,203,0
16363,1,1
16363,2,0
16363,3,1
16363,5,1
16363,6,1
16363,7,1
16363,29,0
16363,30,0
16363,31,0
16363,32,1
16363,33,0
16363,34,0
16363,35,1
16363,36,0
16363,37,1
16363,39,0
16363,40,0
16363,41,0
16363,49,1
16363,50,1
16363,52,1
16363,53,1
16363,54,1
16363,56,1
16363,57,1
16363,59,1
16363,60,1
16363,61,1
16363,63,1
16363,64,1
16363,65,1
16363,66,1
16363,67,1
16363,72,1
16363,73,1
16363,74,1
16363,82,1
16363,83,1
16363,84,1
16363,86,1
16363,87,1
16363,88,1
16363,90,1
16363,91,1
16363,92,1
16363,93,1
16363,147,1
16363,148,0
16363,149,0
16363,150,0
16363,194,0
16363,196,0
16363,197,0
16363,198,0
16363,200,0
16363,201,1
16363,202,0
16363,203,0
16370,1,1
16370,2,0
16370,3,1
16370,5,1
16370,6,1
16370,7,1
16370,9,1
16370,10,0
16370,11,0
16370,12,0
16370,29,0
16370,30,0
16370,31,0
16370,32,0
16370,33,0
16370,34,0
16370,35,1
16370,36,1
16370,37,0
16370,39,0
16370,40,0
16370,41,0
16370,49,1
16370,50,1
16370,52,1
16370,53,1
16370,54,1
16370,56,1
16370,57,1
16370,59,1
16370,60,1
16370,61,1
16370,63,1
16370,64,1
16370,65,1
16370,66,1
16370,67,1
16370,72,1
16370,73,1
16370,74,1
16370,82,1
16370,83,1
16370,84,1
16370,86,1
16370,87,1
16370,88,1
16370,90,1
16370,91,1
16370,92,1
16370,93,1
16370,147,0
16370,148,1
16370,149,0
16370,150,0
16370,152,1
16370,153,1
16370,154,1
16370,155,0
16370,157,0
16370,159,0
16370,160,0
16370,164,0
16370,170,0
16370,171,0
16370,172,0
16370,173,0
16370,174,0
16370,175,0
16370,176,0
16370,177,0
16370,178,0
16370,181,0
16370,182,0
16370,183,0
16370,184,0
16370,194,0
16370,196,0
16370,197,0
16370,198,0
16370,200,0
16370,201,1
16370,202,0
16370,203,0
16373,1,1
16373,2,0
16373,3,1
16373,5,1
16373,6,1
16373,7,1
16373,9,1
16373,10,0
16373,11,0
16373,12,0
16373,29,1
16373,30,1
16373,31,0
16373,32,0
16373,33,0
16373,34,0
16373,35,0
16373,36,0
16373,37,0
16373,39,0
16373,40,0
16373,41,0
16373,49,1
16373,50,1
16373,52,1
16373,53,1
16373,54,1
16373,56,1
16373,57,1
16373,59,1
16373,60,1
16373,61,1
16373,63,1
16373,64,1
16373,65,1
16373,66,1
16373,67,1
16373,72,1
16373,73,1
16373,74,1
16373,82,1
16373,83,1
16373,84,1
16373,86,1
16373,87,1
16373,88,1
16373,90,1
16373,91,1
16373,92,1
16373,93,1
16373,147,1
16373,148,0
16373,149,0
16373,150,0
16373,194,0
16373,196,0
16373,197,0
16373,198,0
16373,200,0
16373,201,0
16373,202,1
16373,203,0
16385,1,1
16385,2,0
16385,3,1
16385,5,1
16385,6,1
16385,7,1
16385,9,0
16385,10,1
16385,11,0
16385,12,0
16385,29,1
16385,32,0
16385,33,0
16385,34,0
16385,35,0
16385,36,0
16385,37,0
16385,39,0
16385,40,0
16385,41,0
16385,56,1
16385,57,1
16385,59,1
16385,60,1
16385,61,1
16385,63,1
16385,64,1
16385,65,1
16385,66,1
16385,67,1
16385,72,1
16385,73,1
16385,74,1
16385,82,1
16385,83,1
16385,84,1
16385,86,1
16385,87,1
16385,88,1
16385,90,1
16385,91,1
16385,92,1
16385,93,1
16385,147,1
16385,148,0
16385,149,0
16385,150,0
16385,194,0
16385,196,0
16385,197,0
16385,198,0
16385,200,0
16385,201,1
16385,202,0
16385,203,0
16397,1,1
16397,2,1
16397,3,0
16397,5,1
16397,6,1
16397,7,1
16397,56,1
16397,57,1
16397,59,1
16397,60,1
16397,61,1
16397,63,1
16397,64,1
16397,65,1
16397,66,1
16397,67,1
16397,72,1
16397,73,1
16397,74,1
16397,82,1
16397,83,1
16397,84,1
16397,86,1
16397,87,1
16397,88,1
16397,90,1
16397,91,1
16397,92,1
16397,93,1
16397,147,1
16397,148,0
16397,149,0
16397,150,0
16397,194,0
16397,196,0
16397,197,0
16397,198,0
16397,200,0
16397,201,0
16397,202,0
16397,203,0
16405,1,1
16405,2,0
16405,3,1
16405,5,1
16405,6,1
16405,7,1
16405,49,1
16405,50,1
16405,52,1
16405,53,1
16405,54,1
16405,56,1
16405,57,1
16405,59,1
16405,60,1
16405,61,1
16405,63,1
16405,64,1
16405,65,1
16405,66,1
16405,67,1
16405,72,0
16405,73,0
16405,74,0
16405,82,1
16405,83,1
16405,84,1
16405,86,1
16405,87,1
16405,88,1
16405,90,1
16405,91,1
16405,92,1
16405,93,1
16405,147,1
16405,148,0
16405,149,0
16405,150,0
16405,194,0
16405,196,0
16405,197,0
16405,198,0
16405,200,0
16405,201,1
16405,202,0
16405,203,0
16413,1,1
16413,2,0
16413,3,1
16413,5,1
16413,6,1
16413,7,1
16413,56,1
16413,57,1
16413,59,1
16413,60,1
16413,61,1
16413,63,1
16413,64,1
16413,65,1
16413,66,1
16413,67,1
16413,72,1
16413,73,1
16413,74,1
16413,82,1
16413,83,1
16413,84,1
16413,86,1
16413,87,1
16413,88,1
16413,90,1
16413,91,1
16413,92,1
16413,93,0
16413,147,1
16413,148,0
16413,149,0
16413,150,0
16413,194,0
16413,196,0
16413,197,0
16413,198,0
16413,200,0
16413,201,0
16413,202,0
16413,203,0
16417,1,1
16417,2,0
16417,3,1
16417,5,1
16417,6,1
16417,7,1
16417,72,1
16417,73,1
16417,74,1
16417,82,1
16417,83,1
16417,84,1
16417,90,1
16417,91,1
16417,92,1
16417,93,1
16417,147,1
16417,148,0
16417,149,0
16417,150,0
16417,194,0
16417,196,0
16417,197,0
16417,198,0
16417,200,0
16417,201,1
16417,202,0
16417,203,0
16418,1,1
16418,2,0
16418,3,1
16418,5,1
16418,6,1
16418,7,1
16418,56,1
16418,57,1
16418,59,1
16418,60,1
16418,61,1
16418,63,1
16418,64,1
16418,65,1
16418,66,1
16418,67,1
16418,72,0
16418,73,1
16418,74,1
16418,82,1
16418,83,1
16418,84,1
16418,86,1
16418,87,1
16418,88,1
16418,90,1
16418,91,1
16418,92,1
16418,93,1
16418,147,1
16418,148,0
16418,149,0
16418,150,0
16418,194,0
16418,196,0
16418,197,0
16418,198,0
16418,200,0
16418,201,0
16418,202,0
16418,203,0
16419,1,1
16419,2,0
16419,3,1
16419,5,1
16419,6,1
16419,7,1
16419,49,1
16419,50,1
16419,52,1
16419,53,1
16419,54,1
16419,56,1
16419,57,1
16419,59,1
16419,60,1
16419,61,1
16419,63,1
16419,64,1
16419,65,1
16419,66,1
16419,67,1
16419,72,1
16419,73,1
16419,74,1
16419,82,1
16419,83,1
16419,84,0
16419,86,1
16419,87,1
16419,88,1
16419,90,1
16419,91,1
16419,92,1
16419,93,1
16419,147,0
16419,148,1
16419,149,0
16419,150,0
16419,152,1
16419,153,1
16419,154,0
16419,155,1
16419,157,0
16419,159,0
16419,160,0
16419,164,0
16419,170,0
16419,171,0
16419,172,0
16419,173,0
16419,174,0
16419,175,0
16419,176,0
16419,177,0
16419,178,0
16419,181,0
16419,182,0
16419,183,0
16419,184,0
16419,194,1
16419,196,0
16419,197,0
16419,198,0
16419,200,0
16419,201,1
16419,202,0
16419,203,0
16420,1,1
16420,2,0
16420,3,1
16420,5,1
16420,6,1
16420,7,1
16420,9,0
16420,10,0
16420,11,0
16420,12,0
16420,49,1
16420,50,1
16420,52,1
16420,53,1
16420,54,1
16420,56,1
16420,57,1
16420,59,1
16420,60,1
16420,61,1
16420,63,1
16420,64,1
16420,65,1
16420,66,1
16420,67,1
16420,72,1
16420,73,1
16420,74,1
16420,82,1
16420,83,1
16420,84,1
16420,86,1
16420,87,1
16420,88,1
16420,90,0
16420,91,0
16420,92,0
16420,93,0
16420,147,1
16420,148,0
16420,149,0
16420,150,0
16420,194,0
16420,196,0
16420,197,0
16420,198,0
16420,200,0
16420,201,1
16420,202,0
16420,203,0
16426,1,1
16426,5,1
16426,6,1
16426,7,1
16426,49,1
16426,50,1
16426,52,1
16426,53,1
16426,54,1
16426,56,1
16426,57,1
16426,59,1
16426,60,1
16426,61,1
16426,63,1
16426,64,1
16426,65,1
16426,66,1
16426,67,1
16426,72,1
16426,73,1
16426,74,1
16426,82,1
16426,83,1
16426,84,1
16426,86,1
16426,87,1
16426,88,0
16426,90,1
16426,91,1
16426,92,1
16426,93,1
16426,147,1
16426,148,0
16426,149,0
16426,150,0
16426,194,0
16426,196,0
16426,197,0
16426,198,0
16426,200,0
16426,201,0
16426,202,0
16426,203,0
16427,1,1
16427,2,0
16427,3,1
16427,5,1
16427,6,1
16427,7,1
16427,9,1
16427,10,0
16427,11,0
16427,12,0
16427,29,1
16427,30,0
16427,31,1
16427,32,0
16427,33,0
16427,34,0
16427,35,0
16427,36,0
16427,37,0
16427,39,0
16427,40,0
16427,41,0
16427,49,1
16427,50,1
16427,52,1
16427,53,1
16427,54,1
16427,56,1
16427,57,1
16427,59,1
16427,60,1
16427,61,1
16427,63,1
16427,64,1
16427,65,1
16427,66,1
16427,67,1
16427,72,1
16427,73,1
16427,74,1
16427,82,1
16427,83,1
16427,84,1
16427,90,1
16427,91,1
16427,92,1
16427,93,1
16427,147,1
16427,148,0
16427,149,0
16427,150,0
16427,194,0
16427,196,0
16427,197,0
16427,198,0
16427,200,0
16427,201,0
16427,202,0
16427,203,0
16430,1,1
16430,2,0
16430,3,1
16430,5,1
16430,6,1
16430,7,1
16430,29,0
16430,30,0
16430,31,0
16430,32,1
16430,33,0
16430,34,1
16430,35,0
16430,36,0
16430,37,0
16430,39,0
16430,40,0
16430,41,0
16430,56,1
16430,57,1
16430,59,1
16430,60,1
16430,61,1
16430,63,1
16430,64,1
16430,65,1
16430,66,1
16430,67,1
16430,72,1
16430,73,1
16430,74,1
16430,82,1
16430,83,1
16430,84,1
16430,86,1
16430,87,1
16430,88,1
16430,90,1
16430,91,1
16430,92,0
16430,93,0
16430,147,1
16430,148,0
16430,149,0
16430,150,0
16430,194,0
16430,196,0
16430,197,0
16430,198,0
16430,200,0
16430,201,0
16430,202,0
16430,203,0
16431,1,1
16431,2,0
16431,3,1
16431,5,1
16431,6,1
16431,7,1
16431,29,1
16431,32,0
16431,33,0
16431,34,0
16431,35,0
16431,36,0
16431,37,0
16431,39,0
16431,40,0
16431,41,0
16431,49,1
16431,50,1
16431,52,1
16431,53,1
16431,54,1
16431,56,1
16431,57,1
16431,59,1
16431,60,1
16431,61,1
16431,63,1
16431,64,1
16431,65,1
16431,66,1
16431,67,1
16431,72,1
16431,73,1
16431,74,1
16431,82,1
16431,83,1
16431,84,1
16431,86,1
16431,87,1
16431,88,1
16431,90,1
16431,91,1
16431,92,1
16431,93,1
16431,147,1
16431,148,0
16431,149,0
16431,150,0
16431,194,0
16431,196,0
16431,197,0
16431,198,0
16431,200,0
16431,201,1
16431,202,0
16431,203,0
16432,1,1
16432,2,1
16432,3,0
16432,5,1
16432,6,1
16432,7,1
16432,9,1
16432,10,0
16432,11,0
16432,12,0
16432,29,1
16432,30,1
16432,31,0
16432,32,0
16432,33,0
16432,34,0
16432,35,0
16432,36,0
16432,37,0
16432,39,0
16432,40,0
16432,41,0
16432,49,1
16432,50,1
16432,52,1
16432,53,1
16432,54,1
16432,56,1
16432,57,1
16432,59,1
16432,60,1
16432,61,1
16432,63,1
16432,64,1
16432,65,1
16432,66,1
16432,67,1
16432,72,1
16432,73,1
16432,74,1
16432,82,1
16432,83,1
16432,84,1
16432,86,1
16432,87,1
16432,88,1
16432,90,1
16432,91,1
16432,92,1
16432,93,1
16432,147,1
16432,148,0
16432,149,0
16432,150,0
16432,194,0
16432,196,0
16432,197,0
16432,198,0
16432,200,0
16432,201,0
16432,202,0
16432,203,0
16434,1,1
16434,2,0
16434,3,1
16434,5,1
16434,6,1
16434,7,1
16434,56,1
16434,57,1
16434,59,1
16434,60,1
16434,61,1
16434,63,1
16434,64,1
16434,65,1
16434,66,1
16434,67,1
16434,72,1
16434,73,1
16434,74,1
16434,82,1
16434,83,1
16434,84,1
16434,86,1
16434,87,1
16434,88,1
16434,90,1
16434,91,1
16434,92,1
16434,93,1
16434,147,1
16434,148,0
16434,149,0
16434,150,0
16434,194,0
16434,196,0
16434,197,0
16434,198,0
16434,200,0
16434,201,1
16434,202,0
16434,203,0
16568,1,1
16568,2,0
16568,3,1
16568,5,1
16568,6,1
16568,7,1
16568,9,0
16568,10,1
16568,11,0
16568,12,0
16568,29,0
16568,30,0
16568,31,0
16568,32,0
16568,33,0
16568,34,0
16568,35,1
16568,36,1
16568,37,0
16568,39,0
16568,40,0
16568,41,0
16568,49,1
16568,50,1
16568,52,1
16568,53,1
16568,54,1
16568,56,1
16568,57,1
16568,59,1
16568,60,1
16568,61,1
16568,63,1
16568,64,1
16568,65,1
16568,66,1
16568,67,1
16568,72,1
16568,73,1
16568,74,1
16568,82,1
16568,83,1
16568,84,1
16568,86,1
16568,87,1
16568,88,1
16568,90,1
16568,91,1
16568,92,1
16568,93,1
16568,147,0
16568,148,0
16568,149,1
16568,150,0
16568,152,1
16568,153,1
16568,154,1
16568,155,1
16568,157,1
16568,159,0
16568,160,0
16568,164,0
16568,170,0
16568,171,0
16568,172,0
16568,173,0
16568,174,0
16568,175,0
16568,176,0
16568,177,0
16568,178,0
16568,181,0
16568,182,0
16568,183,0
16568,184,0
16568,194,0
16568,196,0
16568,197,0
16568,198,0
16568,200,0
16568,201,1
16568,202,0
16568,203,0
16587,1,1
16587,2,1
16587,3,0
16587,5,1
16587,6,1
16587,7,1
16587,72,0
16587,73,1
16587,74,1
16587,82,1
16587,83,1
16587,84,1
16587,90,1
16587,91,1
16587,92,1
16587,93,1
16587,147,1
16587,148,0
16587,149,0
16587,150,0
16587,194,0
16587,196,0
16587,197,0
16587,198,0
16587,200,0
16587,201,1
16587,202,0
16587,203,0
16669,1,1
16669,2,0
16669,3,1
16669,5,1
16669,6,1
16669,7,1
16669,9,0
16669,10,0
16669,11,1
16669,12,0
16669,29,0
16669,30,0
16669,31,0
16669,32,0
16669,33,0
16669,34,0
16669,35,0
16669,36,0
16669,37,0
16669,39,1
16669,49,1
16669,50,1
16669,52,1
16669,53,1
16669,54,1
16669,56,1
16669,57,1
16669,59,1
16669,60,1
16669,61,1
16669,63,1
16669,64,1
16669,65,1
16669,66,1
16669,67,1
16669,72,1
16669,73,1
16669,74,1
16669,82,1
16669,83,1
16669,84,1
16669,86,1
16669,87,1
16669,88,1
16669,90,1
16669,91,1
16669,92,1
16669,93,1
16669,147,0
16669,148,1
16669,149,0
16669,150,0
16669,152,1
16669,153,1
16669,154,0
16669,155,1
16669,157,1
16669,159,1
16669,160,0
16669,164,0
16669,170,0
16669,171,0
16669,172,0
16669,173,0
16669,174,0
16669,175,0
16669,176,0
16669,177,0
16669,178,0
16669,181,0
16669,182,0
16669,183,0
16669,184,0
16669,194,1
16669,196,0
16669,197,0
16669,198,0
16669,200,0
16669,201,1
16669,202,0
16669,203,0
16670,1,1
16670,2,0
16670,3,1
16670,5,1
16670,6,1
16670,7,1
16670,72,1
16670,73,1
16670,74,1
16670,82,1
16670,83,1
16670,84,1
16670,90,1
16670,91,1
16670,92,1
16670,93,1
16670,147,1
16670,148,0
16670,149,0
16670,150,0
16670,194,0
16670,196,0
16670,197,0
16670,198,0
16670,200,0
16670,201,0
16670,202,0
16670,203,0
16673,1,1
16673,2,0
16673,3,1
16673,5,1
16673,6,1
16673,7,1
16673,72,1
16673,73,1
16673,74,1
16673,82,1
16673,83,1
16673,84,1
16673,86,1
16673,87,1
16673,88,1
16673,90,1
16673,91,1
16673,92,1
16673,93,1
16673,147,1
16673,148,0
16673,149,0
16673,150,0
16673,194,0
16673,196,0
16673,197,0
16673,198,0
16673,200,0
16673,201,1
16673,202,0
16673,203,0
16674,1,1
16674,2,0
16674,3,1
16674,5,1
16674,6,1
16674,7,1
16674,9,1
16674,10,0
16674,11,0
16674,12,0
16674,29,0
16674,30,0
16674,31,0
16674,32,0
16674,33,0
16674,34,0
16674,35,0
16674,36,0
16674,37,0
16674,39,1
16674,49,1
16674,50,1
16674,52,1
16674,53,1
16674,54,1
16674,56,1
16674,57,1
16674,59,1
16674,60,1
16674,61,1
16674,63,1
16674,64,1
16674,65,1
16674,66,1
16674,67,1
16674,72,1
16674,73,1
16674,74,1
16674,82,1
16674,83,1
16674,84,1
16674,86,1
16674,87,1
16674,88,1
16674,90,1
16674,91,1
16674,92,1
16674,93,1
16674,147,0
16674,148,1
16674,149,0
16674,150,0
16674,152,0
16674,153,0
16674,154,0
16674,155,0
16674,157,0
16674,159,0
16674,160,0
16674,164,0
16674,170,1
16674,171,0
16674,172,0
16674,173,0
16674,174,0
16674,175,0
16674,176,0
16674,177,1
16674,178,1
16674,181,0
16674,182,0
16674,183,0
16674,184,0
16674,194,0
16674,196,0
16674,197,0
16674,198,0
16674,200,0
16674,201,0
16674,202,0
16674,203,0
16676,1,1
16676,2,0
16676,3,1
16676,5,1
16676,6,1
16676,7,1
16676,29,1
16676,30,1
16676,31,0
16676,32,0
16676,33,0
16676,34,0
16676,35,0
16676,36,0
16676,37,0
16676,39,0
16676,40,0
16676,41,0
16676,72,1
16676,73,1
16676,74,1
16676,82,1
16676,83,1
16676,84,1
16676,90,1
16676,91,1
16676,92,1
16676,93,1
16676,147,1
16676,148,0
16676,149,0
16676,150,0
16676,194,0
16676,196,0
16676,197,0
16676,198,0
16676,200,0
16676,201,1
16676,202,0
16676,203,0
16680,1,1
16680,2,0
16680,3,1
16680,5,1
16680,6,1
16680,7,1
16680,49,1
16680,50,1
16680,52,1
16680,53,1
16680,54,1
16680,56,1
16680,57,1
16680,59,1
16680,60,1
16680,61,1
16680,63,1
16680,64,1
16680,65,1
16680,66,1
16680,67,1
16680,72,1
16680,73,1
16680,74,1
16680,82,1
16680,83,1
16680,84,1
16680,86,1
16680,87,1
16680,88,1
16680,90,1
16680,91,1
16680,92,1
16680,93,1
16680,147,1
16680,148,0
16680,149,0
16680,150,0
16680,194,0
16680,196,0
16680,197,0
16680,198,0
16680,200,0
16680,201,1
16680,202,0
16680,203,0
16687,1,1
16687,2,0
16687,3,1
16687,5,1
16687,6,1
16687,7,1
16687,29,1
16687,32,0
16687,33,0
16687,34,0
16687,35,0
16687,36,0
16687,37,0
16687,39,0
16687,40,0
16687,41,0
16687,49,1
16687,50,1
16687,52,1
16687,53,1
16687,54,1
16687,56,1
16687,57,1
16687,59,1
16687,60,1
16687,61,1
16687,63,1
16687,64,1
16687,65,1
16687,66,1
16687,67,1
16687,72,1
16687,73,1
16687,74,1
16687,82,1
16687,83,1
16687,84,1
16687,86,1
16687,87,1
16687,88,1
16687,90,1
16687,91,1
16687,92,1
16687,93,1
16687,147,1
16687,148,0
16687,149,0
16687,150,0
16687,194,0
16687,196,0
16687,197,0
16687,198,0
16687,200,0
16687,201,0
16687,202,0
16687,203,0
16698,1,1
16698,2,0
16698,3,1
16698,5,1
16698,6,1
16698,7,1
16698,56,1
16698,57,1
16698,59,1
16698,60,1
16698,61,1
16698,63,1
16698,64,1
16698,65,1
16698,66,1
16698,67,1
16698,72,1
16698,73,1
16698,74,1
16698,82,1
16698,83,1
16698,84,1
16698,86,1
16698,87,1
16698,88,1
16698,90,1
16698,91,1
16698,92,1
16698,93,0
16698,147,1
16698,148,0
16698,149,0
16698,150,0
16698,194,0
16698,196,0
16698,197,0
16698,198,0
16698,200,0
16698,201,0
16698,202,0
16698,203,0
16699,1,1
16699,2,0
16699,3,1
16699,5,1
16699,6,1
16699,7,1
16699,9,0
16699,10,0
16699,11,0
16699,12,0
16699,29,0
16699,30,0
16699,31,0
16699,32,0
16699,33,0
16699,34,0
16699,35,0
16699,36,0
16699,37,0
16699,39,1
16699,49,1
16699,50,1
16699,52,1
16699,53,1
16699,54,1
16699,56,1
16699,57,1
16699,59,1
16699,60,1
16699,61,1
16699,63,0
16699,64,0
16699,65,1
16699,66,1
16699,67,1
16699,72,1
16699,73,1
16699,74,1
16699,82,1
16699,83,1
16699,84,1
16699,86,1
16699,87,1
16699,88,1
16699,90,1
16699,91,1
16699,92,1
16699,93,1
16699,147,1
16699,148,0
16699,149,0
16699,150,0
16699,194,1
16699,196,1
16699,197,0
16699,198,0
16699,200,0
16699,201,1
16699,202,0
16699,203,0
16702,1,1
16702,5,1
16702,6,1
16702,7,1
16702,29,0
16702,30,0
16702,31,0
16702,32,0
16702,33,0
16702,34,0
16702,35,0
16702,36,0
16702,37,0
16702,39,1
16702,49,1
16702,50,1
16702,52,1
16702,53,1
16702,54,1
16702,56,1
16702,57,1
16702,59,1
16702,60,1
16702,61,1
16702,63,1
16702,64,1
16702,65,1
16702,66,1
16702,67,1
16702,72,0
16702,73,1
16702,74,1
16702,82,1
16702,83,1
16702,84,1
16702,86,1
16702,87,1
16702,88,1
16702,90,1
16702,91,1
16702,92,1
16702,93,1
16702,147,1
16702,148,0
16702,149,0
16702,150,0
16702,194,0
16702,196,0
16702,197,0
16702,198,0
16702,200,0
16702,201,1
16702,202,0
16702,203,0
16719,1,1
16719,2,0
16719,3,1
16719,5,1
16719,6,1
16719,7,1
16719,49,1
16719,50,1
16719,52,1
16719,53,1
16719,54,1
16719,56,1
16719,57,1
16719,59,1
16719,60,1
16719,61,1
16719,63,1
16719,64,1
16719,65,1
16719,66,1
16719,67,1
16719,72,1
16719,73,1
16719,74,1
16719,82,1
16719,83,1
16719,84,1
16719,86,1
16719,87,1
16719,88,1
16719,90,1
16719,91,1
16719,92,1
16719,93,1
16719,147,1
16719,148,0
16719,149,0
16719,150,0
16719,194,0
16719,196,0
16719,197,0
16719,198,0
16719,200,0
16719,201,0
16719,202,0
16719,203,0
16730,1,1
16730,2,0
16730,3,1
16730,5,1
16730,6,1
16730,7,1
16730,9,0
16730,10,1
16730,11,0
16730,12,0
16730,29,0
16730,30,0
16730,31,0
16730,32,0
16730,33,0
16730,34,0
16730,35,0
16730,36,0
16730,37,0
16730,39,1
16730,49,1
16730,50,1
16730,52,1
16730,53,1
16730,54,1
16730,56,1
16730,57,1
16730,59,1
16730,60,1
16730,61,1
16730,63,0
16730,64,1
16730,65,1
16730,66,1
16730,67,1
16730,72,1
16730,73,1
16730,74,1
16730,82,1
16730,83,1
16730,84,1
16730,86,1
16730,87,1
16730,88,1
16730,90,1
16730,91,1
16730,92,1
16730,93,1
16730,147,0
16730,148,0
16730,149,0
16730,150,0
16730,152,1
16730,153,1
16730,154,0
16730,155,1
16730,157,1
16730,159,0
16730,160,1
16730,164,0
16730,170,1
16730,171,0
16730,172,0
16730,173,0
16730,174,0
16730,175,0
16730,176,0
16730,177,0
16730,178,0
16730,181,0
16730,182,0
16730,183,0
16730,184,0
16730,194,0
16730,196,0
16730,197,0
16730,198,0
16730,200,0
16730,201,1
16730,202,0
16730,203,0
16733,1,1
16733,2,1
16733,3,0
16733,5,1
16733,6,1
16733,7,1
16733,147,1
16733,148,0
16733,149,0
16733,150,0
16733,194,0
16733,196,0
16733,197,0
16733,198,0
16733,200,0
16733,201,0
16733,202,0
16733,203,0
16734,1,1
16734,2,0
16734,3,1
16734,5,1
16734,6,1
16734,7,1
16734,49,1
16734,50,1
16734,52,1
16734,53,1
16734,54,1
16734,56,1
16734,57,1
16734,59,1
16734,60,1
16734,61,1
16734,63,1
16734,64,1
16734,65,1
16734,66,1
16734,67,1
16734,72,1
16734,73,1
16734,74,1
16734,82,1
16734,83,1
16734,84,1
16734,86,1
16734,87,1
16734,88,1
16734,90,1
16734,91,1
16734,92,1
16734,93,1
16734,147,1
16734,148,0
16734,149,0
16734,150,0
16734,194,0
16734,196,0
16734,197,0
16734,198,0
16734,200,0
16734,201,0
16734,202,0
16734,203,0
16736,1,1
16736,2,0
16736,3,1
16736,5,1
16736,6,1
16736,7,1
16736,9,1
16736,10,0
16736,11,0
16736,12,0
16736,29,0
16736,30,0
16736,31,0
16736,32,0
16736,33,0
16736,34,0
16736,35,0
16736,36,0
16736,37,0
16736,39,1
16736,49,1
16736,50,1
16736,52,1
16736,53,1
16736,54,1
16736,56,1
16736,57,1
16736,59,1
16736,60,1
16736,61,1
16736,63,1
16736,64,1
16736,65,1
16736,66,1
16736,67,1
16736,72,1
16736,73,1
16736,74,1
16736,82,1
16736,83,1
16736,84,1
16736,86,1
16736,87,1
16736,88,1
16736,90,1
16736,91,1
16736,92,1
16736,93,1
16736,147,1
16736,148,0
16736,149,0
16736,150,0
16736,194,0
16736,196,0
16736,197,0
16736,198,0
16736,200,0
16736,201,1
16736,202,0
16736,203,0
16740,1,1
16740,2,1
16740,3,0
16740,5,1
16740,6,1
16740,7,1
16740,29,1
16740,30,1
16740,31,0
16740,32,0
16740,33,0
16740,34,0
16740,35,0
16740,36,0
16740,37,0
16740,39,0
16740,40,0
16740,41,0
16740,56,1
16740,57,1
16740,59,1
16740,60,1
16740,61,1
16740,63,1
16740,64,1
16740,65,1
16740,66,1
16740,67,1
16740,72,1
16740,73,1
16740,74,1
16740,82,1
16740,83,1
16740,84,1
16740,86,1
16740,87,1
16740,88,1
16740,90,1
16740,91,1
16740,92,1
16740,93,1
16740,147,1
16740,148,0
16740,149,0
16740,150,0
16740,194,0
16740,196,0
16740,197,0
16740,198,0
16740,200,0
16740,201,0
16740,202,0
16740,203,0
16741,1,1
16741,2,0
16741,3,1
16741,5,1
16741,6,1
16741,7,1
16741,49,0
16741,50,0
16741,52,1
16741,53,1
16741,54,1
16741,56,1
16741,57,1
16741,59,1
16741,60,1
16741,61,1
16741,63,1
16741,64,1
16741,65,1
16741,66,1
16741,67,1
16741,72,1
16741,73,1
16741,74,1
16741,82,1
16741,83,1
16741,84,1
16741,86,1
16741,87,1
16741,88,1
16741,90,1
16741,91,1
16741,92,1
16741,93,1
16741,147,1
16741,148,0
16741,149,0
16741,150,0
16741,194,0
16741,196,0
16741,197,0
16741,198,0
16741,200,0
16741,201,0
16741,202,0
16741,203,0
16742,1,1
16742,2,1
16742,3,0
16742,5,1
16742,6,1
16742,7,1
16742,56,1
16742,57,1
16742,59,1
16742,60,1
16742,61,1
16742,63,1
16742,64,1
16742,65,1
16742,66,1
16742,67,1
16742,72,0
16742,73,1
16742,74,1
16742,82,1
16742,83,1
16742,84,1
16742,86,1
16742,87,1
16742,88,1
16742,90,1
16742,91,1
16742,92,1
16742,93,0
16742,147,1
16742,148,0
16742,149,0
16742,150,0
16742,194,0
16742,196,0
16742,197,0
16742,198,0
16742,200,0
16742,201,0
16742,202,0
16742,203,0
16743,1,1
16743,5,1
16743,6,1
16743,7,1
16743,9,0
16743,10,0
16743,11,0
16743,12,0
16743,49,1
16743,50,1
16743,52,1
16743,53,1
16743,54,1
16743,56,1
16743,57,1
16743,59,1
16743,60,1
16743,61,1
16743,63,1
16743,64,1
16743,65,1
16743,66,1
16743,67,1
16743,72,1
16743,73,1
16743,74,1
16743,82,1
16743,83,1
16743,84,1
16743,86,1
16743,87,1
16743,88,1
16743,90,1
16743,91,0
16743,92,0
16743,93,0
16743,147,1
16743,148,0
16743,149,0
16743,150,0
16743,194,0
16743,196,0
16743,197,0
16743,198,0
16743,200,1
16743,201,0
16743,202,0
16743,203,0
16745,1,1
16745,2,0
16745,3,1
16745,5,1
16745,6,1
16745,7,1
16745,29,1
16745,30,1
16745,31,0
16745,32,0
16745,33,0
16745,34,0
16745,35,0
16745,36,0
16745,37,0
16745,39,0
16745,40,0
16745,41,0
16745,49,1
16745,50,1
16745,52,1
16745,53,1
16745,54,1
16745,56,1
16745,57,1
16745,59,1
16745,60,1
16745,61,1
16745,63,1
16745,64,1
16745,65,1
16745,66,1
16745,67,1
16745,72,0
16745,73,1
16745,74,1
16745,82,1
16745,83,1
16745,84,1
16745,86,1
16745,87,1
16745,88,1
16745,90,1
16745,91,1
16745,92,1
16745,93,1
16745,147,1
16745,148,0
16745,149,0
16745,150,0
16745,194,0
16745,196,0
16745,197,0
16745,198,0
16745,200,0
16745,201,1
16745,202,1
16745,203,0
16747,1,1
16747,2,0
16747,3,1
16747,5,1
16747,6,1
16747,7,1
16747,56,1
16747,57,1
16747,59,1
16747,60,1
16747,61,1
16747,63,1
16747,64,1
16747,65,1
16747,66,1
16747,67,1
16747,72,1
16747,73,1
16747,74,1
16747,82,1
16747,83,1
16747,84,1
16747,86,1
16747,87,1
16747,88,1
16747,90,1
16747,91,1
16747,92,1
16747,93,1
16747,147,1
16747,148,0
16747,149,0
16747,150,0
16747,194,0
16747,196,0
16747,197,0
16747,198,0
16747,200,0
16747,201,1
16747,202,0
16747,203,0
16749,1,1
16749,2,0
16749,3,1
16749,5,1
16749,6,1
16749,7,1
16749,9,1
16749,10,0
16749,11,0
16749,12,0
16749,49,1
16749,50,1
16749,52,1
16749,53,1
16749,54,1
16749,56,0
16749,57,1
16749,59,1
16749,60,1
16749,61,1
16749,63,1
16749,64,1
16749,65,1
16749,66,1
16749,67,1
16749,72,1
16749,73,1
16749,74,1
16749,82,1
16749,83,1
16749,84,0
16749,86,1
16749,87,1
16749,88,1
16749,90,1
16749,91,1
16749,92,1
16749,93,1
16749,147,0
16749,148,0
16749,149,1
16749,150,0
16749,152,1
16749,153,0
16749,154,0
16749,155,0
16749,157,0
16749,159,0
16749,160,0
16749,164,0
16749,170,0
16749,171,0
16749,172,0
16749,173,0
16749,174,0
16749,175,0
16749,176,0
16749,177,0
16749,178,0
16749,181,0
16749,182,0
16749,183,0
16749,184,0
16749,194,0
16749,196,0
16749,197,0
16749,198,0
16749,200,0
16749,201,1
16749,202,1
16749,203,0
16756,1,1
16756,2,0
16756,3,1
16756,5,1
16756,6,1
16756,7,1
16756,56,1
16756,57,1
16756,59,1
16756,60,1
16756,61,1
16756,63,1
16756,64,1
16756,65,1
16756,66,1
16756,67,1
16756,72,1
16756,73,1
16756,74,1
16756,82,1
16756,83,1
16756,84,1
16756,86,1
16756,87,1
16756,88,1
16756,90,1
16756,91,1
16756,92,1
16756,93,1
16756,147,1
16756,148,0
16756,149,0
16756,150,0
16756,194,0
16756,196,0
16756,197,0
16756,198,0
16756,200,0
16756,201,1
16756,202,0
16756,203,0
16760,1,1
16760,2,0
16760,3,1
16760,5,1
16760,6,1
16760,7,1
16760,29,0
16760,30,0
16760,31,0
16760,32,1
16760,33,1
16760,34,0
16760,35,0
16760,36,0
16760,37,0
16760,39,0
16760,40,0
16760,41,0
16760,49,1
16760,50,1
16760,52,1
16760,53,1
16760,54,1
16760,56,1
16760,57,1
16760,59,1
16760,60,1
16760,61,1
16760,63,1
16760,64,1
16760,65,1
16760,66,1
16760,67,1
16760,72,1
16760,73,1
16760,74,1
16760,82,1
16760,83,1
16760,84,1
16760,86,1
16760,87,1
16760,88,1
16760,90,1
16760,91,1
16760,92,1
16760,93,1
16760,147,1
16760,148,0
16760,149,0
16760,150,0
16760,194,0
16760,196,0
16760,197,0
16760,198,0
16760,200,0
16760,201,1
16760,202,0
16760,203,0
16827,1,1
16827,2,0
16827,3,1
16827,5,1
16827,6,1
16827,7,1
16827,29,0
16827,30,0
16827,31,0
16827,32,0
16827,33,0
16827,34,0
16827,35,0
16827,36,0
16827,37,0
16827,39,1
16827,49,1
16827,50,1
16827,52,1
16827,53,1
16827,54,1
16827,56,1
16827,57,1
16827,59,1
16827,60,1
16827,61,1
16827,63,1
16827,64,1
16827,65,1
16827,66,1
16827,67,1
16827,72,0
16827,73,1
16827,74,1
16827,82,1
16827,83,1
16827,84,1
16827,86,1
16827,87,1
16827,88,1
16827,90,1
16827,91,1
16827,92,0
16827,93,0
16827,147,1
16827,148,0
16827,149,0
16827,150,0
16827,194,0
16827,196,0
16827,197,0
16827,198,0
16827,200,0
16827,201,1
16827,202,0
16827,203,0
16848,1,1
16848,5,1
16848,6,1
16848,7,1
16848,147,1
16848,148,0
16848,149,0
16848,150,0
16848,194,0
16848,196,0
16848,197,0
16848,198,0
16848,200,0
16848,201,1
16848,202,0
16848,203,0
16998,1,1
16998,2,0
16998,3,1
16998,5,1
16998,6,1
16998,7,1
16998,29,1
16998,30,1
16998,31,0
16998,32,0
16998,33,0
16998,34,0
16998,35,0
16998,36,0
16998,37,0
16998,39,0
16998,40,0
16998,41,0
16998,49,1
16998,50,1
16998,52,1
16998,53,1
16998,54,1
16998,56,1
16998,57,1
16998,59,1
16998,60,1
16998,61,1
16998,63,0
16998,64,1
16998,65,1
16998,66,1
16998,67,1
16998,72,1
16998,73,1
16998,74,1
16998,82,1
16998,83,1
16998,84,1
16998,86,1
16998,87,1
16998,88,1
16998,90,1
16998,91,1
16998,92,1
16998,93,1
16998,147,1
16998,148,0
16998,149,0
16998,150,0
16998,194,0
16998,196,0
16998,197,0
16998,198,0
16998,200,0
16998,201,1
16998,202,1
16998,203,0
17038,1,1
17038,2,0
17038,3,1
17038,5,1
17038,6,1
17038,7,1
17038,56,1
17038,57,1
17038,59,1
17038,60,1
17038,61,1
17038,63,1
17038,64,1
17038,65,1
17038,66,1
17038,67,1
17038,72,1
17038,73,1
17038,74,1
17038,82,1
17038,83,1
17038,84,1
17038,86,1
17038,87,1
17038,88,1
17038,90,1
17038,91,1
17038,92,1
17038,93,1
17038,147,1
17038,148,0
17038,149,0
17038,150,0
17038,194,0
17038,196,0
17038,197,0
17038,198,0
17038,200,0
17038,201,1
17038,202,0
17038,203,0
17039,1,1
17039,2,1
17039,3,0
17039,5,1
17039,6,1
17039,7,1
17039,29,1
17039,30,1
17039,31,0
17039,32,0
17039,33,0
17039,34,0
17039,35,0
17039,36,0
17039,37,0
17039,39,0
17039,40,0
17039,41,0
17039,56,1
17039,57,1
17039,59,1
17039,60,1
17039,61,1
17039,63,1
17039,64,1
17039,65,1
17039,66,1
17039,67,1
17039,72,1
17039,73,1
17039,74,1
17039,82,1
17039,83,1
17039,84,1
17039,86,1
17039,87,1
17039,88,1
17039,90,1
17039,91,1
17039,92,1
17039,93,1
17039,147,1
17039,148,0
17039,149,0
17039,150,0
17039,194,0
17039,196,0
17039,197,0
17039,198,0
17039,200,0
17039,201,1
17039,202,0
17039,203,0
17040,1,1
17040,2,0
17040,3,1
17040,5,1
17040,6,1
17040,7,1
17040,29,0
17040,30,0
17040,31,0
17040,32,0
17040,33,0
17040,34,0
17040,35,0
17040,36,0
17040,37,0
17040,39,1
17040,49,0
17040,50,1
17040,52,1
17040,53,1
17040,54,1
17040,56,1
17040,57,1
17040,59,1
17040,60,1
17040,61,1
17040,63,0
17040,64,1
17040,65,1
17040,66,1
17040,67,1
17040,72,0
17040,73,1
17040,74,1
17040,82,1
17040,83,1
17040,84,1
17040,86,1
17040,87,1
17040,88,1
17040,90,1
17040,91,1
17040,92,1
17040,93,0
17040,147,1
17040,148,0
17040,149,0
17040,150,0
17040,194,0
17040,196,0
17040,197,0
17040,198,0
17040,200,0
17040,201,1
17040,202,0
17040,203,0
17042,1,1
17042,2,0
17042,3,1
17042,5,1
17042,6,1
17042,7,1
17042,49,1
17042,50,1
17042,52,1
17042,53,1
17042,54,1
17042,56,1
17042,57,1
17042,59,1
17042,60,1
17042,61,1
17042,63,1
17042,64,1
17042,65,1
17042,66,1
17042,67,1
17042,72,0
17042,73,1
17042,74,1
17042,82,1
17042,83,1
17042,84,1
17042,86,1
17042,87,1
17042,88,1
17042,90,1
17042,91,1
17042,92,1
17042,93,1
17042,147,1
17042,148,0
17042,149,0
17042,150,0
17042,194,0
17042,196,0
17042,197,0
17042,198,0
17042,200,0
17042,201,0
17042,202,1
17042,203,0
17043,1,1
17043,2,0
17043,3,1
17043,5,1
17043,6,1
17043,7,1
17043,29,1
17043,32,0
17043,33,0
17043,34,0
17043,35,0
17043,36,0
17043,37,0
17043,39,0
17043,40,0
17043,41,0
17043,49,1
17043,50,1
17043,52,1
17043,53,1
17043,54,1
17043,56,1
17043,57,1
17043,59,1
17043,60,1
17043,61,1
17043,63,1
17043,64,1
17043,65,1
17043,66,1
17043,67,1
17043,72,1
17043,73,1
17043,74,1
17043,82,1
17043,83,1
17043,84,1
17043,86,1
17043,87,1
17043,88,1
17043,90,1
17043,91,1
17043,92,1
17043,93,1
17043,147,1
17043,148,0
17043,149,0
17043,150,0
17043,194,0
17043,196,0
17043,197,0
17043,198,0
17043,200,0
17043,201,0
17043,202,0
17043,203,0
17044,1,1
17044,2,0
17044,3,1
17044,5,1
17044,6,1
17044,7,1
17044,72,1
17044,73,1
17044,74,1
17044,82,1
17044,83,1
17044,84,1
17044,86,1
17044,87,1
17044,88,1
17044,90,1
17044,91,1
17044,92,1
17044,93,1
17044,147,1
17044,148,0
17044,149,0
17044,150,0
17044,194,0
17044,196,0
17044,197,0
17044,198,0
17044,200,0
17044,201,1
17044,202,0
17044,203,0
17051,1,1
17051,2,0
17051,3,1
17051,5,1
17051,6,1
17051,7,1
17051,29,1
17051,30,0
17051,31,1
17051,32,0
17051,33,0
17051,34,0
17051,35,0
17051,36,0
17051,37,0
17051,39,0
17051,40,0
17051,41,0
17051,49,1
17051,50,1
17051,52,1
17051,53,1
17051,54,1
17051,56,1
17051,57,1
17051,59,1
17051,60,1
17051,61,1
17051,63,1
17051,64,1
17051,65,1
17051,66,1
17051,67,1
17051,72,1
17051,73,1
17051,74,1
17051,82,1
17051,83,1
17051,84,1
17051,86,1
17051,87,1
17051,88,1
17051,90,1
17051,91,1
17051,92,1
17051,93,1
17051,147,1
17051,148,0
17051,149,0
17051,150,0
17051,194,0
17051,196,0
17051,197,0
17051,198,0
17051,200,0
17051,201,1
17051,202,0
17051,203,0
17055,1,1
17055,2,0
17055,3,1
17055,5,1
17055,6,1
17055,7,1
17055,56,1
17055,57,1
17055,59,1
17055,60,1
17055,61,1
17055,63,1
17055,64,1
17055,65,1
17055,66,1
17055,67,1
17055,72,1
17055,73,1
17055,74,1
17055,82,1
17055,83,1
17055,84,1
17055,86,1
17055,87,1
17055,88,1
17055,90,1
17055,91,1
17055,92,1
17055,93,0
17055,147,1
17055,148,0
17055,149,0
17055,150,0
17055,194,0
17055,196,0
17055,197,0
17055,198,0
17055,200,0
17055,201,1
17055,202,0
17055,203,0
17056,1,1
17056,2,0
17056,3,1
17056,5,1
17056,6,1
17056,7,1
17056,9,0
17056,10,1
17056,11,0
17056,12,0
17056,29,0
17056,30,0
17056,31,0
17056,32,1
17056,33,0
17056,34,1
17056,35,0
17056,36,0
17056,37,0
17056,39,0
17056,40,0
17056,41,0
17056,49,1
17056,50,1
17056,52,1
17056,53,1
17056,54,1
17056,56,1
17056,57,1
17056,59,1
17056,60,1
17056,61,1
17056,63,1
17056,64,1
17056,65,1
17056,66,1
17056,67,1
17056,72,0
17056,73,1
17056,74,1
17056,82,1
17056,83,1
17056,84,1
17056,86,1
17056,87,1
17056,88,1
17056,90,1
17056,91,1
17056,92,1
17056,93,1
17056,147,0
17056,148,0
17056,149,1
17056,150,0
17056,152,1
17056,153,1
17056,154,1
17056,155,1
17056,157,0
17056,159,0
17056,160,0
17056,164,0
17056,170,0
17056,171,0
17056,172,0
17056,173,0
17056,174,0
17056,175,0
17056,176,0
17056,177,0
17056,178,0
17056,181,0
17056,182,0
17056,183,0
17056,184,0
17056,194,0
17056,196,0
17056,197,0
17056,198,0
17056,200,0
17056,201,1
17056,202,0
17056,203,0
17057,1,1
17057,2,0
17057,3,1
17057,5,1
17057,6,1
17057,7,1
17057,9,1
17057,10,0
17057,11,0
17057,12,0
17057,29,1
17057,30,1
17057,31,0
17057,32,0
17057,33,0
17057,34,0
17057,35,0
17057,36,0
17057,37,0
17057,39,0
17057,40,0
17057,41,0
17057,49,1
17057,50,1
17057,52,1
17057,53,1
17057,54,1
17057,56,1
17057,57,1
17057,59,1
17057,60,1
17057,61,1
17057,63,1
17057,64,1
17057,65,1
17057,66,1
17057,67,1
17057,72,0
17057,73,1
17057,74,1
17057,82,1
17057,83,1
17057,84,1
17057,86,1
17057,87,1
17057,88,1
17057,90,1
17057,91,1
17057,92,1
17057,93,1
17057,147,1
17057,148,0
17057,149,0
17057,150,0
17057,194,0
17057,196,0
17057,197,0
17057,198,0
17057,200,0
17057,201,0
17057,202,0
17057,203,0
17058,1,1
17058,2,0
17058,3,1
17058,5,1
17058,6,1
17058,7,1
17058,29,0
17058,30,0
17058,31,0
17058,32,1
17058,33,0
17058,34,1
17058,35,0
17058,36,0
17058,37,0
17058,39,0
17058,40,0
17058,41,0
17058,56,1
17058,57,1
17058,59,1
17058,60,1
17058,61,1
17058,63,1
17058,64,1
17058,65,1
17058,66,1
17058,67,1
17058,72,1
17058,73,1
17058,74,1
17058,82,1
17058,83,1
17058,84,1
17058,86,1
17058,87,1
17058,88,1
17058,90,1
17058,91,1
17058,92,1
17058,93,1
17058,147,1
17058,148,0
17058,149,0
17058,150,0
17058,194,0
17058,196,0
17058,197,0
17058,198,0
17058,200,0
17058,201,1
17058,202,0
17058,203,0
17059,1,1
17059,2,0
17059,3,1
17059,5,1
17059,6,1
17059,7,1
17059,29,0
17059,30,0
17059,31,0
17059,32,0
17059,33,0
17059,34,0
17059,35,1
17059,39,0
17059,40,0
17059,41,0
17059,49,1
17059,50,1
17059,52,1
17059,53,1
17059,54,1
17059,56,1
17059,57,1
17059,59,1
17059,60,1
17059,61,1
17059,63,1
17059,64,1
17059,65,1
17059,66,1
17059,67,1
17059,72,1
17059,73,1
17059,74,1
17059,82,1
17059,83,1
17059,84,1
17059,86,1
17059,87,1
17059,88,1
17059,90,1
17059,91,0
17059,92,0
17059,93,0
17059,147,1
17059,148,0
17059,149,0
17059,150,0
17059,194,0
17059,196,0
17059,197,0
17059,198,0
17059,200,0
17059,201,1
17059,202,0
17059,203,0
17067,1,1
17067,2,0
17067,3,1
17067,5,1
17067,6,1
17067,7,1
17067,29,1
17067,32,0
17067,33,0
17067,34,0
17067,35,0
17067,36,0
17067,37,0
17067,39,0
17067,40,0
17067,41,0
17067,49,1
17067,50,1
17067,52,1
17067,53,1
17067,54,1
17067,56,1
17067,57,1
17067,59,1
17067,60,1
17067,61,1
17067,63,1
17067,64,1
17067,65,1
17067,66,1
17067,67,1
17067,72,1
17067,73,1
17067,74,1
17067,82,1
17067,83,1
17067,84,1
17067,86,1
17067,87,1
17067,88,1
17067,90,1
17067,91,1
17067,92,1
17067,93,1
17067,147,1
17067,148,0
17067,149,0
17067,150,0
17067,194,0
17067,196,0
17067,197,0
17067,198,0
17067,200,0
17067,201,1
17067,202,0
17067,203,0
17070,1,1
17070,2,1
17070,3,0
17070,5,1
17070,6,1
17070,7,1
17070,49,1
17070,50,1
17070,52,1
17070,53,1
17070,54,1
17070,56,1
17070,57,1
17070,59,1
17070,60,1
17070,61,1
17070,63,1
17070,64,1
17070,65,1
17070,66,1
17070,67,1
17070,72,1
17070,73,1
17070,74,1
17070,82,1
17070,83,1
17070,84,1
17070,86,1
17070,87,1
17070,88,1
17070,90,1
17070,91,1
17070,92,1
17070,93,0
17070,147,1
17070,148,0
17070,149,0
17070,150,0
17070,194,0
17070,196,0
17070,197,0
17070,198,0
17070,200,0
17070,201,0
17070,202,0
17070,203,0
17079,1,1
17079,2,0
17079,3,1
17079,5,1
17079,6,1
17079,7,1
17079,9,1
17079,10,0
17079,11,0
17079,12,0
17079,29,0
17079,30,0
17079,31,0
17079,32,0
17079,33,0
17079,34,0
17079,35,1
17079,36,0
17079,37,1
17079,39,0
17079,40,0
17079,41,0
17079,49,1
17079,50,1
17079,52,1
17079,53,1
17079,54,1
17079,56,1
17079,57,1
17079,59,1
17079,60,1
17079,61,1
17079,63,1
17079,64,1
17079,65,1
17079,66,1
17079,67,1
17079,72,0
17079,73,1
17079,74,1
17079,82,1
17079,83,1
17079,84,1
17079,86,1
17079,87,1
17079,88,1
17079,90,1
17079,91,1
17079,92,1
17079,93,1
17079,147,0
17079,148,0
17079,149,1
17079,150,0
17079,152,1
17079,153,1
17079,154,1
17079,155,0
17079,157,1
17079,159,0
17079,160,0
17079,164,0
17079,170,0
17079,171,0
17079,172,0
17079,173,0
17079,174,0
17079,175,0
17079,176,0
17079,177,0
17079,178,0
17079,181,0
17079,182,0
17079,183,0
17079,184,0
17079,194,0
17079,196,0
17079,197,0
17079,198,0
17079,200,0
17079,201,1
17079,202,0
17079,203,0
17085,1,1
17085,2,0
17085,3,1
17085,5,1
17085,6,1
17085,7,1
17085,49,0
17085,50,1
17085,52,1
17085,53,1
17085,54,1
17085,56,1
17085,57,1
17085,59,1
17085,60,1
17085,61,1
17085,63,1
17085,64,1
17085,65,1
17085,66,1
17085,67,1
17085,72,0
17085,73,0
17085,74,1
17085,82,1
17085,83,1
17085,84,1
17085,86,1
17085,87,1
17085,88,1
17085,90,1
17085,91,1
17085,92,0
17085,93,0
17085,147,1
17085,148,0
17085,149,0
17085,150,0
17085,194,0
17085,196,0
17085,197,0
17085,198,0
17085,200,0
17085,201,1
17085,202,0
17085,203,0
17093,1,1
17093,2,0
17093,3,1
17093,5,1
17093,6,1
17093,7,1
17093,9,0
17093,10,1
17093,11,0
17093,12,0
17093,29,0
17093,30,0
17093,31,0
17093,32,1
17093,33,0
17093,34,1
17093,35,0
17093,36,0
17093,37,0
17093,39,0
17093,40,0
17093,41,0
17093,49,1
17093,50,1
17093,52,1
17093,53,1
17093,54,1
17093,56,1
17093,57,1
17093,59,1
17093,60,1
17093,61,1
17093,63,1
17093,64,1
17093,65,1
17093,66,1
17093,67,1
17093,72,1
17093,73,1
17093,74,1
17093,82,1
17093,83,1
17093,84,1
17093,86,1
17093,87,1
17093,88,1
17093,90,1
17093,91,1
17093,92,1
17093,93,1
17093,147,1
17093,148,0
17093,149,0
17093,150,0
17093,194,0
17093,196,0
17093,197,0
17093,198,0
17093,200,0
17093,201,1
17093,202,0
17093,203,0
17094,1,1
17094,2,0
17094,3,1
17094,5,1
17094,6,1
17094,7,1
17094,49,1
17094,50,1
17094,52,1
17094,53,1
17094,54,1
17094,56,1
17094,57,1
17094,59,1
17094,60,1
17094,61,1
17094,63,1
17094,64,1
17094,65,1
17094,66,1
17094,67,1
17094,72,1
17094,73,1
17094,74,1
17094,82,1
17094,83,1
17094,84,1
17094,86,1
17094,87,1
17094,88,1
17094,90,1
17094,91,1
17094,92,1
17094,93,1
17094,147,1
17094,148,0
17094,149,0
17094,150,0
17094,194,0
17094,196,0
17094,197,0
17094,198,0
17094,200,0
17094,201,1
17094,202,0
17094,203,0
17098,1,1
17098,2,0
17098,3,1
17098,5,1
17098,6,1
17098,7,1
17098,9,0
17098,10,1
17098,11,0
17098,12,0
17098,29,0
17098,30,0
17098,31,0
17098,32,1
17098,35,0
17098,36,0
17098,37,0
17098,39,0
17098,40,0
17098,41,0
17098,49,1
17098,50,1
17098,52,1
17098,53,1
17098,54,1
17098,56,1
17098,57,1
17098,59,1
17098,60,1
17098,61,1
17098,63,1
17098,64,1
17098,65,1
17098,66,1
17098,67,1
17098,72,1
17098,73,1
17098,74,1
17098,82,1
17098,83,1
17098,84,1
17098,86,1
17098,87,1
17098,88,1
17098,90,1
17098,91,1
17098,92,1
17098,93,1
17098,147,0
17098,148,0
17098,149,1
17098,150,0
17098,152,1
17098,153,1
17098,154,0
17098,155,1
17098,157,1
17098,159,1
17098,160,0
17098,164,0
17098,170,0
17098,171,0
17098,172,0
17098,173,0
17098,174,0
17098,175,0
17098,176,0
17098,177,0
17098,178,0
17098,181,0
17098,182,0
17098,183,0
17098,184,0
17098,194,0
17098,196,0
17098,197,0
17098,198,0
17098,200,0
17098,201,0
17098,202,0
17098,203,0
17100,1,1
17100,2,0
17100,3,1
17100,5,1
17100,6,1
17100,7,1
17100,29,1
17100,32,0
17100,33,0
17100,34,0
17100,35,0
17100,36,0
17100,37,0
17100,39,0
17100,40,0
17100,41,0
17100,49,1
17100,50,1
17100,52,1
17100,53,1
17100,54,1
17100,56,1
17100,57,1
17100,59,1
17100,60,1
17100,61,1
17100,63,1
17100,64,1
17100,65,1
17100,66,1
17100,67,1
17100,72,1
17100,73,1
17100,74,1
17100,82,1
17100,83,1
17100,84,1
17100,86,1
17100,87,1
17100,88,1
17100,90,1
17100,91,1
17100,92,1
17100,93,1
17100,147,1
17100,148,0
17100,149,0
17100,150,0
17100,194,0
17100,196,0
17100,197,0
17100,198,0
17100,200,0
17100,201,1
17100,202,0
17100,203,0
17101,1,1
17101,2,0
17101,3,1
17101,5,1
17101,6,1
17101,7,1
17101,9,1
17101,10,0
17101,11,0
17101,12,0
17101,29,1
17101,30,0
17101,31,1
17101,32,0
17101,33,0
17101,34,0
17101,35,0
17101,36,0
17101,37,0
17101,39,0
17101,40,0
17101,41,0
17101,49,1
17101,50,1
17101,52,1
17101,53,1
17101,54,1
17101,56,1
17101,57,1
17101,59,1
17101,60,1
17101,61,1
17101,63,1
17101,64,1
17101,65,1
17101,66,1
17101,67,1
17101,72,1
17101,73,1
17101,74,1
17101,82,1
17101,83,1
17101,84,1
17101,86,1
17101,87,1
17101,88,1
17101,90,1
17101,91,1
17101,92,1
17101,93,1
17101,147,1
17101,148,0
17101,149,0
17101,150,0
17101,194,0
17101,196,0
17101,197,0
17101,198,0
17101,200,0
17101,201,1
17101,202,0
17101,203,0
17102,1,1
17102,2,0
17102,3,1
17102,5,1
17102,6,1
17102,7,1
17102,29,1
17102,30,0
17102,31,1
17102,32,0
17102,33,0
17102,34,0
17102,35,0
17102,36,0
17102,37,0
17102,39,0
17102,40,0
17102,41,0
17102,147,1
17102,148,0
17102,149,0
17102,150,0
17102,194,0
17102,196,0
17102,197,0
17102,198,0
17102,200,0
17102,201,0
17102,202,0
17102,203,0
17111,1,1
17111,2,0
17111,3,1
17111,5,1
17111,6,1
17111,7,1
17111,29,1
17111,32,0
17111,33,0
17111,34,0
17111,35,0
17111,36,0
17111,37,0
17111,39,0
17111,40,0
17111,41,0
17111,49,1
17111,50,1
17111,52,1
17111,53,1
17111,54,1
17111,56,1
17111,57,1
17111,59,1
17111,60,1
17111,61,1
17111,63,1
17111,64,1
17111,65,1
17111,66,1
17111,67,1
17111,72,1
17111,73,1
17111,74,1
17111,82,1
17111,83,1
17111,84,1
17111,86,1
17111,87,1
17111,88,1
17111,90,1
17111,91,1
17111,92,1
17111,93,1
17111,147,1
17111,148,0
17111,149,0
17111,150,0
17111,194,0
17111,196,0
17111,197,0
17111,198,0
17111,200,0
17111,201,1
17111,202,0
17111,203,0
17113,1,1
17113,2,0
17113,3,1
17113,5,1
17113,6,1
17113,7,1
17113,9,0
17113,10,1
17113,11,0
17113,12,0
17113,49,1
17113,50,1
17113,52,1
17113,53,1
17113,54,1
17113,56,1
17113,57,1
17113,59,1
17113,60,1
17113,61,1
17113,63,1
17113,64,1
17113,65,1
17113,66,1
17113,67,1
17113,72,1
17113,73,1
17113,74,1
17113,82,1
17113,83,1
17113,84,1
17113,86,1
17113,87,1
17113,88,1
17113,90,1
17113,91,1
17113,92,1
17113,93,1
17113,147,0
17113,148,1
17113,149,0
17113,150,0
17113,152,1
17113,153,1
17113,154,0
17113,155,1
17113,157,0
17113,159,0
17113,160,0
17113,164,0
17113,170,0
17113,171,0
17113,172,0
17113,173,0
17113,174,0
17113,175,0
17113,176,0
17113,177,0
17113,178,0
17113,181,0
17113,182,0
17113,183,0
17113,184,0
17113,194,0
17113,196,0
17113,197,0
17113,198,0
17113,200,0
17113,201,1
17113,202,0
17113,203,0
17116,1,1
17116,2,0
17116,3,1
17116,5,1
17116,6,1
17116,7,1
17116,49,1
17116,50,1
17116,52,1
17116,53,1
17116,54,1
17116,56,1
17116,57,1
17116,59,1
17116,60,1
17116,61,1
17116,63,1
17116,64,1
17116,65,1
17116,66,1
17116,67,1
17116,72,1
17116,73,1
17116,74,1
17116,82,1
17116,83,1
17116,84,1
17116,86,1
17116,87,1
17116,88,1
17116,90,1
17116,91,1
17116,92,1
17116,93,0
17116,147,1
17116,148,0
17116,149,0
17116,150,0
17116,194,0
17116,196,0
17116,197,0
17116,198,0
17116,200,0
17116,201,0
17116,202,0
17116,203,0
17119,1,1
17119,2,0
17119,3,1
17119,5,1
17119,6,1
17119,7,1
17119,9,1
17119,10,0
17119,11,0
17119,12,0
17119,29,0
17119,30,0
17119,31,0
17119,32,0
17119,33,0
17119,34,0
17119,35,0
17119,36,0
17119,37,0
17119,39,1
17119,49,1
17119,50,1
17119,52,1
17119,53,1
17119,54,1
17119,56,1
17119,57,1
17119,59,1
17119,60,1
17119,61,1
17119,63,1
17119,64,1
17119,65,1
17119,66,1
17119,67,1
17119,72,1
17119,73,1
17119,74,1
17119,82,1
17119,83,1
17119,84,1
17119,86,1
17119,87,1
17119,88,1
17119,90,1
17119,91,1
17119,92,1
17119,93,1
17119,147,0
17119,148,1
17119,149,0
17119,150,0
17119,152,0
17119,153,0
17119,154,0
17119,155,0
17119,157,0
17119,159,0
17119,160,0
17119,164,0
17119,170,1
17119,171,1
17119,172,0
17119,173,0
17119,174,0
17119,175,1
17119,176,0
17119,177,0
17119,178,0
17119,181,0
17119,182,0
17119,183,0
17119,184,0
17119,194,0
17119,196,0
17119,197,0
17119,198,0
17119,200,0
17119,201,0
17119,202,0
17119,203,0
17123,1,1
17123,2,0
17123,3,1
17123,5,1
17123,6,1
17123,7,1
17123,49,1
17123,50,1
17123,52,1
17123,53,1
17123,54,1
17123,56,1
17123,57,1
17123,59,1
17123,60,1
17123,61,1
17123,63,1
17123,64,1
17123,65,1
17123,66,1
17123,67,1
17123,72,1
17123,73,1
17123,74,1
17123,82,1
17123,83,1
17123,84,1
17123,86,1
17123,87,1
17123,88,1
17123,90,1
17123,91,1
17123,92,1
17123,93,1
17123,147,1
17123,148,0
17123,149,0
17123,150,0
17123,194,0
17123,196,0
17123,197,0
17123,198,0
17123,200,0
17123,201,1
17123,202,0
17123,203,0
17125,1,1
17125,2,0
17125,3,1
17125,5,1
17125,6,1
17125,7,1
17125,72,1
17125,73,1
17125,74,1
17125,82,1
17125,83,1
17125,84,1
17125,90,1
17125,91,1
17125,92,1
17125,93,1
17125,147,1
17125,148,0
17125,149,0
17125,150,0
17125,194,0
17125,196,0
17125,197,0
17125,198,0
17125,200,0
17125,201,0
17125,202,0
17125,203,0
17350,1,1
17350,2,0
17350,3,1
17350,5,1
17350,6,1
17350,7,1
17350,49,1
17350,50,1
17350,52,1
17350,53,1
17350,54,1
17350,56,1
17350,57,1
17350,59,1
17350,60,1
17350,61,1
17350,63,0
17350,64,1
17350,65,1
17350,66,1
17350,67,1
17350,72,1
17350,73,1
17350,74,1
17350,82,1
17350,83,1
17350,84,1
17350,86,1
17350,87,1
17350,88,1
17350,90,1
17350,91,1
17350,92,1
17350,93,1
17350,147,1
17350,148,0
17350,149,0
17350,150,0
17350,194,0
17350,196,0
17350,197,0
17350,198,0
17350,200,0
17350,201,1
17350,202,0
17350,203,0
17397,1,1
17397,2,1
17397,3,0
17397,5,1
17397,6,1
17397,7,1
17397,49,1
17397,50,1
17397,52,1
17397,53,1
17397,54,1
17397,56,1
17397,57,1
17397,59,1
17397,60,1
17397,61,1
17397,63,1
17397,64,1
17397,65,1
17397,66,1
17397,67,1
17397,72,1
17397,73,1
17397,74,1
17397,82,1
17397,83,1
17397,84,1
17397,86,1
17397,87,1
17397,88,1
17397,90,1
17397,91,1
17397,92,1
17397,93,1
17397,147,1
17397,148,0
17397,149,0
17397,150,0
17397,194,0
17397,196,0
17397,197,0
17397,198,0
17397,200,0
17397,201,1
17397,202,0
17397,203,0
17399,1,1
17399,2,1
17399,3,0
17399,5,1
17399,6,1
17399,7,1
17399,72,1
17399,73,1
17399,74,1
17399,82,1
17399,83,1
17399,84,1
17399,90,1
17399,91,1
17399,92,1
17399,93,1
17399,147,1
17399,148,0
17399,149,0
17399,150,0
17399,194,0
17399,196,0
17399,197,0
17399,198,0
17399,200,0
17399,201,0
17399,202,0
17399,203,0
17413,1,1
17413,2,0
17413,3,1
17413,5,1
17413,6,1
17413,7,1
17413,49,0
17413,50,1
17413,52,1
17413,53,1
17413,54,1
17413,56,1
17413,57,1
17413,59,1
17413,60,1
17413,61,1
17413,63,1
17413,64,1
17413,65,1
17413,66,1
17413,67,1
17413,72,1
17413,73,1
17413,74,1
17413,82,1
17413,83,1
17413,84,1
17413,86,1
17413,87,1
17413,88,1
17413,90,1
17413,91,1
17413,92,1
17413,93,0
17413,147,1
17413,148,0
17413,149,0
17413,150,0
17413,194,0
17413,196,0
17413,197,0
17413,198,0
17413,200,0
17413,201,0
17413,202,0
17413,203,0
17415,1,1
17415,2,0
17415,3,1
17415,5,1
17415,6,1
17415,7,1
17415,49,1
17415,50,1
17415,52,1
17415,53,1
17415,54,1
17415,56,1
17415,57,1
17415,59,1
17415,60,1
17415,61,1
17415,63,1
17415,64,1
17415,65,1
17415,66,1
17415,67,1
17415,72,1
17415,73,1
17415,74,1
17415,82,1
17415,83,1
17415,84,1
17415,86,1
17415,87,1
17415,88,1
17415,90,1
17415,91,1
17415,92,0
17415,93,0
17415,147,1
17415,148,0
17415,149,0
17415,150,0
17415,194,0
17415,196,0
17415,197,0
17415,198,0
17415,200,0
17415,201,1
17415,202,1
17415,203,0
17420,1,1
17420,2,0
17420,3,1
17420,5,1
17420,6,1
17420,7,1
17420,49,1
17420,50,1
17420,52,1
17420,53,1
17420,54,1
17420,56,1
17420,57,1
17420,59,1
17420,60,1
17420,61,1
17420,63,0
17420,64,0
17420,65,1
17420,66,1
17420,67,1
17420,72,0
17420,73,1
17420,74,1
17420,82,1
17420,83,1
17420,84,1
17420,86,1
17420,87,1
17420,88,1
17420,90,1
17420,91,1
17420,92,1
17420,93,1
17420,147,1
17420,148,0
17420,149,0
17420,150,0
17420,194,0
17420,196,1
17420,197,0
17420,198,0
17420,200,0
17420,201,1
17420,202,1
17420,203,0
17427,1,1
17427,2,1
17427,3,0
17427,5,1
17427,6,1
17427,7,1
17427,56,1
17427,57,1
17427,59,1
17427,60,1
17427,61,1
17427,63,1
17427,64,1
17427,65,1
17427,66,1
17427,67,1
17427,72,1
17427,73,1
17427,74,1
17427,82,1
17427,83,1
17427,84,1
17427,86,1
17427,87,1
17427,88,1
17427,90,1
17427,91,1
17427,92,1
17427,93,1
17427,147,1
17427,148,0
17427,149,0
17427,150,0
17427,194,0
17427,196,0
17427,197,0
17427,198,0
17427,200,0
17427,201,0
17427,202,0
17427,203,0
17429,1,1
17429,2,0
17429,3,1
17429,5,1
17429,6,1
17429,7,1
17429,29,1
17429,30,1
17429,31,0
17429,32,0
17429,33,0
17429,34,0
17429,35,0
17429,36,0
17429,37,0
17429,39,0
17429,40,0
17429,41,0
17429,72,1
17429,73,1
17429,74,1
17429,82,1
17429,83,1
17429,84,1
17429,86,1
17429,87,1
17429,88,1
17429,90,1
17429,91,1
17429,92,1
17429,93,1
17429,147,1
17429,148,0
17429,149,0
17429,150,0
17429,194,0
17429,196,0
17429,197,0
17429,198,0
17429,200,0
17429,201,0
17429,202,0
17429,203,1
17437,1,1
17437,5,1
17437,6,1
17437,7,1
17437,29,0
17437,30,0
17437,31,0
17437,32,0
17437,33,0
17437,34,0
17437,35,0
17437,36,0
17437,37,0
17437,39,1
17437,49,1
17437,50,1
17437,52,1
17437,53,1
17437,54,1
17437,56,1
17437,57,1
17437,59,1
17437,60,1
17437,61,1
17437,63,1
17437,64,1
17437,65,1
17437,66,1
17437,67,1
17437,72,1
17437,73,1
17437,74,1
17437,82,1
17437,83,1
17437,84,1
17437,86,1
17437,87,1
17437,88,0
17437,90,1
17437,91,1
17437,92,1
17437,93,1
17437,147,0
17437,148,1
17437,149,0
17437,150,0
17437,152,1
17437,153,1
17437,154,1
17437,155,0
17437,157,0
17437,159,0
17437,160,0
17437,164,0
17437,170,1
17437,171,0
17437,172,0
17437,173,0
17437,174,0
17437,175,0
17437,176,0
17437,177,0
17437,178,0
17437,181,0
17437,182,0
17437,183,0
17437,184,0
17437,194,1
17437,196,1
17437,197,0
17437,198,0
17437,200,0
17437,201,1
17437,202,0
17437,203,0
17441,1,1
17441,2,0
17441,3,1
17441,5,1
17441,6,1
17441,7,1
17441,9,1
17441,10,0
17441,11,0
17441,12,0
17441,29,0
17441,30,0
17441,31,0
17441,32,0
17441,33,0
17441,34,0
17441,35,0
17441,36,0
17441,37,0
17441,39,1
17441,147,0
17441,148,1
17441,149,0
17441,150,0
17441,152,0
17441,153,0
17441,154,0
17441,155,0
17441,157,1
17441,159,1
17441,160,0
17441,164,0
17441,170,0
17441,171,0
17441,172,0
17441,173,0
17441,174,0
17441,175,0
17441,176,0
17441,177,0
17441,178,0
17441,181,0
17441,182,0
17441,183,0
17441,184,0
17441,194,0
17441,196,0
17441,197,0
17441,198,0
17441,200,0
17441,201,0
17441,202,0
17441,203,0
17445,1,1
17445,2,0
17445,3,1
17445,5,1
17445,6,1
17445,7,1
17445,29,0
17445,30,0
17445,31,0
17445,32,0
17445,33,0
17445,34,0
17445,35,0
17445,36,0
17445,37,0
17445,39,1
17445,49,1
17445,50,1
17445,52,1
17445,53,1
17445,54,1
17445,56,1
17445,57,1
17445,59,1
17445,60,1
17445,61,1
17445,63,1
17445,64,1
17445,65,1
17445,66,1
17445,67,1
17445,72,0
17445,73,1
17445,74,1
17445,82,1
17445,83,1
17445,84,1
17445,86,1
17445,87,1
17445,88,1
17445,90,1
17445,91,1
17445,92,1
17445,93,1
17445,147,1
17445,148,0
17445,149,0
17445,150,0
17445,194,1
17445,196,0
17445,197,0
17445,198,0
17445,200,0
17445,201,1
17445,202,0
17445,203,0
17452,1,1
17452,2,0
17452,3,1
17452,5,1
17452,6,1
17452,7,1
17452,29,1
17452,30,1
17452,31,0
17452,32,0
17452,33,0
17452,34,0
17452,35,0
17452,36,0
17452,37,0
17452,39,0
17452,40,0
17452,41,0
17452,49,0
17452,50,0
17452,52,0
17452,53,0
17452,54,1
17452,56,1
17452,57,1
17452,59,1
17452,60,1
17452,61,1
17452,63,1
17452,64,1
17452,65,1
17452,66,1
17452,67,1
17452,72,1
17452,73,1
17452,74,1
17452,82,1
17452,83,1
17452,84,1
17452,86,1
17452,87,1
17452,88,1
17452,90,1
17452,91,1
17452,92,1
17452,93,1
17452,147,1
17452,148,0
17452,149,0
17452,150,0
17452,194,0
17452,196,0
17452,197,0
17452,198,0
17452,200,0
17452,201,1
17452,202,1
17452,203,0
17453,1,1
17453,5,1
17453,6,1
17453,7,1
17453,49,1
17453,50,1
17453,52,1
17453,53,1
17453,54,1
17453,56,1
17453,57,1
17453,59,1
17453,60,1
17453,61,1
17453,63,1
17453,64,1
17453,65,1
17453,66,1
17453,67,1
17453,72,1
17453,73,1
17453,74,1
17453,82,1
17453,83,1
17453,84,1
17453,86,1
17453,87,1
17453,88,1
17453,90,1
17453,91,1
17453,92,1
17453,93,1
17453,147,1
17453,148,0
17453,149,0
17453,150,0
17453,194,0
17453,196,0
17453,197,0
17453,198,0
17453,200,0
17453,201,1
17453,202,0
17453,203,0
17455,1,1
17455,2,0
17455,3,1
17455,5,1
17455,6,1
17455,7,1
17455,72,1
17455,73,1
17455,74,1
17455,82,1
17455,83,1
17455,84,1
17455,90,1
17455,91,1
17455,92,1
17455,93,0
17455,147,1
17455,148,0
17455,149,0
17455,150,0
17455,194,0
17455,196,0
17455,197,0
17455,198,0
17455,200,0
17455,201,1
17455,202,0
17455,203,0
17457,1,1
17457,2,1
17457,3,0
17457,5,1
17457,6,1
17457,7,1
17457,29,0
17457,30,0
17457,31,0
17457,32,0
17457,33,0
17457,34,0
17457,35,1
17457,36,0
17457,37,1
17457,39,0
17457,40,0
17457,41,0
17457,49,1
17457,50,1
17457,52,1
17457,53,1
17457,54,1
17457,56,1
17457,57,1
17457,59,1
17457,60,1
17457,61,1
17457,63,0
17457,64,1
17457,65,1
17457,66,1
17457,67,1
17457,72,1
17457,73,1
17457,74,1
17457,82,1
17457,83,1
17457,84,1
17457,86,1
17457,87,1
17457,88,1
17457,90,1
17457,91,1
17457,92,0
17457,93,0
17457,147,1
17457,148,0
17457,149,0
17457,150,0
17457,194,0
17457,196,0
17457,197,0
17457,198,0
17457,200,0
17457,201,0
17457,202,0
17457,203,0
17468,1,1
17468,2,1
17468,3,1
17468,5,1
17468,6,1
17468,7,1
17468,72,1
17468,73,1
17468,74,1
17468,82,1
17468,83,1
17468,84,1
17468,90,1
17468,91,1
17468,92,1
17468,93,1
17468,147,1
17468,148,0
17468,149,0
17468,150,0
17468,194,0
17468,196,0
17468,197,0
17468,198,0
17468,200,0
17468,201,1
17468,202,0
17468,203,1
17478,1,1
17478,2,0
17478,3,1
17478,5,1
17478,6,1
17478,7,1
17478,9,0
17478,10,0
17478,11,0
17478,12,1
17478,29,1
17478,32,0
17478,33,0
17478,34,0
17478,35,0
17478,36,0
17478,37,0
17478,39,0
17478,40,0
17478,41,0
17478,49,1
17478,50,1
17478,52,1
17478,53,1
17478,54,1
17478,56,1
17478,57,1
17478,59,1
17478,60,1
17478,61,1
17478,63,1
17478,64,1
17478,65,1
17478,66,1
17478,67,1
17478,72,1
17478,73,1
17478,74,1
17478,82,1
17478,83,1
17478,84,1
17478,86,1
17478,87,1
17478,88,1
17478,90,1
17478,91,1
17478,92,1
17478,93,0
17478,147,0
17478,148,1
17478,149,0
17478,150,0
17478,152,0
17478,153,0
17478,154,0
17478,155,0
17478,157,1
17478,159,1
17478,160,0
17478,164,0
17478,170,0
17478,171,0
17478,172,0
17478,173,0
17478,174,0
17478,175,0
17478,176,0
17478,177,0
17478,178,0
17478,181,0
17478,182,0
17478,183,0
17478,184,0
17478,194,0
17478,196,0
17478,197,0
17478,198,0
17478,200,0
17478,201,1
17478,202,1
17478,203,0
17480,1,1
17480,2,0
17480,3,1
17480,5,1
17480,6,1
17480,7,1
17480,49,1
17480,50,1
17480,52,1
17480,53,1
17480,54,1
17480,56,1
17480,57,1
17480,59,1
17480,60,1
17480,61,1
17480,63,1
17480,64,1
17480,65,1
17480,66,1
17480,67,1
17480,72,1
17480,73,1
17480,74,1
17480,82,1
17480,83,1
17480,84,1
17480,86,1
17480,87,1
17480,88,1
17480,90,1
17480,91,1
17480,92,1
17480,93,1
17480,147,1
17480,148,0
17480,149,0
17480,150,0
17480,194,0
17480,196,0
17480,197,0
17480,198,0
17480,200,0
17480,201,1
17480,202,0
17480,203,0
17487,1,1
17487,2,0
17487,3,1
17487,5,1
17487,6,1
17487,7,1
17487,29,0
17487,30,0
17487,31,0
17487,32,0
17487,33,0
17487,34,0
17487,35,0
17487,36,0
17487,37,0
17487,39,1
17487,49,1
17487,50,1
17487,52,1
17487,53,1
17487,54,1
17487,56,1
17487,57,1
17487,59,1
17487,60,1
17487,61,1
17487,63,1
17487,64,1
17487,65,1
17487,66,1
17487,67,1
17487,72,1
17487,73,1
17487,74,1
17487,82,1
17487,83,1
17487,84,1
17487,86,1
17487,87,1
17487,88,1
17487,90,1
17487,91,1
17487,92,1
17487,93,1
17487,147,1
17487,148,0
17487,149,0
17487,150,0
17487,194,0
17487,196,0
17487,197,0
17487,198,0
17487,200,0
17487,201,1
17487,202,0
17487,203,0
17488,1,1
17488,2,0
17488,3,1
17488,5,1
17488,6,1
17488,7,1
17488,9,1
17488,10,0
17488,11,0
17488,12,0
17488,29,1
17488,30,1
17488,31,0
17488,32,0
17488,33,0
17488,34,0
17488,35,0
17488,36,0
17488,37,0
17488,39,0
17488,40,0
17488,41,0
17488,49,1
17488,50,1
17488,52,1
17488,53,1
17488,54,1
17488,56,1
17488,57,1
17488,59,1
17488,60,1
17488,61,1
17488,63,1
17488,64,1
17488,65,1
17488,66,1
17488,67,1
17488,72,1
17488,73,1
17488,74,1
17488,82,1
17488,83,1
17488,84,1
17488,86,1
17488,87,1
17488,88,1
17488,90,1
17488,91,1
17488,92,1
17488,93,1
17488,147,1
17488,148,0
17488,149,0
17488,150,0
17488,194,0
17488,196,0
17488,197,0
17488,198,0
17488,200,0
17488,201,1
17488,202,0
17488,203,0
17489,1,1
17489,2,1
17489,3,0
17489,5,1
17489,6,1
17489,7,1
17489,9,0
17489,10,0
17489,11,0
17489,12,0
17489,49,1
17489,50,1
17489,52,1
17489,53,1
17489,54,1
17489,56,1
17489,57,1
17489,59,1
17489,60,1
17489,61,1
17489,63,1
17489,64,1
17489,65,1
17489,66,1
17489,67,1
17489,72,1
17489,73,1
17489,74,1
17489,82,1
17489,83,1
17489,84,1
17489,86,1
17489,87,1
17489,88,1
17489,90,1
17489,91,1
17489,92,1
17489,93,0
17489,147,1
17489,148,0
17489,149,0
17489,150,0
17489,194,0
17489,196,0
17489,197,0
17489,198,0
17489,200,0
17489,201,1
17489,202,0
17489,203,0
17490,1,1
17490,2,0
17490,3,1
17490,5,1
17490,6,1
17490,7,1
17490,49,1
17490,50,1
17490,52,1
17490,53,1
17490,54,1
17490,56,1
17490,57,1
17490,59,1
17490,60,1
17490,61,1
17490,63,1
17490,64,1
17490,65,1
17490,66,1
17490,67,1
17490,72,1
17490,73,1
17490,74,1
17490,82,1
17490,83,1
17490,84,1
17490,86,1
17490,87,1
17490,88,1
17490,90,1
17490,91,1
17490,92,1
17490,93,1
17490,147,1
17490,148,0
17490,149,0
17490,150,0
17490,194,0
17490,196,0
17490,197,0
17490,198,0
17490,200,0
17490,201,1
17490,202,0
17490,203,0
17491,1,1
17491,2,0
17491,3,1
17491,5,1
17491,6,1
17491,7,1
17491,56,1
17491,57,1
17491,59,1
17491,60,1
17491,61,1
17491,63,1
17491,64,1
17491,65,1
17491,66,1
17491,67,1
17491,72,1
17491,73,1
17491,74,1
17491,82,1
17491,83,1
17491,84,1
17491,86,1
17491,87,1
17491,88,1
17491,90,1
17491,91,1
17491,92,1
17491,93,1
17491,147,1
17491,148,0
17491,149,0
17491,150,0
17491,194,0
17491,196,0
17491,197,0
17491,198,0
17491,200,0
17491,201,1
17491,202,0
17491,203,0
17609,1,1
17609,2,0
17609,3,1
17609,5,1
17609,6,1
17609,7,1
17609,72,1
17609,73,1
17609,74,1
17609,82,1
17609,83,1
17609,84,1
17609,90,1
17609,91,1
17609,92,1
17609,93,1
17609,147,1
17609,148,0
17609,149,0
17609,150,0
17609,194,0
17609,196,0
17609,197,0
17609,198,0
17609,200,0
17609,201,0
17609,202,0
17609,203,0
17610,1,1
17610,2,0
17610,3,1
17610,5,1
17610,6,1
17610,7,1
17610,49,1
17610,50,1
17610,52,1
17610,53,1
17610,54,1
17610,56,1
17610,57,1
17610,59,1
17610,60,1
17610,61,1
17610,63,1
17610,64,1
17610,65,1
17610,66,1
17610,67,1
17610,72,1
17610,73,1
17610,74,1
17610,82,1
17610,83,1
17610,84,1
17610,86,1
17610,87,1
17610,88,1
17610,90,1
17610,91,1
17610,92,1
17610,93,1
17610,147,1
17610,148,0
17610,149,0
17610,150,0
17610,194,0
17610,196,0
17610,197,0
17610,198,0
17610,200,0
17610,201,1
17610,202,0
17610,203,0
17613,1,1
17613,2,0
17613,3,1
17613,5,1
17613,6,1
17613,7,1
17613,29,1
17613,32,0
17613,33,0
17613,34,0
17613,35,0
17613,36,0
17613,37,0
17613,39,0
17613,40,0
17613,41,0
17613,49,1
17613,50,1
17613,52,1
17613,53,1
17613,54,1
17613,56,1
17613,57,1
17613,59,1
17613,60,1
17613,61,1
17613,63,1
17613,64,1
17613,65,1
17613,66,1
17613,67,1
17613,72,1
17613,73,1
17613,74,1
17613,82,1
17613,83,1
17613,84,1
17613,86,1
17613,87,1
17613,88,1
17613,90,1
17613,91,1
17613,92,1
17613,93,1
17613,147,1
17613,148,0
17613,149,0
17613,150,0
17613,194,0
17613,196,0
17613,197,0
17613,198,0
17613,200,0
17613,201,1
17613,202,0
17613,203,0
17616,1,1
17616,2,0
17616,3,1
17616,5,1
17616,6,1
17616,7,1
17616,29,1
17616,30,1
17616,31,0
17616,32,0
17616,33,0
17616,34,0
17616,35,0
17616,36,0
17616,37,0
17616,39,0
17616,40,0
17616,41,0
17616,72,0
17616,73,1
17616,74,1
17616,82,1
17616,83,1
17616,84,1
17616,86,1
17616,87,1
17616,88,1
17616,90,1
17616,91,1
17616,92,1
17616,93,0
17616,147,1
17616,148,0
17616,149,0
17616,150,0
17616,194,0
17616,196,0
17616,197,0
17616,198,0
17616,200,0
17616,201,0
17616,202,1
17616,203,0
17619,1,1
17619,2,0
17619,3,1
17619,5,1
17619,6,1
17619,7,1
17619,56,1
17619,57,1
17619,59,1
17619,60,1
17619,61,1
17619,63,1
17619,64,1
17619,65,1
17619,66,1
17619,67,1
17619,72,1
17619,73,1
17619,74,1
17619,82,1
17619,83,1
17619,84,1
17619,86,1
17619,87,1
17619,88,1
17619,90,1
17619,91,1
17619,92,1
17619,93,1
17619,147,1
17619,148,0
17619,149,0
17619,150,0
17619,194,0
17619,196,0
17619,197,0
17619,198,0
17619,200,0
17619,201,1
17619,202,0
17619,203,0
17626,1,1
17626,2,1
17626,3,0
17626,5,1
17626,6,1
17626,7,1
17626,9,0
17626,10,0
17626,11,0
17626,12,1
17626,49,1
17626,50,1
17626,52,1
17626,53,1
17626,54,1
17626,56,1
17626,57,1
17626,59,1
17626,60,1
17626,61,1
17626,63,1
17626,64,1
17626,65,1
17626,66,1
17626,67,1
17626,72,1
17626,73,1
17626,74,1
17626,82,1
17626,83,1
17626,84,1
17626,86,1
17626,87,1
17626,88,1
17626,90,1
17626,91,1
17626,92,1
17626,93,1
17626,147,1
17626,148,0
17626,149,0
17626,150,0
17626,194,0
17626,196,0
17626,197,0
17626,198,0
17626,200,0
17626,201,1
17626,202,0
17626,203,0
17627,1,1
17627,2,0
17627,3,1
17627,5,1
17627,6,1
17627,7,1
17627,49,1
17627,50,1
17627,52,1
17627,53,1
17627,54,1
17627,56,1
17627,57,1
17627,59,1
17627,60,1
17627,61,1
17627,63,1
17627,64,1
17627,65,1
17627,66,1
17627,67,1
17627,72,0
17627,73,1
17627,74,1
17627,82,1
17627,83,1
17627,84,1
17627,86,1
17627,87,1
17627,88,1
17627,90,1
17627,91,1
17627,92,1
17627,93,1
17627,147,1
17627,148,0
17627,149,0
17627,150,0
17627,194,0
17627,196,0
17627,197,0
17627,198,0
17627,200,0
17627,201,1
17627,202,0
17627,203,0
17633,1,1
17633,2,1
17633,3,0
17633,5,1
17633,6,1
17633,7,1
17633,29,0
17633,30,0
17633,31,0
17633,32,0
17633,33,0
17633,34,0
17633,35,1
17633,36,1
17633,37,0
17633,39,0
17633,40,0
17633,41,0
17633,49,1
17633,50,1
17633,52,1
17633,53,1
17633,54,1
17633,56,1
17633,57,1
17633,59,1
17633,60,1
17633,61,1
17633,63,1
17633,64,1
17633,65,1
17633,66,1
17633,67,1
17633,72,0
17633,73,1
17633,74,1
17633,82,1
17633,83,1
17633,84,1
17633,86,1
17633,87,1
17633,88,1
17633,90,1
17633,91,1
17633,92,1
17633,93,1
17633,147,0
17633,148,1
17633,149,0
17633,150,0
17633,152,1
17633,153,1
17633,154,0
17633,155,1
17633,157,0
17633,159,0
17633,160,0
17633,164,0
17633,170,0
17633,171,0
17633,172,0
17633,173,0
17633,174,0
17633,175,0
17633,176,0
17633,177,0
17633,178,0
17633,181,0
17633,182,0
17633,183,0
17633,184,0
17633,194,0
17633,196,0
17633,197,0
17633,198,0
17633,200,0
17633,201,1
17633,202,0
17633,203,0
17635,1,1
17635,5,1
17635,6,1
17635,7,1
17635,72,0
17635,73,0
17635,74,1
17635,82,1
17635,83,1
17635,84,1
17635,86,1
17635,87,1
17635,88,1
17635,90,1
17635,91,1
17635,92,1
17635,93,0
17635,147,1
17635,148,0
17635,149,0
17635,150,0
17635,194,0
17635,196,0
17635,197,0
17635,198,0
17635,200,0
17635,201,1
17635,202,0
17635,203,0
17636,1,1
17636,2,0
17636,3,1
17636,5,1
17636,6,1
17636,7,1
17636,9,1
17636,10,0
17636,11,0
17636,12,0
17636,29,0
17636,30,0
17636,31,0
17636,32,0
17636,33,0
17636,34,0
17636,35,0
17636,36,0
17636,37,0
17636,39,1
17636,49,1
17636,50,1
17636,52,1
17636,53,1
17636,54,1
17636,56,1
17636,57,1
17636,59,1
17636,60,1
17636,61,1
17636,63,1
17636,64,1
17636,65,1
17636,66,1
17636,67,1
17636,72,1
17636,73,1
17636,74,1
17636,82,1
17636,83,1
17636,84,0
17636,86,1
17636,87,1
17636,88,1
17636,90,1
17636,91,1
17636,92,1
17636,93,1
17636,147,1
17636,148,0
17636,149,0
17636,150,0
17636,194,0
17636,196,0
17636,197,0
17636,198,0
17636,200,0
17636,201,1
17636,202,0
17636,203,0
17637,1,1
17637,2,0
17637,3,1
17637,5,1
17637,6,1
17637,7,1
17637,56,1
17637,57,1
17637,59,1
17637,60,1
17637,61,1
17637,63,1
17637,64,1
17637,65,1
17637,66,1
17637,67,1
17637,72,0
17637,73,1
17637,74,1
17637,82,1
17637,83,1
17637,84,1
17637,86,1
17637,87,1
17637,88,1
17637,90,1
17637,91,1
17637,92,1
17637,93,1
17637,147,1
17637,148,0
17637,149,0
17637,150,0
17637,194,0
17637,196,0
17637,197,0
17637,198,0
17637,200,0
17637,201,0
17637,202,0
17637,203,0
17638,1,1
17638,2,0
17638,3,1
17638,5,1
17638,6,1
17638,7,1
17638,49,1
17638,50,1
17638,52,1
17638,53,1
17638,54,1
17638,56,1
17638,57,1
17638,59,1
17638,60,1
17638,61,1
17638,63,1
17638,64,1
17638,65,1
17638,66,1
17638,67,1
17638,72,0
17638,73,1
17638,74,1
17638,82,1
17638,83,1
17638,84,1
17638,86,1
17638,87,1
17638,88,1
17638,90,1
17638,91,1
17638,92,1
17638,93,1
17638,147,1
17638,148,0
17638,149,0
17638,150,0
17638,194,0
17638,196,0
17638,197,0
17638,198,0
17638,200,0
17638,201,1
17638,202,0
17638,203,0
17640,1,1
17640,2,1
17640,3,0
17640,5,1
17640,6,1
17640,7,1
17640,56,1
17640,57,1
17640,59,1
17640,60,1
17640,61,1
17640,63,1
17640,64,1
17640,65,1
17640,66,1
17640,67,1
17640,72,1
17640,73,1
17640,74,1
17640,82,1
17640,83,1
17640,84,1
17640,86,1
17640,87,1
17640,88,1
17640,90,1
17640,91,1
17640,92,1
17640,93,1
17640,147,1
17640,148,0
17640,149,0
17640,150,0
17640,194,0
17640,196,0
17640,197,0
17640,198,0
17640,200,0
17640,201,1
17640,202,0
17640,203,0
17645,1,1
17645,2,0
17645,3,1
17645,5,1
17645,6,1
17645,7,1
17645,29,1
17645,30,1
17645,31,0
17645,32,0
17645,33,0
17645,34,0
17645,35,0
17645,36,0
17645,37,0
17645,39,0
17645,40,0
17645,41,0
17645,82,1
17645,83,1
17645,84,1
17645,86,1
17645,87,1
17645,88,1
17645,90,1
17645,91,1
17645,92,1
17645,93,1
17645,147,1
17645,148,0
17645,149,0
17645,150,0
17645,194,0
17645,196,0
17645,197,0
17645,198,0
17645,200,0
17645,201,0
17645,202,0
17645,203,0
17648,1,1
17648,5,1
17648,6,1
17648,7,1
17648,147,1
17648,148,0
17648,149,0
17648,150,0
17648,194,0
17648,196,0
17648,197,0
17648,198,0
17648,200,0
17648,201,1
17648,202,0
17648,203,0
17651,1,1
17651,2,0
17651,3,1
17651,5,1
17651,6,1
17651,7,1
17651,9,0
17651,10,0
17651,11,1
17651,12,0
17651,29,0
17651,30,0
17651,31,0
17651,32,0
17651,33,0
17651,34,0
17651,35,0
17651,36,0
17651,37,0
17651,39,1
17651,49,1
17651,50,1
17651,52,1
17651,53,1
17651,54,1
17651,56,1
17651,57,1
17651,59,1
17651,60,1
17651,61,1
17651,63,1
17651,64,1
17651,65,1
17651,66,1
17651,67,1
17651,72,1
17651,73,1
17651,74,1
17651,82,1
17651,83,1
17651,84,1
17651,86,1
17651,87,1
17651,88,1
17651,90,1
17651,91,1
17651,92,1
17651,93,1
17651,147,0
17651,148,0
17651,149,0
17651,150,0
17651,152,1
17651,153,1
17651,154,0
17651,155,1
17651,157,0
17651,159,0
17651,160,0
17651,164,0
17651,170,1
17651,171,1
17651,172,0
17651,173,1
17651,174,1
17651,175,1
17651,176,0
17651,177,0
17651,178,0
17651,181,0
17651,182,0
17651,183,0
17651,184,0
17651,194,1
17651,196,1
17651,197,0
17651,198,0
17651,200,0
17651,201,1
17651,202,0
17651,203,0
17654,1,1
17654,2,0
17654,3,1
17654,5,1
17654,6,1
17654,7,1
17654,49,1
17654,50,1
17654,52,1
17654,53,1
17654,54,1
17654,56,1
17654,57,1
17654,59,1
17654,60,1
17654,61,1
17654,63,1
17654,64,1
17654,65,1
17654,66,1
17654,67,1
17654,72,1
17654,73,1
17654,74,1
17654,82,1
17654,83,1
17654,84,1
17654,86,1
17654,87,1
17654,88,1
17654,90,1
17654,91,1
17654,92,1
17654,93,1
17654,147,1
17654,148,0
17654,149,0
17654,150,0
17654,194,0
17654,196,0
17654,197,0
17654,198,0
17654,200,0
17654,201,1
17654,202,0
17654,203,0
17668,1,1
17668,2,0
17668,3,1
17668,5,1
17668,6,1
17668,7,1
17668,56,1
17668,57,1
17668,59,1
17668,60,1
17668,61,1
17668,63,1
17668,64,1
17668,65,1
17668,66,1
17668,67,1
17668,72,1
17668,73,1
17668,74,1
17668,82,1
17668,83,1
17668,84,1
17668,86,1
17668,87,1
17668,88,1
17668,90,1
17668,91,1
17668,92,1
17668,93,0
17668,147,1
17668,148,0
17668,149,0
17668,150,0
17668,194,0
17668,196,0
17668,197,0
17668,198,0
17668,200,0
17668,201,1
17668,202,0
17668,203,0
17670,1,1
17670,2,0
17670,3,1
17670,5,1
17670,6,1
17670,7,1
17670,9,0
17670,10,1
17670,11,0
17670,12,0
17670,29,0
17670,30,0
17670,31,0
17670,32,0
17670,33,0
17670,34,0
17670,35,1
17670,36,1
17670,37,0
17670,39,0
17670,40,0
17670,41,0
17670,49,1
17670,50,1
17670,52,1
17670,53,1
17670,54,1
17670,56,1
17670,57,1
17670,59,1
17670,60,1
17670,61,1
17670,63,1
17670,64,1
17670,65,1
17670,66,1
17670,67,1
17670,72,0
17670,73,1
17670,74,1
17670,82,1
17670,83,1
17670,84,1
17670,86,1
17670,87,1
17670,88,1
17670,90,1
17670,91,1
17670,92,1
17670,93,1
17670,147,0
17670,148,0
17670,149,0
17670,150,1
17670,152,1
17670,153,1
17670,154,1
17670,155,0
17670,157,0
17670,159,0
17670,160,0
17670,164,0
17670,170,1
17670,171,1
17670,172,0
17670,173,0
17670,174,1
17670,175,1
17670,176,0
17670,177,0
17670,178,0
17670,181,0
17670,182,0
17670,183,0
17670,184,0
17670,194,0
17670,196,0
17670,197,0
17670,198,0
17670,200,0
17670,201,0
17670,202,0
17670,203,0
17674,1,1
17674,2,0
17674,3,1
17674,5,1
17674,6,1
17674,7,1
17674,56,1
17674,57,1
17674,59,1
17674,60,1
17674,61,1
17674,63,1
17674,64,1
17674,65,1
17674,66,1
17674,67,1
17674,72,1
17674,73,1
17674,74,1
17674,82,1
17674,83,1
17674,84,1
17674,86,1
17674,87,1
17674,88,1
17674,90,1
17674,91,1
17674,92,1
17674,93,1
17674,147,1
17674,148,0
17674,149,0
17674,150,0
17674,194,0
17674,196,0
17674,197,0
17674,198,0
17674,200,0
17674,201,0
17674,202,0
17674,203,0
17683,1,1
17683,2,0
17683,3,1
17683,5,1
17683,6,1
17683,7,1
17683,29,1
17683,32,0
17683,33,0
17683,34,0
17683,35,0
17683,36,0
17683,37,0
17683,39,0
17683,40,0
17683,41,0
17683,49,1
17683,50,1
17683,52,1
17683,53,1
17683,54,1
17683,56,1
17683,57,1
17683,59,1
17683,60,1
17683,61,1
17683,63,1
17683,64,1
17683,65,1
17683,66,1
17683,67,1
17683,72,1
17683,73,1
17683,74,1
17683,82,1
17683,83,1
17683,84,1
17683,86,1
17683,87,1
17683,88,1
17683,90,1
17683,91,1
17683,92,1
17683,93,1
17683,147,1
17683,148,0
17683,149,0
17683,150,0
17683,194,0
17683,196,0
17683,197,0
17683,198,0
17683,200,0
17683,201,0
17683,202,0
17683,203,0
17686,1,1
17686,2,0
17686,3,1
17686,5,1
17686,6,1
17686,7,1
17686,49,0
17686,50,1
17686,52,1
17686,53,1
17686,54,1
17686,56,0
17686,57,1
17686,59,1
17686,60,1
17686,61,1
17686,63,1
17686,64,1
17686,65,1
17686,66,1
17686,67,1
17686,72,1
17686,73,1
17686,74,1
17686,82,1
17686,83,1
17686,84,1
17686,86,1
17686,87,1
17686,88,1
17686,90,1
17686,91,1
17686,92,1
17686,93,1
17686,147,1
17686,148,0
17686,149,0
17686,150,0
17686,194,1
17686,196,0
17686,197,0
17686,198,0
17686,200,0
17686,201,1
17686,202,1
17686,203,0
17690,1,1
17690,2,0
17690,3,1
17690,5,1
17690,6,1
17690,7,1
17690,29,1
17690,30,0
17690,31,1
17690,32,0
17690,33,0
17690,34,0
17690,35,0
17690,36,0
17690,37,0
17690,39,0
17690,40,0
17690,41,0
17690,72,1
17690,73,1
17690,74,1
17690,82,1
17690,83,1
17690,84,1
17690,90,1
17690,91,1
17690,92,1
17690,93,1
17690,147,1
17690,148,0
17690,149,0
17690,150,0
17690,194,0
17690,196,0
17690,197,0
17690,198,0
17690,200,0
17690,201,0
17690,202,1
17690,203,0
17696,1,1
17696,2,1
17696,3,0
17696,5,1
17696,6,1
17696,7,1
17696,49,0
17696,50,0
17696,52,1
17696,53,1
17696,54,1
17696,56,0
17696,57,0
17696,59,1
17696,60,1
17696,61,1
17696,63,1
17696,64,1
17696,65,1
17696,66,1
17696,67,1
17696,72,1
17696,73,1
17696,74,1
17696,82,1
17696,83,1
17696,84,1
17696,86,1
17696,87,1
17696,88,1
17696,90,1
17696,91,1
17696,92,1
17696,93,1
17696,147,1
17696,148,0
17696,149,0
17696,150,0
17696,194,0
17696,196,0
17696,197,0
17696,198,0
17696,200,0
17696,201,1
17696,202,0
17696,203,1
17698,1,1
17698,2,0
17698,3,1
17698,5,1
17698,6,1
17698,7,1
17698,49,0
17698,50,1
17698,52,1
17698,53,1
17698,54,1
17698,56,1
17698,57,1
17698,59,1
17698,60,1
17698,61,1
17698,63,1
17698,64,1
17698,65,1
17698,66,1
17698,67,1
17698,72,1
17698,73,1
17698,74,1
17698,82,1
17698,83,1
17698,84,1
17698,86,1
17698,87,1
17698,88,1
17698,90,1
17698,91,1
17698,92,0
17698,93,0
17698,147,1
17698,148,0
17698,149,0
17698,150,0
17698,194,0
17698,196,0
17698,197,0
17698,198,0
17698,200,0
17698,201,0
17698,202,0
17698,203,0
17701,1,1
17701,2,1
17701,3,0
17701,5,1
17701,6,1
17701,7,1
17701,9,0
17701,10,0
17701,11,0
17701,12,1
17701,49,1
17701,50,1
17701,52,1
17701,53,1
17701,54,1
17701,56,1
17701,57,1
17701,59,1
17701,60,1
17701,61,1
17701,63,1
17701,64,1
17701,65,1
17701,66,1
17701,67,1
17701,72,0
17701,73,1
17701,74,1
17701,82,1
17701,83,1
17701,84,1
17701,86,1
17701,87,1
17701,88,1
17701,90,1
17701,91,1
17701,92,1
17701,93,1
17701,147,1
17701,148,0
17701,149,0
17701,150,0
17701,194,0
17701,196,0
17701,197,0
17701,198,0
17701,200,0
17701,201,1
17701,202,1
17701,203,0
17706,1,1
17706,2,0
17706,3,1
17706,5,1
17706,6,1
17706,7,1
17706,29,0
17706,30,0
17706,31,0
17706,32,0
17706,33,0
17706,34,0
17706,35,1
17706,36,1
17706,37,0
17706,39,0
17706,40,0
17706,41,0
17706,49,1
17706,50,1
17706,52,1
17706,53,1
17706,54,1
17706,56,1
17706,57,1
17706,59,1
17706,60,1
17706,61,1
17706,63,1
17706,64,1
17706,65,1
17706,66,1
17706,67,1
17706,72,0
17706,73,1
17706,74,1
17706,82,0
17706,83,0
17706,84,0
17706,86,1
17706,87,1
17706,88,1
17706,90,1
17706,91,1
17706,92,1
17706,93,1
17706,147,1
17706,148,0
17706,149,0
17706,150,0
17706,194,0
17706,196,0
17706,197,0
17706,198,0
17706,200,0
17706,201,1
17706,202,0
17706,203,0
17710,1,1
17710,2,1
17710,3,0
17710,5,1
17710,6,1
17710,7,1
17710,72,1
17710,73,1
17710,74,1
17710,82,1
17710,83,1
17710,84,1
17710,86,1
17710,87,1
17710,88,1
17710,90,1
17710,91,1
17710,92,1
17710,93,1
17710,147,1
17710,148,0
17710,149,0
17710,150,0
17710,194,0
17710,196,0
17710,197,0
17710,198,0
17710,200,0
17710,201,0
17710,202,0
17710,203,0
17711,1,1
17711,2,1
17711,3,0
17711,5,1
17711,6,1
17711,7,1
17711,29,0
17711,30,0
17711,31,0
17711,32,0
17711,33,0
17711,34,0
17711,35,1
17711,36,1
17711,37,0
17711,39,0
17711,40,0
17711,41,0
17711,49,1
17711,50,1
17711,52,1
17711,53,1
17711,54,1
17711,56,1
17711,57,1
17711,59,1
17711,60,1
17711,61,1
17711,63,1
17711,64,1
17711,65,1
17711,66,1
17711,67,1
17711,72,1
17711,73,1
17711,74,1
17711,82,1
17711,83,1
17711,84,1
17711,86,1
17711,87,1
17711,88,1
17711,90,1
17711,91,1
17711,92,1
17711,93,1
17711,147,1
17711,148,0
17711,149,0
17711,150,0
17711,194,0
17711,196,0
17711,197,0
17711,198,0
17711,200,0
17711,201,1
17711,202,0
17711,203,0
17714,1,1
17714,2,0
17714,3,1
17714,5,1
17714,6,1
17714,7,1
17714,29,0
17714,30,0
17714,31,0
17714,32,0
17714,33,0
17714,34,0
17714,35,1
17714,39,0
17714,40,0
17714,41,0
17714,49,0
17714,50,1
17714,52,1
17714,53,1
17714,54,1
17714,56,1
17714,57,1
17714,59,1
17714,60,1
17714,61,1
17714,63,1
17714,64,1
17714,65,1
17714,66,1
17714,67,1
17714,72,1
17714,73,1
17714,74,1
17714,82,1
17714,83,1
17714,84,1
17714,86,1
17714,87,1
17714,88,1
17714,90,1
17714,91,1
17714,92,1
17714,93,1
17714,147,1
17714,148,0
17714,149,0
17714,150,0
17714,194,0
17714,196,0
17714,197,0
17714,198,0
17714,200,0
17714,201,1
17714,202,0
17714,203,0
17715,1,1
17715,2,0
17715,3,1
17715,5,1
17715,6,1
17715,7,1
17715,49,1
17715,50,1
17715,52,1
17715,53,1
17715,54,1
17715,56,1
17715,57,1
17715,59,1
17715,60,1
17715,61,1
17715,63,1
17715,64,1
17715,65,1
17715,66,1
17715,67,1
17715,72,1
17715,73,1
17715,74,1
17715,82,1
17715,83,1
17715,84,1
17715,86,1
17715,87,1
17715,88,1
17715,90,1
17715,91,1
17715,92,1
17715,93,1
17715,147,1
17715,148,0
17715,149,0
17715,150,0
17715,194,1
17715,196,0
17715,197,0
17715,198,0
17715,200,0
17715,201,1
17715,202,0
17715,203,0
17944,1,1
17944,2,0
17944,3,1
17944,5,1
17944,6,1
17944,7,1
17944,56,1
17944,57,1
17944,59,1
17944,60,1
17944,61,1
17944,63,1
17944,64,1
17944,65,1
17944,66,1
17944,67,1
17944,72,1
17944,73,1
17944,74,1
17944,82,1
17944,83,1
17944,84,1
17944,86,1
17944,87,1
17944,88,1
17944,90,1
17944,91,1
17944,92,1
17944,93,1
17944,147,1
17944,148,0
17944,149,0
17944,150,0
17944,194,0
17944,196,0
17944,197,0
17944,198,0
17944,200,0
17944,201,1
17944,202,0
17944,203,0
17946,1,1
17946,2,1
17946,3,0
17946,5,1
17946,6,1
17946,7,1
17946,29,1
17946,30,1
17946,31,0
17946,32,0
17946,33,0
17946,34,0
17946,35,0
17946,36,0
17946,37,0
17946,39,0
17946,40,0
17946,41,0
17946,49,1
17946,50,1
17946,52,1
17946,53,1
17946,54,1
17946,56,1
17946,57,1
17946,59,1
17946,60,1
17946,61,1
17946,63,1
17946,64,1
17946,65,1
17946,66,1
17946,67,1
17946,72,1
17946,73,1
17946,74,1
17946,82,1
17946,83,1
17946,84,1
17946,86,1
17946,87,1
17946,88,1
17946,90,0
17946,91,0
17946,92,0
17946,93,0
17946,147,1
17946,148,0
17946,149,0
17946,150,0
17946,194,0
17946,196,1
17946,197,0
17946,198,0
17946,200,0
17946,201,1
17946,202,0
17946,203,0
17951,1,1
17951,2,0
17951,3,1
17951,5,1
17951,6,1
17951,7,1
17951,29,1
17951,30,1
17951,31,0
17951,32,0
17951,33,0
17951,34,0
17951,35,0
17951,36,0
17951,37,0
17951,39,0
17951,40,0
17951,41,0
17951,72,1
17951,73,1
17951,74,1
17951,82,1
17951,83,1
17951,84,1
17951,86,1
17951,87,1
17951,88,1
17951,90,1
17951,91,1
17951,92,1
17951,93,1
17951,147,1
17951,148,0
17951,149,0
17951,150,0
17951,194,0
17951,196,0
17951,197,0
17951,198,0
17951,200,0
17951,201,1
17951,202,0
17951,203,0
17956,1,1
17956,2,0
17956,3,1
17956,5,1
17956,6,1
17956,7,1
17956,49,1
17956,50,1
17956,52,1
17956,53,1
17956,54,1
17956,56,1
17956,57,1
17956,59,1
17956,60,1
17956,61,1
17956,63,1
17956,64,1
17956,65,1
17956,66,1
17956,67,1
17956,72,1
17956,73,1
17956,74,1
17956,82,1
17956,83,1
17956,84,1
17956,86,1
17956,87,1
17956,88,1
17956,90,1
17956,91,1
17956,92,1
17956,93,1
17956,147,1
17956,148,0
17956,149,0
17956,150,0
17956,194,0
17956,196,0
17956,197,0
17956,198,0
17956,200,0
17956,201,0
17956,202,0
17956,203,0
17959,1,1
17959,2,0
17959,3,1
17959,5,1
17959,6,1
17959,7,1
17959,29,0
17959,30,0
17959,31,0
17959,32,0
17959,33,0
17959,34,0
17959,35,1
17959,36,1
17959,37,0
17959,39,0
17959,40,0
17959,41,0
17959,56,1
17959,57,1
17959,59,1
17959,60,1
17959,61,1
17959,63,1
17959,64,1
17959,65,1
17959,66,1
17959,67,1
17959,72,1
17959,73,1
17959,74,1
17959,82,1
17959,83,1
17959,84,1
17959,86,1
17959,87,1
17959,88,1
17959,90,1
17959,91,1
17959,92,1
17959,93,1
17959,147,1
17959,148,0
17959,149,0
17959,150,0
17959,194,0
17959,196,0
17959,197,0
17959,198,0
17959,200,0
17959,201,1
17959,202,0
17959,203,0
17964,1,1
17964,2,0
17964,3,1
17964,5,1
17964,6,1
17964,7,1
17964,29,1
17964,32,0
17964,33,0
17964,34,0
17964,35,0
17964,36,0
17964,37,0
17964,39,0
17964,40,0
17964,41,0
17964,49,1
17964,50,1
17964,52,1
17964,53,1
17964,54,1
17964,56,1
17964,57,1
17964,59,1
17964,60,1
17964,61,1
17964,63,1
17964,64,1
17964,65,1
17964,66,1
17964,67,1
17964,72,1
17964,73,1
17964,74,1
17964,82,1
17964,83,1
17964,84,1
17964,86,1
17964,87,1
17964,88,1
17964,90,1
17964,91,1
17964,92,1
17964,93,1
17964,147,1
17964,148,0
17964,149,0
17964,150,0
17964,194,0
17964,196,0
17964,197,0
17964,198,0
17964,200,0
17964,201,1
17964,202,0
17964,203,0
17967,1,1
17967,2,0
17967,3,1
17967,5,1
17967,6,1
17967,7,1
17967,29,0
17967,30,0
17967,31,0
17967,32,0
17967,33,0
17967,34,0
17967,35,1
17967,39,0
17967,40,0
17967,41,0
17967,56,1
17967,57,1
17967,59,1
17967,60,1
17967,61,1
17967,63,1
17967,64,1
17967,65,1
17967,66,1
17967,67,1
17967,72,0
17967,73,1
17967,74,1
17967,82,1
17967,83,1
17967,84,1
17967,86,1
17967,87,1
17967,88,1
17967,90,1
17967,91,1
17967,92,1
17967,93,0
17967,147,1
17967,148,0
17967,149,0
17967,150,0
17967,194,0
17967,196,0
17967,197,0
17967,198,0
17967,200,0
17967,201,1
17967,202,0
17967,203,0
17970,1,1
17970,2,0
17970,3,1
17970,5,1
17970,6,1
17970,7,1
17970,29,1
17970,30,0
17970,31,1
17970,32,0
17970,33,0
17970,34,0
17970,35,0
17970,36,0
17970,37,0
17970,39,0
17970,40,0
17970,41,0
17970,49,1
17970,50,1
17970,52,1
17970,53,1
17970,54,1
17970,56,1
17970,57,1
17970,59,1
17970,60,1
17970,61,1
17970,63,1
17970,64,1
17970,65,1
17970,66,1
17970,67,1
17970,72,1
17970,73,1
17970,74,1
17970,82,1
17970,83,1
17970,84,1
17970,86,1
17970,87,1
17970,88,1
17970,90,1
17970,91,1
17970,92,1
17970,93,1
17970,147,1
17970,148,0
17970,149,0
17970,150,0
17970,194,0
17970,196,0
17970,197,0
17970,198,0
17970,200,0
17970,201,1
17970,202,1
17970,203,0
17971,1,1
17971,2,0
17971,3,1
17971,5,1
17971,6,1
17971,7,1
17971,49,1
17971,50,1
17971,52,1
17971,53,1
17971,54,1
17971,56,1
17971,57,1
17971,59,1
17971,60,1
17971,61,1
17971,63,1
17971,64,1
17971,65,1
17971,66,1
17971,67,1
17971,72,1
17971,73,1
17971,74,1
17971,82,1
17971,83,1
17971,84,1
17971,86,1
17971,87,1
17971,88,1
17971,90,1
17971,91,1
17971,92,1
17971,93,1
17971,147,1
17971,148,0
17971,149,0
17971,150,0
17971,194,0
17971,196,0
17971,197,0
17971,198,0
17971,200,0
17971,201,1
17971,202,0
17971,203,0
17974,1,1
17974,2,1
17974,3,0
17974,5,1
17974,6,1
17974,7,1
17974,49,1
17974,50,1
17974,52,1
17974,53,1
17974,54,1
17974,56,1
17974,57,1
17974,59,1
17974,60,1
17974,61,1
17974,63,1
17974,64,1
17974,65,1
17974,66,1
17974,67,1
17974,72,1
17974,73,1
17974,74,1
17974,82,1
17974,83,1
17974,84,1
17974,86,1
17974,87,1
17974,88,1
17974,90,1
17974,91,1
17974,92,1
17974,93,0
17974,147,1
17974,148,0
17974,149,0
17974,150,0
17974,194,0
17974,196,0
17974,197,0
17974,198,0
17974,200,0
17974,201,1
17974,202,0
17974,203,0
17978,1,1
17978,2,0
17978,3,1
17978,5,1
17978,6,1
17978,7,1
17978,29,1
17978,32,0
17978,33,0
17978,34,0
17978,35,0
17978,36,0
17978,37,0
17978,39,0
17978,40,0
17978,41,0
17978,56,1
17978,57,1
17978,59,1
17978,60,1
17978,61,1
17978,63,1
17978,64,1
17978,65,1
17978,66,1
17978,67,1
17978,72,1
17978,73,1
17978,74,1
17978,82,1
17978,83,1
17978,84,1
17978,86,1
17978,87,1
17978,88,1
17978,90,1
17978,91,1
17978,92,0
17978,93,0
17978,147,1
17978,148,0
17978,149,0
17978,150,0
17978,194,0
17978,196,0
17978,197,0
17978,198,0
17978,200,0
17978,201,1
17978,202,0
17978,203,0
17983,1,1
17983,2,1
17983,3,0
17983,5,1
17983,6,1
17983,7,1
17983,9,0
17983,10,1
17983,11,0
17983,12,0
17983,29,0
17983,30,0
17983,31,0
17983,32,0
17983,33,0
17983,34,0
17983,35,1
17983,36,0
17983,37,1
17983,39,0
17983,40,0
17983,41,0
17983,49,1
17983,50,1
17983,52,1
17983,53,1
17983,54,1
17983,56,1
17983,57,1
17983,59,1
17983,60,1
17983,61,1
17983,63,1
17983,64,1
17983,65,1
17983,66,1
17983,67,1
17983,72,1
17983,73,1
17983,74,1
17983,82,1
17983,83,1
17983,84,1
17983,86,1
17983,87,1
17983,88,1
17983,90,1
17983,91,1
17983,92,1
17983,93,0
17983,147,0
17983,148,1
17983,149,0
17983,150,0
17983,152,1
17983,153,1
17983,154,1
17983,155,0
17983,157,0
17983,159,0
17983,160,0
17983,164,0
17983,170,0
17983,171,0
17983,172,0
17983,173,0
17983,174,0
17983,175,0
17983,176,0
17983,177,0
17983,178,0
17983,181,0
17983,182,0
17983,183,0
17983,184,0
17983,194,0
17983,196,0
17983,197,0
17983,198,0
17983,200,0
17983,201,1
17983,202,0
17983,203,0
17997,1,1
17997,2,1
17997,3,0
17997,5,1
17997,6,1
17997,7,1
17997,82,1
17997,83,1
17997,84,1
17997,86,1
17997,87,1
17997,88,1
17997,90,1
17997,91,1
17997,92,1
17997,93,1
17997,147,1
17997,148,0
17997,149,0
17997,150,0
17997,194,0
17997,196,0
17997,197,0
17997,198,0
17997,200,0
17997,201,1
17997,202,0
17997,203,0
18000,1,1
18000,2,0
18000,3,1
18000,5,1
18000,6,1
18000,7,1
18000,56,1
18000,57,1
18000,59,1
18000,60,1
18000,61,1
18000,63,1
18000,64,1
18000,65,1
18000,66,1
18000,67,1
18000,72,1
18000,73,1
18000,74,1
18000,82,1
18000,83,1
18000,84,1
18000,86,1
18000,87,1
18000,88,1
18000,90,1
18000,91,1
18000,92,1
18000,93,1
18000,147,1
18000,148,0
18000,149,0
18000,150,0
18000,194,0
18000,196,0
18000,197,0
18000,198,0
18000,200,0
18000,201,0
18000,202,0
18000,203,0
18004,1,1
18004,2,0
18004,3,1
18004,5,1
18004,6,1
18004,7,1
18004,49,1
18004,50,1
18004,52,1
18004,53,1
18004,54,1
18004,56,1
18004,57,1
18004,59,1
18004,60,1
18004,61,1
18004,63,1
18004,64,1
18004,65,1
18004,66,1
18004,67,1
18004,72,1
18004,73,1
18004,74,1
18004,82,1
18004,83,1
18004,84,1
18004,86,1
18004,87,1
18004,88,1
18004,90,1
18004,91,1
18004,92,1
18004,93,1
18004,147,1
18004,148,0
18004,149,0
18004,150,0
18004,194,0
18004,196,0
18004,197,0
18004,198,0
18004,200,0
18004,201,0
18004,202,0
18004,203,0
18010,1,1
18010,5,1
18010,6,1
18010,7,1
18010,49,1
18010,50,1
18010,52,1
18010,53,1
18010,54,1
18010,56,1
18010,57,1
18010,59,1
18010,60,1
18010,61,1
18010,63,1
18010,64,1
18010,65,1
18010,66,1
18010,67,1
18010,72,1
18010,73,1
18010,74,1
18010,82,1
18010,83,1
18010,84,1
18010,90,1
18010,91,1
18010,92,1
18010,93,1
18010,147,1
18010,148,0
18010,149,0
18010,150,0
18010,194,0
18010,196,0
18010,197,0
18010,198,0
18010,200,0
18010,201,0
18010,202,0
18010,203,0
18011,1,1
18011,2,1
18011,3,0
18011,5,1
18011,6,1
18011,7,1
18011,72,0
18011,73,1
18011,74,1
18011,82,1
18011,83,1
18011,84,1
18011,86,1
18011,87,1
18011,88,1
18011,90,1
18011,91,1
18011,92,1
18011,93,1
18011,147,1
18011,148,0
18011,149,0
18011,150,0
18011,194,0
18011,196,0
18011,197,0
18011,198,0
18011,200,0
18011,201,0
18011,202,0
18011,203,0
18012,1,1
18012,2,0
18012,3,1
18012,5,1
18012,6,1
18012,7,1
18012,49,1
18012,50,1
18012,52,1
18012,53,1
18012,54,1
18012,56,1
18012,57,1
18012,59,1
18012,60,1
18012,61,1
18012,63,1
18012,64,1
18012,65,1
18012,66,1
18012,67,1
18012,72,1
18012,73,1
18012,74,1
18012,82,1
18012,83,1
18012,84,1
18012,86,1
18012,87,1
18012,88,1
18012,90,1
18012,91,1
18012,92,1
18012,93,1
18012,147,1
18012,148,0
18012,149,0
18012,150,0
18012,194,0
18012,196,0
18012,197,0
18012,198,0
18012,200,0
18012,201,1
18012,202,0
18012,203,0
18013,1,1
18013,5,1
18013,6,1
18013,7,1
18013,9,0
18013,10,0
18013,11,1
18013,12,0
18013,29,0
18013,30,0
18013,31,0
18013,32,0
18013,33,0
18013,34,0
18013,35,1
18013,39,0
18013,40,0
18013,41,0
18013,49,1
18013,50,1
18013,52,1
18013,53,1
18013,54,1
18013,56,1
18013,57,1
18013,59,1
18013,60,1
18013,61,1
18013,63,1
18013,64,1
18013,65,1
18013,66,1
18013,67,1
18013,72,1
18013,73,1
18013,74,1
18013,82,1
18013,83,1
18013,84,1
18013,86,1
18013,87,1
18013,88,1
18013,90,1
18013,91,1
18013,92,1
18013,93,1
18013,147,0
18013,148,0
18013,149,1
18013,150,0
18013,152,1
18013,153,1
18013,154,1
18013,155,1
18013,157,0
18013,159,0
18013,160,0
18013,164,0
18013,170,0
18013,171,0
18013,172,0
18013,173,0
18013,174,0
18013,175,0
18013,176,0
18013,177,0
18013,178,0
18013,181,0
18013,182,0
18013,183,0
18013,184,0
18013,194,0
18013,196,0
18013,197,0
18013,198,0
18013,200,0
18013,201,1
18013,202,0
18013,203,0
18014,1,1
18014,2,0
18014,3,1
18014,5,1
18014,6,1
18014,7,1
18014,82,1
18014,83,1
18014,84,1
18014,86,1
18014,87,1
18014,88,1
18014,90,1
18014,91,1
18014,92,1
18014,93,1
18014,147,1
18014,148,0
18014,149,0
18014,150,0
18014,194,0
18014,196,0
18014,197,0
18014,198,0
18014,200,0
18014,201,0
18014,202,0
18014,203,0
18015,1,1
18015,2,0
18015,3,1
18015,5,1
18015,6,1
18015,7,1
18015,56,1
18015,57,1
18015,59,1
18015,60,1
18015,61,1
18015,63,1
18015,64,1
18015,65,1
18015,66,1
18015,67,1
18015,72,1
18015,73,1
18015,74,1
18015,82,1
18015,83,1
18015,84,1
18015,86,1
18015,87,1
18015,88,1
18015,90,1
18015,91,1
18015,92,1
18015,93,1
18015,147,1
18015,148,0
18015,149,0
18015,150,0
18015,194,0
18015,196,0
18015,197,0
18015,198,0
18015,200,0
18015,201,0
18015,202,0
18015,203,0
18018,1,1
18018,2,0
18018,3,1
18018,5,1
18018,6,1
18018,7,1
18018,56,1
18018,57,1
18018,59,1
18018,60,1
18018,61,1
18018,63,1
18018,64,1
18018,65,1
18018,66,1
18018,67,1
18018,72,1
18018,73,1
18018,74,1
18018,82,1
18018,83,1
18018,84,1
18018,86,1
18018,87,1
18018,88,1
18018,90,1
18018,91,0
18018,92,0
18018,93,0
18018,147,1
18018,148,0
18018,149,0
18018,150,0
18018,194,0
18018,196,0
18018,197,0
18018,198,0
18018,200,0
18018,201,0
18018,202,0
18018,203,0
18022,1,1
18022,2,0
18022,3,1
18022,5,1
18022,6,1
18022,7,1
18022,49,1
18022,50,1
18022,52,1
18022,53,1
18022,54,1
18022,56,1
18022,57,1
18022,59,1
18022,60,1
18022,61,1
18022,63,1
18022,64,1
18022,65,1
18022,66,1
18022,67,1
18022,72,0
18022,73,1
18022,74,1
18022,82,1
18022,83,1
18022,84,1
18022,86,1
18022,87,1
18022,88,1
18022,90,1
18022,91,1
18022,92,1
18022,93,1
18022,147,1
18022,148,0
18022,149,0
18022,150,0
18022,194,1
18022,196,0
18022,197,0
18022,198,0
18022,200,0
18022,201,1
18022,202,0
18022,203,0
18306,1,1
18306,2,0
18306,3,1
18306,5,1
18306,6,1
18306,7,1
18306,49,1
18306,50,1
18306,52,1
18306,53,1
18306,54,1
18306,56,1
18306,57,1
18306,59,1
18306,60,1
18306,61,1
18306,63,1
18306,64,1
18306,65,1
18306,66,1
18306,67,1
18306,72,1
18306,73,1
18306,74,1
18306,82,1
18306,83,1
18306,84,1
18306,86,1
18306,87,1
18306,88,1
18306,90,1
18306,91,1
18306,92,1
18306,93,1
18306,147,1
18306,148,0
18306,149,0
18306,150,0
18306,194,0
18306,196,0
18306,197,0
18306,198,0
18306,200,0
18306,201,1
18306,202,0
18306,203,0
18315,1,1
18315,2,0
18315,3,1
18315,5,1
18315,6,1
18315,7,1
18315,29,1
18315,30,1
18315,31,0
18315,32,0
18315,33,0
18315,34,0
18315,35,0
18315,36,0
18315,37,0
18315,39,0
18315,40,0
18315,41,0
18315,49,0
18315,50,1
18315,52,1
18315,53,1
18315,54,1
18315,56,1
18315,57,1
18315,59,1
18315,60,1
18315,61,1
18315,63,1
18315,64,1
18315,65,1
18315,66,1
18315,67,1
18315,72,1
18315,73,1
18315,74,1
18315,82,1
18315,83,1
18315,84,1
18315,86,1
18315,87,1
18315,88,1
18315,90,1
18315,91,1
18315,92,1
18315,93,1
18315,147,1
18315,148,0
18315,149,0
18315,150,0
18315,194,0
18315,196,0
18315,197,0
18315,198,0
18315,200,0
18315,201,1
18315,202,0
18315,203,0
18325,1,1
18325,2,0
18325,3,1
18325,5,1
18325,6,1
18325,7,1
18325,49,1
18325,50,1
18325,52,1
18325,53,1
18325,54,1
18325,56,1
18325,57,1
18325,59,1
18325,60,1
18325,61,1
18325,63,1
18325,64,1
18325,65,1
18325,66,1
18325,67,1
18325,72,1
18325,73,1
18325,74,1
18325,82,1
18325,83,1
18325,84,1
18325,86,1
18325,87,1
18325,88,1
18325,90,1
18325,91,1
18325,92,1
18325,93,0
18325,147,1
18325,148,0
18325,149,0
18325,150,0
18325,194,0
18325,196,0
18325,197,0
18325,198,0
18325,200,0
18325,201,1
18325,202,0
18325,203,0
18327,1,1
18327,2,0
18327,3,1
18327,5,1
18327,6,1
18327,7,1
18327,49,1
18327,50,1
18327,52,1
18327,53,1
18327,54,1
18327,56,1
18327,57,1
18327,59,1
18327,60,1
18327,61,1
18327,63,1
18327,64,1
18327,65,1
18327,66,1
18327,67,1
18327,72,1
18327,73,1
18327,74,1
18327,82,1
18327,83,1
18327,84,1
18327,86,1
18327,87,1
18327,88,1
18327,90,1
18327,91,1
18327,92,1
18327,93,0
18327,147,1
18327,148,0
18327,149,0
18327,150,0
18327,194,0
18327,196,0
18327,197,0
18327,198,0
18327,200,0
18327,201,1
18327,202,0
18327,203,0
18336,1,1
18336,2,1
18336,3,0
18336,5,1
18336,6,1
18336,7,1
18336,72,1
18336,73,1
18336,74,1
18336,82,1
18336,83,1
18336,84,1
18336,86,1
18336,87,1
18336,88,1
18336,90,1
18336,91,1
18336,92,1
18336,93,1
18336,147,1
18336,148,0
18336,149,0
18336,150,0
18336,194,0
18336,196,0
18336,197,0
18336,198,0
18336,200,0
18336,201,1
18336,202,0
18336,203,0
18339,1,1
18339,2,0
18339,3,1
18339,5,1
18339,6,1
18339,7,1
18339,29,1
18339,30,1
18339,31,0
18339,32,0
18339,33,0
18339,34,0
18339,35,0
18339,36,0
18339,37,0
18339,39,0
18339,40,0
18339,41,0
18339,49,1
18339,50,1
18339,52,1
18339,53,1
18339,54,1
18339,56,1
18339,57,1
18339,59,1
18339,60,1
18339,61,1
18339,63,1
18339,64,1
18339,65,1
18339,66,1
18339,67,1
18339,72,1
18339,73,1
18339,74,1
18339,82,1
18339,83,1
18339,84,1
18339,86,1
18339,87,1
18339,88,1
18339,90,1
18339,91,1
18339,92,1
18339,93,1
18339,147,1
18339,148,0
18339,149,0
18339,150,0
18339,194,0
18339,196,0
18339,197,0
18339,198,0
18339,200,0
18339,201,1
18339,202,0
18339,203,0
18342,1,1
18342,2,0
18342,3,1
18342,5,1
18342,6,1
18342,7,1
18342,49,1
18342,50,1
18342,52,1
18342,53,1
18342,54,1
18342,56,1
18342,57,1
18342,59,1
18342,60,1
18342,61,1
18342,63,1
18342,64,1
18342,65,1
18342,66,1
18342,67,1
18342,72,1
18342,73,1
18342,74,1
18342,82,1
18342,83,1
18342,84,1
18342,86,1
18342,87,1
18342,88,1
18342,90,1
18342,91,1
18342,92,1
18342,93,0
18342,147,1
18342,148,0
18342,149,0
18342,150,0
18342,194,0
18342,196,0
18342,197,0
18342,198,0
18342,200,0
18342,201,0
18342,202,0
18342,203,0
18344,1,1
18344,2,0
18344,3,1
18344,5,1
18344,6,1
18344,7,1
18344,82,1
18344,83,1
18344,84,1
18344,86,1
18344,87,1
18344,88,1
18344,90,1
18344,91,1
18344,92,1
18344,93,1
18344,147,1
18344,148,0
18344,149,0
18344,150,0
18344,194,0
18344,196,0
18344,197,0
18344,198,0
18344,200,0
18344,201,1
18344,202,0
18344,203,0
18349,1,1
18349,2,1
18349,3,1
18349,5,1
18349,6,1
18349,7,1
18349,49,0
18349,50,0
18349,52,0
18349,53,0
18349,54,1
18349,56,1
18349,57,1
18349,59,1
18349,60,1
18349,61,1
18349,63,1
18349,64,1
18349,65,1
18349,66,1
18349,67,1
18349,72,1
18349,73,1
18349,74,1
18349,82,1
18349,83,1
18349,84,1
18349,86,1
18349,87,1
18349,88,1
18349,90,1
18349,91,1
18349,92,1
18349,93,1
18349,147,1
18349,148,0
18349,149,0
18349,150,0
18349,194,0
18349,196,0
18349,197,0
18349,198,0
18349,200,0
18349,201,1
18349,202,0
18349,203,0
18352,1,1
18352,2,0
18352,3,1
18352,5,1
18352,6,1
18352,7,1
18352,29,1
18352,30,1
18352,31,0
18352,32,0
18352,33,0
18352,34,0
18352,35,0
18352,36,0
18352,37,0
18352,39,0
18352,40,0
18352,41,0
18352,56,1
18352,57,1
18352,59,1
18352,60,1
18352,61,1
18352,63,1
18352,64,1
18352,65,1
18352,66,1
18352,67,1
18352,72,1
18352,73,1
18352,74,1
18352,82,1
18352,83,1
18352,84,1
18352,86,1
18352,87,1
18352,88,1
18352,90,1
18352,91,1
18352,92,1
18352,93,0
18352,147,1
18352,148,0
18352,149,0
18352,150,0
18352,194,0
18352,196,0
18352,197,0
18352,198,0
18352,200,0
18352,201,0
18352,202,0
18352,203,0
18353,1,1
18353,2,1
18353,3,0
18353,5,1
18353,6,1
18353,7,1
18353,9,1
18353,10,0
18353,11,0
18353,12,0
18353,29,0
18353,30,0
18353,31,0
18353,32,0
18353,33,0
18353,34,0
18353,35,1
18353,39,0
18353,40,0
18353,41,0
18353,72,1
18353,73,1
18353,74,1
18353,82,1
18353,83,1
18353,84,1
18353,86,1
18353,87,1
18353,88,1
18353,90,1
18353,91,1
18353,92,1
18353,93,0
18353,147,1
18353,148,0
18353,149,0
18353,150,0
18353,194,0
18353,196,0
18353,197,0
18353,198,0
18353,200,0
18353,201,0
18353,202,0
18353,203,0
18360,1,1
18360,2,0
18360,3,1
18360,5,1
18360,6,1
18360,7,1
18360,29,1
18360,30,0
18360,31,1
18360,32,0
18360,33,0
18360,34,0
18360,35,0
18360,36,0
18360,37,0
18360,39,0
18360,40,0
18360,41,0
18360,56,1
18360,57,1
18360,59,1
18360,60,1
18360,61,1
18360,63,1
18360,64,1
18360,65,1
18360,66,1
18360,67,1
18360,72,1
18360,73,1
18360,74,1
18360,82,1
18360,83,1
18360,84,1
18360,86,1
18360,87,1
18360,88,1
18360,90,1
18360,91,1
18360,92,1
18360,93,1
18360,147,1
18360,148,0
18360,149,0
18360,150,0
18360,194,0
18360,196,0
18360,197,0
18360,198,0
18360,200,0
18360,201,1
18360,202,0
18360,203,0
18362,1,1
18362,2,1
18362,3,0
18362,5,1
18362,6,1
18362,7,1
18362,29,1
18362,32,0
18362,33,0
18362,34,0
18362,35,0
18362,36,0
18362,37,0
18362,39,0
18362,40,0
18362,41,0
18362,49,1
18362,50,1
18362,52,1
18362,53,1
18362,54,1
18362,56,1
18362,57,1
18362,59,1
18362,60,1
18362,61,1
18362,63,1
18362,64,1
18362,65,1
18362,66,1
18362,67,1
18362,72,1
18362,73,1
18362,74,1
18362,82,1
18362,83,1
18362,84,1
18362,86,1
18362,87,1
18362,88,1
18362,90,1
18362,91,1
18362,92,1
18362,93,0
18362,147,1
18362,148,0
18362,149,0
18362,150,0
18362,194,0
18362,196,0
18362,197,0
18362,198,0
18362,200,0
18362,201,1
18362,202,1
18362,203,0
18363,1,1
18363,2,0
18363,3,1
18363,5,1
18363,6,1
18363,7,1
18363,9,0
18363,10,1
18363,11,0
18363,12,0
18363,29,1
18363,30,1
18363,31,0
18363,32,0
18363,33,0
18363,34,0
18363,35,0
18363,36,0
18363,37,0
18363,39,0
18363,40,0
18363,41,0
18363,49,1
18363,50,1
18363,52,1
18363,53,1
18363,54,1
18363,56,1
18363,57,1
18363,59,1
18363,60,1
18363,61,1
18363,63,1
18363,64,1
18363,65,1
18363,66,1
18363,67,1
18363,72,1
18363,73,1
18363,74,1
18363,82,1
18363,83,1
18363,84,1
18363,86,1
18363,87,1
18363,88,1
18363,90,1
18363,91,1
18363,92,1
18363,93,1
18363,147,0
18363,148,0
18363,149,1
18363,150,0
18363,152,1
18363,153,1
18363,154,1
18363,155,0
18363,157,1
18363,159,0
18363,160,0
18363,164,0
18363,170,0
18363,171,0
18363,172,0
18363,173,0
18363,174,0
18363,175,0
18363,176,0
18363,177,0
18363,178,0
18363,181,0
18363,182,0
18363,183,0
18363,184,0
18363,194,0
18363,196,0
18363,197,0
18363,198,0
18363,200,0
18363,201,1
18363,202,0
18363,203,1
18364,1,1
18364,2,0
18364,3,1
18364,5,1
18364,6,1
18364,7,1
18364,29,1
18364,30,0
18364,31,1
18364,32,0
18364,33,0
18364,34,0
18364,35,0
18364,36,0
18364,37,0
18364,39,0
18364,40,0
18364,41,0
18364,49,1
18364,50,1
18364,52,1
18364,53,1
18364,54,1
18364,56,1
18364,57,1
18364,59,1
18364,60,1
18364,61,1
18364,63,1
18364,64,1
18364,65,1
18364,66,1
18364,67,1
18364,72,1
18364,73,1
18364,74,1
18364,82,1
18364,83,1
18364,84,1
18364,86,1
18364,87,1
18364,88,1
18364,90,1
18364,91,1
18364,92,1
18364,93,1
18364,147,1
18364,148,0
18364,149,0
18364,150,0
18364,194,0
18364,196,0
18364,197,0
18364,198,0
18364,200,0
18364,201,0
18364,202,0
18364,203,0
18365,1,1
18365,2,0
18365,3,1
18365,5,1
18365,6,1
18365,7,1
18365,56,1
18365,57,1
18365,59,1
18365,60,1
18365,61,1
18365,63,1
18365,64,1
18365,65,1
18365,66,1
18365,67,1
18365,72,1
18365,73,1
18365,74,1
18365,82,1
18365,83,1
18365,84,1
18365,86,1
18365,87,1
18365,88,1
18365,90,1
18365,91,1
18365,92,1
18365,93,1
18365,147,1
18365,148,0
18365,149,0
18365,150,0
18365,194,0
18365,196,0
18365,197,0
18365,198,0
18365,200,0
18365,201,0
18365,202,0
18365,203,0
18366,1,1
18366,2,0
18366,3,1
18366,5,1
18366,6,1
18366,7,1
18366,29,0
18366,30,0
18366,31,0
18366,32,0
18366,33,0
18366,34,0
18366,35,0
18366,36,0
18366,37,0
18366,39,1
18366,49,1
18366,50,1
18366,52,1
18366,53,1
18366,54,1
18366,56,1
18366,57,1
18366,59,1
18366,60,1
18366,61,1
18366,63,1
18366,64,1
18366,65,1
18366,66,1
18366,67,1
18366,72,1
18366,73,1
18366,74,1
18366,82,1
18366,83,1
18366,84,1
18366,86,1
18366,87,1
18366,88,1
18366,90,1
18366,91,1
18366,92,1
18366,93,1
18366,147,1
18366,148,0
18366,149,0
18366,150,0
18366,194,0
18366,196,0
18366,197,0
18366,198,0
18366,200,0
18366,201,0
18366,202,0
18366,203,0
18370,1,1
18370,2,0
18370,3,1
18370,5,1
18370,6,1
18370,7,1
18370,29,0
18370,30,0
18370,31,0
18370,32,0
18370,33,0
18370,34,0
18370,35,1
18370,36,0
18370,37,1
18370,39,0
18370,40,0
18370,41,0
18370,147,1
18370,148,0
18370,149,0
18370,150,0
18370,194,0
18370,196,0
18370,197,0
18370,198,0
18370,200,0
18370,201,0
18370,202,0
18370,203,0
18376,1,1
18376,2,0
18376,3,1
18376,5,1
18376,6,1
18376,7,1
18376,9,1
18376,10,0
18376,11,0
18376,12,0
18376,29,0
18376,30,0
18376,31,0
18376,32,1
18376,35,0
18376,36,0
18376,37,0
18376,39,0
18376,40,0
18376,41,0
18376,49,1
18376,50,1
18376,52,1
18376,53,1
18376,54,1
18376,56,1
18376,57,1
18376,59,1
18376,60,1
18376,61,1
18376,63,1
18376,64,1
18376,65,1
18376,66,1
18376,67,1
18376,72,1
18376,73,1
18376,74,1
18376,82,1
18376,83,1
18376,84,1
18376,86,1
18376,87,1
18376,88,1
18376,90,1
18376,91,1
18376,92,1
18376,93,1
18376,147,0
18376,148,1
18376,149,0
18376,150,0
18376,152,1
18376,153,1
18376,154,1
18376,155,0
18376,157,0
18376,159,0
18376,160,0
18376,164,0
18376,170,0
18376,171,0
18376,172,0
18376,173,0
18376,174,0
18376,175,0
18376,176,0
18376,177,0
18376,178,0
18376,181,0
18376,182,0
18376,183,0
18376,184,0
18376,194,0
18376,196,0
18376,197,0
18376,198,0
18376,200,0
18376,201,1
18376,202,0
18376,203,0
18377,1,1
18377,2,0
18377,3,1
18377,5,1
18377,6,1
18377,7,1
18377,72,0
18377,73,1
18377,74,1
18377,82,1
18377,83,1
18377,84,1
18377,86,1
18377,87,1
18377,88,1
18377,90,1
18377,91,1
18377,92,1
18377,93,1
18377,147,1
18377,148,0
18377,149,0
18377,150,0
18377,194,0
18377,196,0
18377,197,0
18377,198,0
18377,200,0
18377,201,1
18377,202,0
18377,203,0
18385,1,1
18385,2,1
18385,3,0
18385,5,1
18385,6,1
18385,7,1
18385,29,1
18385,32,0
18385,33,0
18385,34,0
18385,35,0
18385,36,0
18385,37,0
18385,39,0
18385,40,0
18385,41,0
18385,49,1
18385,50,1
18385,52,1
18385,53,1
18385,54,1
18385,56,1
18385,57,1
18385,59,1
18385,60,1
18385,61,1
18385,63,1
18385,64,1
18385,65,1
18385,66,1
18385,67,1
18385,72,1
18385,73,1
18385,74,1
18385,82,1
18385,83,1
18385,84,1
18385,86,1
18385,87,1
18385,88,1
18385,90,1
18385,91,0
18385,92,0
18385,93,0
18385,147,1
18385,148,0
18385,149,0
18385,150,0
18385,194,0
18385,196,1
18385,197,0
18385,198,0
18385,200,0
18385,201,0
18385,202,0
18385,203,0
18409,1,1
18409,2,0
18409,3,1
18409,5,1
18409,6,1
18409,7,1
18409,29,0
18409,30,0
18409,31,0
18409,32,0
18409,33,0
18409,34,0
18409,35,0
18409,36,0
18409,37,0
18409,39,1
18409,49,1
18409,50,1
18409,52,1
18409,53,1
18409,54,1
18409,56,1
18409,57,1
18409,59,1
18409,60,1
18409,61,1
18409,63,1
18409,64,1
18409,65,1
18409,66,1
18409,67,1
18409,72,1
18409,73,1
18409,74,1
18409,82,1
18409,83,1
18409,84,1
18409,86,1
18409,87,1
18409,88,1
18409,90,1
18409,91,1
18409,92,1
18409,93,1
18409,147,1
18409,148,0
18409,149,0
18409,150,0
18409,194,0
18409,196,0
18409,197,0
18409,198,0
18409,200,0
18409,201,1
18409,202,0
18409,203,0
18412,1,1
18412,2,0
18412,3,1
18412,5,1
18412,6,1
18412,7,1
18412,72,1
18412,73,1
18412,74,1
18412,82,1
18412,83,1
18412,84,1
18412,86,1
18412,87,1
18412,88,1
18412,90,1
18412,91,1
18412,92,1
18412,93,0
18412,147,1
18412,148,0
18412,149,0
18412,150,0
18412,194,0
18412,196,0
18412,197,0
18412,198,0
18412,200,0
18412,201,0
18412,202,0
18412,203,0
18674,1,1
18674,2,0
18674,3,1
18674,5,1
18674,6,1
18674,7,1
18674,9,0
18674,10,0
18674,11,0
18674,12,1
18674,29,0
18674,30,0
18674,31,0
18674,32,0
18674,33,0
18674,34,0
18674,35,0
18674,36,0
18674,37,0
18674,39,1
18674,49,1
18674,50,1
18674,52,1
18674,53,1
18674,54,1
18674,56,1
18674,57,1
18674,59,1
18674,60,1
18674,61,1
18674,63,1
18674,64,1
18674,65,1
18674,66,1
18674,67,1
18674,72,0
18674,73,0
18674,74,0
18674,82,1
18674,83,0
18674,84,0
18674,86,1
18674,87,1
18674,88,1
18674,90,0
18674,91,0
18674,92,0
18674,93,0
18674,147,1
18674,148,0
18674,149,0
18674,150,0
18674,194,0
18674,196,0
18674,197,0
18674,198,0
18674,200,0
18674,201,1
18674,202,1
18674,203,0
18676,1,1
18676,2,1
18676,3,0
18676,5,1
18676,6,1
18676,7,1
18676,72,1
18676,73,1
18676,74,1
18676,82,1
18676,83,1
18676,84,1
18676,86,1
18676,87,1
18676,88,1
18676,90,1
18676,91,0
18676,92,0
18676,93,0
18676,147,1
18676,148,0
18676,149,0
18676,150,0
18676,194,0
18676,196,0
18676,197,0
18676,198,0
18676,200,0
18676,201,0
18676,202,0
18676,203,0
18678,1,1
18678,2,0
18678,3,1
18678,5,1
18678,6,1
18678,7,1
18678,49,1
18678,50,1
18678,52,1
18678,53,1
18678,54,1
18678,56,1
18678,57,1
18678,59,1
18678,60,1
18678,61,1
18678,63,1
18678,64,1
18678,65,1
18678,66,1
18678,67,1
18678,72,1
18678,73,1
18678,74,1
18678,82,1
18678,83,1
18678,84,1
18678,86,1
18678,87,1
18678,88,1
18678,90,1
18678,91,1
18678,92,1
18678,93,1
18678,147,1
18678,148,0
18678,149,0
18678,150,0
18678,194,0
18678,196,0
18678,197,0
18678,198,0
18678,200,0
18678,201,1
18678,202,0
18678,203,0
18679,1,1
18679,2,0
18679,3,1
18679,5,1
18679,6,1
18679,7,1
18679,29,0
18679,30,0
18679,31,0
18679,32,1
18679,35,0
18679,36,0
18679,37,0
18679,39,0
18679,40,0
18679,41,0
18679,49,1
18679,50,1
18679,52,1
18679,53,1
18679,54,1
18679,56,1
18679,57,1
18679,59,1
18679,60,1
18679,61,1
18679,63,1
18679,64,1
18679,65,1
18679,66,1
18679,67,1
18679,72,0
18679,73,1
18679,74,1
18679,82,1
18679,83,1
18679,84,1
18679,86,1
18679,87,1
18679,88,1
18679,90,1
18679,91,1
18679,92,1
18679,93,0
18679,147,1
18679,148,0
18679,149,0
18679,150,0
18679,194,0
18679,196,0
18679,197,0
18679,198,0
18679,200,0
18679,201,0
18679,202,0
18679,203,0
18683,1,1
18683,2,0
18683,3,1
18683,5,1
18683,6,1
18683,7,1
18683,49,1
18683,50,1
18683,52,1
18683,53,1
18683,54,1
18683,56,1
18683,57,1
18683,59,1
18683,60,1
18683,61,1
18683,63,1
18683,64,1
18683,65,1
18683,66,1
18683,67,1
18683,72,1
18683,73,1
18683,74,1
18683,82,1
18683,83,1
18683,84,1
18683,86,1
18683,87,1
18683,88,1
18683,90,1
18683,91,1
18683,92,1
18683,93,0
18683,147,1
18683,148,0
18683,149,0
18683,150,0
18683,194,0
18683,196,1
18683,197,0
18683,198,0
18683,200,0
18683,201,0
18683,202,0
18683,203,0
18684,1,1
18684,2,1
18684,3,0
18684,5,1
18684,6,1
18684,7,1
18684,49,1
18684,50,1
18684,52,1
18684,53,1
18684,54,1
18684,56,1
18684,57,1
18684,59,1
18684,60,1
18684,61,1
18684,63,1
18684,64,1
18684,65,1
18684,66,1
18684,67,1
18684,72,1
18684,73,1
18684,74,1
18684,82,1
18684,83,1
18684,84,1
18684,86,1
18684,87,1
18684,88,1
18684,90,1
18684,91,0
18684,92,0
18684,93,0
18684,147,1
18684,148,0
18684,149,0
18684,150,0
18684,194,0
18684,196,0
18684,197,0
18684,198,0
18684,200,0
18684,201,1
18684,202,0
18684,203,0
18686,1,1
18686,2,0
18686,3,1
18686,5,1
18686,6,1
18686,7,1
18686,72,1
18686,73,1
18686,74,1
18686,82,1
18686,83,1
18686,84,1
18686,86,1
18686,87,1
18686,88,1
18686,90,1
18686,91,1
18686,92,1
18686,93,1
18686,147,1
18686,148,0
18686,149,0
18686,150,0
18686,194,0
18686,196,0
18686,197,0
18686,198,0
18686,200,0
18686,201,1
18686,202,0
18686,203,0
18687,1,1
18687,2,1
18687,3,0
18687,5,1
18687,6,1
18687,7,1
18687,9,0
18687,10,0
18687,11,0
18687,12,1
18687,29,0
18687,30,0
18687,31,0
18687,32,0
18687,33,0
18687,34,0
18687,35,0
18687,36,0
18687,37,0
18687,39,1
18687,72,1
18687,73,1
18687,74,1
18687,82,1
18687,83,1
18687,84,1
18687,90,1
18687,91,1
18687,92,1
18687,93,1
18687,147,1
18687,148,0
18687,149,0
18687,150,0
18687,194,1
18687,196,0
18687,197,0
18687,198,0
18687,200,0
18687,201,1
18687,202,0
18687,203,0
18697,1,1
18697,2,0
18697,3,1
18697,5,1
18697,6,1
18697,7,1
18697,9,1
18697,10,0
18697,11,0
18697,12,0
18697,29,0
18697,30,0
18697,31,0
18697,32,0
18697,33,0
18697,34,0
18697,35,0
18697,36,0
18697,37,0
18697,39,1
18697,49,1
18697,50,1
18697,52,1
18697,53,1
18697,54,1
18697,56,1
18697,57,1
18697,59,1
18697,60,1
18697,61,1
18697,63,1
18697,64,1
18697,65,1
18697,66,1
18697,67,1
18697,72,0
18697,73,0
18697,74,0
18697,82,1
18697,83,1
18697,84,1
18697,86,1
18697,87,1
18697,88,1
18697,90,1
18697,91,1
18697,92,1
18697,93,0
18697,147,1
18697,148,0
18697,149,0
18697,150,0
18697,194,0
18697,196,0
18697,197,0
18697,198,0
18697,200,0
18697,201,1
18697,202,1
18697,203,0
18700,1,1
18700,2,0
18700,3,0
18700,5,1
18700,6,1
18700,7,1
18700,9,0
18700,10,1
18700,11,0
18700,12,0
18700,29,0
18700,30,0
18700,31,0
18700,32,0
18700,33,0
18700,34,0
18700,35,1
18700,36,0
18700,37,1
18700,39,0
18700,40,0
18700,41,0
18700,49,1
18700,50,1
18700,52,1
18700,53,1
18700,54,1
18700,56,1
18700,57,1
18700,59,1
18700,60,1
18700,61,1
18700,63,1
18700,64,1
18700,65,1
18700,66,1
18700,67,1
18700,72,1
18700,73,1
18700,74,1
18700,82,1
18700,83,1
18700,84,1
18700,86,1
18700,87,1
18700,88,1
18700,90,1
18700,91,1
18700,92,1
18700,93,1
18700,147,0
18700,148,0
18700,149,0
18700,150,1
18700,152,1
18700,153,1
18700,154,0
18700,155,1
18700,157,0
18700,159,0
18700,160,0
18700,164,0
18700,170,1
18700,171,0
18700,172,0
18700,173,0
18700,174,0
18700,175,0
18700,176,0
18700,177,0
18700,178,0
18700,181,0
18700,182,0
18700,183,0
18700,184,0
18700,194,0
18700,196,0
18700,197,0
18700,198,0
18700,200,0
18700,201,1
18700,202,0
18700,203,0
18704,1,1
18704,2,1
18704,3,0
18704,5,1
18704,6,1
18704,7,1
18704,49,1
18704,50,1
18704,52,1
18704,53,1
18704,54,1
18704,56,1
18704,57,1
18704,59,1
18704,60,1
18704,61,1
18704,63,1
18704,64,1
18704,65,1
18704,66,1
18704,67,1
18704,72,1
18704,73,1
18704,74,1
18704,82,1
18704,83,1
18704,84,1
18704,86,1
18704,87,1
18704,88,1
18704,90,1
18704,91,1
18704,92,1
18704,93,1
18704,147,1
18704,148,0
18704,149,0
18704,150,0
18704,194,0
18704,196,1
18704,197,0
18704,198,0
18704,200,0
18704,201,1
18704,202,0
18704,203,0
18705,1,1
18705,2,0
18705,3,1
18705,5,1
18705,6,1
18705,7,1
18705,9,0
18705,10,1
18705,11,0
18705,12,0
18705,29,0
18705,30,0
18705,31,0
18705,32,0
18705,33,0
18705,34,0
18705,35,0
18705,36,0
18705,37,0
18705,39,1
18705,49,1
18705,50,1
18705,52,1
18705,53,1
18705,54,1
18705,56,1
18705,57,1
18705,59,1
18705,60,1
18705,61,1
18705,63,1
18705,64,1
18705,65,1
18705,66,1
18705,67,1
18705,72,0
18705,73,1
18705,74,1
18705,82,1
18705,83,1
18705,84,1
18705,86,1
18705,87,1
18705,88,1
18705,90,1
18705,91,1
18705,92,1
18705,93,1
18705,147,1
18705,148,0
18705,149,0
18705,150,0
18705,194,1
18705,196,1
18705,197,0
18705,198,0
18705,200,0
18705,201,1
18705,202,0
18705,203,0
18707,1,1
18707,2,0
18707,3,1
18707,5,1
18707,6,1
18707,7,1
18707,29,1
18707,30,1
18707,31,0
18707,32,0
18707,33,0
18707,34,0
18707,35,0
18707,36,0
18707,37,0
18707,39,0
18707,40,0
18707,41,0
18707,49,1
18707,50,1
18707,52,1
18707,53,1
18707,54,1
18707,56,1
18707,57,1
18707,59,1
18707,60,1
18707,61,1
18707,63,1
18707,64,1
18707,65,1
18707,66,1
18707,67,1
18707,72,1
18707,73,1
18707,74,1
18707,82,1
18707,83,1
18707,84,1
18707,86,1
18707,87,1
18707,88,1
18707,90,1
18707,91,1
18707,92,1
18707,93,1
18707,147,1
18707,148,0
18707,149,0
18707,150,0
18707,194,0
18707,196,0
18707,197,0
18707,198,0
18707,200,0
18707,201,0
18707,202,0
18707,203,0
18711,1,1
18711,2,1
18711,3,0
18711,5,1
18711,6,1
18711,7,1
18711,9,0
18711,10,1
18711,11,0
18711,12,0
18711,29,0
18711,30,0
18711,31,0
18711,32,0
18711,33,0
18711,34,0
18711,35,1
18711,36,1
18711,37,0
18711,39,0
18711,40,0
18711,41,0
18711,147,1
18711,148,0
18711,149,0
18711,150,0
18711,194,0
18711,196,0
18711,197,0
18711,198,0
18711,200,0
18711,201,1
18711,202,0
18711,203,0
18712,1,1
18712,2,0
18712,3,1
18712,5,1
18712,6,1
18712,7,1
18712,49,1
18712,50,1
18712,52,1
18712,53,1
18712,54,1
18712,56,1
18712,57,1
18712,59,1
18712,60,1
18712,61,1
18712,63,1
18712,64,1
18712,65,1
18712,66,1
18712,67,1
18712,72,1
18712,73,1
18712,74,1
18712,82,1
18712,83,1
18712,84,1
18712,86,1
18712,87,1
18712,88,1
18712,90,1
18712,91,1
18712,92,1
18712,93,1
18712,147,1
18712,148,0
18712,149,0
18712,150,0
18712,194,0
18712,196,0
18712,197,0
18712,198,0
18712,200,0
18712,201,1
18712,202,0
18712,203,0
18717,1,1
18717,2,0
18717,3,1
18717,5,1
18717,6,1
18717,7,1
18717,9,0
18717,10,0
18717,11,1
18717,12,0
18717,29,0
18717,30,0
18717,31,0
18717,32,0
18717,33,0
18717,34,0
18717,35,1
18717,36,1
18717,37,0
18717,39,0
18717,40,0
18717,41,0
18717,49,1
18717,50,1
18717,52,1
18717,53,1
18717,54,1
18717,56,1
18717,57,1
18717,59,1
18717,60,1
18717,61,1
18717,63,0
18717,64,1
18717,65,1
18717,66,1
18717,67,1
18717,72,1
18717,73,1
18717,74,1
18717,82,1
18717,83,1
18717,84,1
18717,86,1
18717,87,1
18717,88,1
18717,90,1
18717,91,1
18717,92,1
18717,93,0
18717,147,0
18717,148,1
18717,149,0
18717,150,0
18717,152,0
18717,153,0
18717,154,0
18717,155,0
18717,157,1
18717,159,0
18717,160,0
18717,164,0
18717,170,0
18717,171,0
18717,172,0
18717,173,0
18717,174,0
18717,175,0
18717,176,0
18717,177,0
18717,178,0
18717,181,0
18717,182,0
18717,183,0
18717,184,0
18717,194,0
18717,196,0
18717,197,0
18717,198,0
18717,200,0
18717,201,1
18717,202,0
18717,203,0
18719,1,1
18719,2,1
18719,3,0
18719,5,1
18719,6,1
18719,7,1
18719,29,0
18719,30,0
18719,31,0
18719,32,0
18719,33,0
18719,34,0
18719,35,0
18719,36,0
18719,37,0
18719,39,1
18719,147,1
18719,148,0
18719,149,0
18719,150,0
18719,194,0
18719,196,0
18719,197,0
18719,198,0
18719,200,0
18719,201,0
18719,202,0
18719,203,0
18721,1,1
18721,2,1
18721,3,0
18721,5,1
18721,6,1
18721,7,1
18721,49,1
18721,50,1
18721,52,1
18721,53,1
18721,54,1
18721,56,1
18721,57,1
18721,59,1
18721,60,1
18721,61,1
18721,63,1
18721,64,1
18721,65,1
18721,66,1
18721,67,1
18721,72,1
18721,73,1
18721,74,1
18721,82,1
18721,83,1
18721,84,1
18721,86,1
18721,87,1
18721,88,1
18721,90,1
18721,91,1
18721,92,1
18721,93,1
18721,147,1
18721,148,0
18721,149,0
18721,150,0
18721,194,0
18721,196,0
18721,197,0
18721,198,0
18721,200,0
18721,201,0
18721,202,0
18721,203,0
18723,1,1
18723,2,1
18723,3,0
18723,5,1
18723,6,1
18723,7,1
18723,49,1
18723,50,1
18723,52,1
18723,53,1
18723,54,1
18723,56,1
18723,57,1
18723,59,1
18723,60,1
18723,61,1
18723,63,1
18723,64,1
18723,65,1
18723,66,1
18723,67,1
18723,72,1
18723,73,1
18723,74,1
18723,82,1
18723,83,1
18723,84,1
18723,86,1
18723,87,1
18723,88,1
18723,90,1
18723,91,1
18723,92,1
18723,93,1
18723,147,1
18723,148,0
18723,149,0
18723,150,0
18723,194,0
18723,196,1
18723,197,0
18723,198,0
18723,200,0
18723,201,0
18723,202,1
18723,203,0
18734,1,1
18734,2,0
18734,3,1
18734,5,1
18734,6,1
18734,7,1
18734,56,1
18734,57,1
18734,59,1
18734,60,1
18734,61,1
18734,63,1
18734,64,1
18734,65,1
18734,66,1
18734,67,1
18734,72,1
18734,73,1
18734,74,1
18734,82,1
18734,83,1
18734,84,1
18734,86,1
18734,87,1
18734,88,1
18734,90,1
18734,91,1
18734,92,1
18734,93,1
18734,147,1
18734,148,0
18734,149,0
18734,150,0
18734,194,0
18734,196,0
18734,197,0
18734,198,0
18734,200,0
18734,201,1
18734,202,0
18734,203,0
18737,1,1
18737,2,0
18737,3,1
18737,5,1
18737,6,1
18737,7,1
18737,29,1
18737,32,0
18737,33,0
18737,34,0
18737,35,0
18737,36,0
18737,37,0
18737,39,0
18737,40,0
18737,41,0
18737,49,1
18737,50,1
18737,52,1
18737,53,1
18737,54,1
18737,56,1
18737,57,1
18737,59,1
18737,60,1
18737,61,1
18737,63,1
18737,64,1
18737,65,1
18737,66,1
18737,67,1
18737,72,1
18737,73,1
18737,74,1
18737,82,1
18737,83,1
18737,84,1
18737,86,1
18737,87,1
18737,88,1
18737,90,1
18737,91,1
18737,92,1
18737,93,1
18737,147,1
18737,148,0
18737,149,0
18737,150,0
18737,194,0
18737,196,0
18737,197,0
18737,198,0
18737,200,0
18737,201,1
18737,202,0
18737,203,0
18741,1,1
18741,2,0
18741,3,1
18741,5,1
18741,6,1
18741,7,1
18741,49,1
18741,50,1
18741,52,1
18741,53,1
18741,54,1
18741,56,1
18741,57,1
18741,59,1
18741,60,1
18741,61,1
18741,63,1
18741,64,1
18741,65,1
18741,66,1
18741,67,1
18741,72,1
18741,73,1
18741,74,1
18741,82,1
18741,83,1
18741,84,1
18741,86,1
18741,87,1
18741,88,1
18741,90,1
18741,91,1
18741,92,1
18741,93,1
18741,147,1
18741,148,0
18741,149,0
18741,150,0
18741,194,0
18741,196,0
18741,197,0
18741,198,0
18741,200,0
18741,201,0
18741,202,0
18741,203,1
18742,1,1
18742,2,0
18742,3,1
18742,5,1
18742,6,1
18742,7,1
18742,9,1
18742,10,0
18742,11,0
18742,12,0
18742,49,1
18742,50,1
18742,52,1
18742,53,1
18742,54,1
18742,56,1
18742,57,1
18742,59,1
18742,60,1
18742,61,1
18742,63,1
18742,64,1
18742,65,1
18742,66,1
18742,67,1
18742,72,1
18742,73,1
18742,74,1
18742,82,1
18742,83,1
18742,84,1
18742,86,1
18742,87,1
18742,88,1
18742,90,1
18742,91,1
18742,92,1
18742,93,1
18742,147,1
18742,148,0
18742,149,0
18742,150,0
18742,194,0
18742,196,0
18742,197,0
18742,198,0
18742,200,0
18742,201,1
18742,202,0
18742,203,0
18743,1,1
18743,2,0
18743,3,1
18743,5,1
18743,6,1
18743,7,1
18743,9,0
18743,10,1
18743,11,0
18743,12,0
18743,29,0
18743,30,0
18743,31,0
18743,32,0
18743,33,0
18743,34,0
18743,35,0
18743,36,0
18743,37,0
18743,39,1
18743,49,1
18743,50,1
18743,52,1
18743,53,1
18743,54,1
18743,56,1
18743,57,1
18743,59,1
18743,60,1
18743,61,1
18743,63,1
18743,64,1
18743,65,1
18743,66,1
18743,67,1
18743,72,1
18743,73,1
18743,74,1
18743,82,1
18743,83,1
18743,84,1
18743,86,1
18743,87,1
18743,88,1
18743,90,1
18743,91,1
18743,92,1
18743,93,1
18743,147,0
18743,148,0
18743,149,1
18743,150,0
18743,152,0
18743,153,0
18743,154,0
18743,155,0
18743,157,0
18743,159,0
18743,160,0
18743,164,0
18743,170,1
18743,171,1
18743,172,0
18743,173,0
18743,174,1
18743,175,1
18743,176,0
18743,177,0
18743,178,0
18743,181,0
18743,182,0
18743,183,0
18743,184,0
18743,194,0
18743,196,0
18743,197,0
18743,198,0
18743,200,0
18743,201,1
18743,202,0
18743,203,0
18744,1,1
18744,2,0
18744,3,1
18744,5,1
18744,6,1
18744,7,1
18744,9,0
18744,10,0
18744,11,0
18744,12,1
18744,29,0
18744,30,0
18744,31,0
18744,32,0
18744,33,0
18744,34,0
18744,35,0
18744,36,0
18744,37,0
18744,39,1
18744,49,1
18744,50,1
18744,52,1
18744,53,1
18744,54,1
18744,56,1
18744,57,1
18744,59,1
18744,60,1
18744,61,1
18744,63,1
18744,64,1
18744,65,1
18744,66,1
18744,67,1
18744,72,1
18744,73,1
18744,74,1
18744,82,1
18744,83,1
18744,84,1
18744,86,1
18744,87,1
18744,88,1
18744,90,1
18744,91,1
18744,92,1
18744,93,1
18744,147,1
18744,148,0
18744,149,0
18744,150,0
18744,194,1
18744,196,0
18744,197,0
18744,198,0
18744,200,0
18744,201,1
18744,202,0
18744,203,0
18745,1,1
18745,2,0
18745,3,1
18745,5,1
18745,6,1
18745,7,1
18745,9,0
18745,10,1
18745,11,0
18745,12,0
18745,29,0
18745,30,0
18745,31,0
18745,32,0
18745,33,0
18745,34,0
18745,35,1
18745,36,1
18745,37,0
18745,39,0
18745,40,0
18745,41,0
18745,49,1
18745,50,1
18745,52,1
18745,53,1
18745,54,1
18745,56,1
18745,57,1
18745,59,1
18745,60,1
18745,61,1
18745,63,1
18745,64,1
18745,65,1
18745,66,1
18745,67,1
18745,72,1
18745,73,1
18745,74,1
18745,82,1
18745,83,1
18745,84,1
18745,86,1
18745,87,1
18745,88,1
18745,90,1
18745,91,1
18745,92,1
18745,93,1
18745,147,0
18745,148,1
18745,149,0
18745,150,0
18745,152,1
18745,153,1
18745,154,0
18745,155,1
18745,157,0
18745,159,0
18745,160,0
18745,164,0
18745,170,0
18745,171,0
18745,172,0
18745,173,0
18745,174,0
18745,175,0
18745,176,0
18745,177,0
18745,178,0
18745,181,0
18745,182,0
18745,183,0
18745,184,0
18745,194,0
18745,196,0
18745,197,0
18745,198,0
18745,200,0
18745,201,1
18745,202,0
18745,203,0
18746,1,1
18746,2,0
18746,3,1
18746,5,1
18746,6,1
18746,7,1
18746,49,1
18746,50,1
18746,52,1
18746,53,1
18746,54,1
18746,56,1
18746,57,1
18746,59,1
18746,60,1
18746,61,1
18746,63,1
18746,64,1
18746,65,1
18746,66,1
18746,67,1
18746,72,1
18746,73,1
18746,74,1
18746,82,1
18746,83,1
18746,84,1
18746,86,1
18746,87,1
18746,88,1
18746,90,1
18746,91,1
18746,92,1
18746,93,1
18746,147,1
18746,148,0
18746,149,0
18746,150,0
18746,194,0
18746,196,0
18746,197,0
18746,198,0
18746,200,0
18746,201,0
18746,202,0
18746,203,0
18747,1,1
18747,2,0
18747,3,1
18747,5,1
18747,6,1
18747,7,1
18747,29,0
18747,30,0
18747,31,0
18747,32,1
18747,33,1
18747,34,0
18747,35,0
18747,36,0
18747,37,0
18747,39,0
18747,40,0
18747,41,0
18747,49,1
18747,50,1
18747,52,1
18747,53,1
18747,54,1
18747,56,1
18747,57,1
18747,59,1
18747,60,1
18747,61,1
18747,63,1
18747,64,1
18747,65,1
18747,66,1
18747,67,1
18747,72,0
18747,73,1
18747,74,1
18747,82,1
18747,83,1
18747,84,1
18747,86,1
18747,87,1
18747,88,1
18747,90,1
18747,91,1
18747,92,1
18747,93,1
18747,147,1
18747,148,0
18747,149,0
18747,150,0
18747,194,0
18747,196,0
18747,197,0
18747,198,0
18747,200,0
18747,201,1
18747,202,0
18747,203,0
18752,1,1
18752,2,0
18752,3,1
18752,5,1
18752,6,1
18752,7,1
18752,49,1
18752,50,1
18752,52,1
18752,53,1
18752,54,1
18752,56,1
18752,57,1
18752,59,1
18752,60,1
18752,61,1
18752,63,1
18752,64,1
18752,65,1
18752,66,1
18752,67,1
18752,72,1
18752,73,1
18752,74,1
18752,82,1
18752,83,1
18752,84,1
18752,90,1
18752,91,1
18752,92,1
18752,93,0
18752,147,1
18752,148,0
18752,149,0
18752,150,0
18752,194,0
18752,196,0
18752,197,0
18752,198,0
18752,200,0
18752,201,1
18752,202,0
18752,203,0
18753,1,1
18753,2,0
18753,3,1
18753,5,1
18753,6,1
18753,7,1
18753,56,1
18753,57,1
18753,59,1
18753,60,1
18753,61,1
18753,63,1
18753,64,1
18753,65,1
18753,66,1
18753,67,1
18753,72,1
18753,73,1
18753,74,1
18753,82,1
18753,83,1
18753,84,1
18753,86,1
18753,87,1
18753,88,1
18753,90,1
18753,91,1
18753,92,1
18753,93,1
18753,147,1
18753,148,0
18753,149,0
18753,150,0
18753,194,0
18753,196,0
18753,197,0
18753,198,0
18753,200,0
18753,201,1
18753,202,0
18753,203,0
18755,1,1
18755,2,0
18755,3,1
18755,5,1
18755,6,1
18755,7,1
18755,9,0
18755,10,1
18755,11,0
18755,12,0
18755,29,0
18755,30,0
18755,31,0
18755,32,0
18755,33,0
18755,34,0
18755,35,0
18755,36,0
18755,37,0
18755,39,1
18755,49,1
18755,50,1
18755,52,1
18755,53,1
18755,54,1
18755,56,1
18755,57,1
18755,59,1
18755,60,1
18755,61,1
18755,63,1
18755,64,1
18755,65,1
18755,66,1
18755,67,1
18755,72,1
18755,73,1
18755,74,1
18755,82,1
18755,83,1
18755,84,1
18755,86,1
18755,87,1
18755,88,1
18755,90,1
18755,91,1
18755,92,1
18755,93,1
18755,147,0
18755,148,0
18755,149,1
18755,150,0
18755,152,0
18755,153,0
18755,154,0
18755,155,0
18755,157,0
18755,159,0
18755,160,0
18755,164,0
18755,170,1
18755,171,1
18755,172,0
18755,173,0
18755,174,0
18755,175,0
18755,176,0
18755,177,1
18755,178,1
18755,181,0
18755,182,0
18755,183,0
18755,184,0
18755,194,1
18755,196,1
18755,197,0
18755,198,0
18755,200,0
18755,201,1
18755,202,1
18755,203,1
18756,1,1
18756,2,0
18756,3,1
18756,5,1
18756,6,1
18756,7,1
18756,147,1
18756,148,0
18756,149,0
18756,150,0
18756,194,0
18756,196,0
18756,197,0
18756,198,0
18756,200,0
18756,201,0
18756,202,0
18756,203,0
18760,1,1
18760,2,1
18760,3,0
18760,5,1
18760,6,1
18760,7,1
18760,9,0
18760,10,1
18760,11,0
18760,12,0
18760,29,0
18760,30,0
18760,31,0
18760,32,0
18760,33,0
18760,34,0
18760,35,0
18760,36,0
18760,37,0
18760,39,1
18760,49,1
18760,50,1
18760,52,1
18760,53,1
18760,54,1
18760,56,1
18760,57,1
18760,59,1
18760,60,1
18760,61,1
18760,63,1
18760,64,1
18760,65,1
18760,66,1
18760,67,1
18760,72,1
18760,73,1
18760,74,1
18760,82,1
18760,83,1
18760,84,1
18760,86,1
18760,87,1
18760,88,1
18760,90,1
18760,91,1
18760,92,1
18760,93,1
18760,147,1
18760,148,0
18760,149,0
18760,150,0
18760,194,1
18760,196,0
18760,197,0
18760,198,0
18760,200,0
18760,201,1
18760,202,0
18760,203,0
18763,1,1
18763,2,0
18763,3,1
18763,5,1
18763,6,1
18763,7,1
18763,29,1
18763,30,1
18763,31,0
18763,32,0
18763,33,0
18763,34,0
18763,35,0
18763,36,0
18763,37,0
18763,39,0
18763,40,0
18763,41,0
18763,49,1
18763,50,1
18763,52,1
18763,53,1
18763,54,1
18763,56,0
18763,57,1
18763,59,1
18763,60,1
18763,61,1
18763,63,1
18763,64,1
18763,65,1
18763,66,1
18763,67,1
18763,72,1
18763,73,1
18763,74,1
18763,82,1
18763,83,1
18763,84,1
18763,86,1
18763,87,1
18763,88,1
18763,90,1
18763,91,1
18763,92,1
18763,93,1
18763,147,1
18763,148,0
18763,149,0
18763,150,0
18763,194,0
18763,196,0
18763,197,0
18763,198,0
18763,200,0
18763,201,1
18763,202,0
18763,203,0
18767,1,1
18767,2,0
18767,3,1
18767,5,1
18767,6,1
18767,7,1
18767,9,0
18767,10,1
18767,11,0
18767,12,0
18767,29,1
18767,30,0
18767,31,1
18767,32,0
18767,33,0
18767,34,0
18767,35,0
18767,36,0
18767,37,0
18767,39,0
18767,40,0
18767,41,0
18767,49,1
18767,50,1
18767,52,1
18767,53,1
18767,54,1
18767,56,1
18767,57,1
18767,59,1
18767,60,1
18767,61,1
18767,63,1
18767,64,1
18767,65,1
18767,66,1
18767,67,1
18767,72,1
18767,73,1
18767,74,1
18767,82,1
18767,83,1
18767,84,1
18767,86,1
18767,87,1
18767,88,1
18767,90,1
18767,91,1
18767,92,1
18767,93,1
18767,147,1
18767,148,0
18767,149,0
18767,150,0
18767,194,0
18767,196,0
18767,197,0
18767,198,0
18767,200,0
18767,201,1
18767,202,0
18767,203,0
18769,1,1
18769,2,0
18769,3,1
18769,5,1
18769,6,1
18769,7,1
18769,29,1
18769,30,1
18769,31,0
18769,32,0
18769,33,0
18769,34,0
18769,35,0
18769,36,0
18769,37,0
18769,39,0
18769,40,0
18769,41,0
18769,49,1
18769,50,1
18769,52,1
18769,53,1
18769,54,1
18769,56,1
18769,57,1
18769,59,1
18769,60,1
18769,61,1
18769,63,1
18769,64,1
18769,65,1
18769,66,1
18769,67,1
18769,72,1
18769,73,1
18769,74,1
18769,82,1
18769,83,1
18769,84,1
18769,86,1
18769,87,1
18769,88,1
18769,90,1
18769,91,1
18769,92,1
18769,93,1
18769,147,1
18769,148,0
18769,149,0
18769,150,0
18769,194,0
18769,196,0
18769,197,0
18769,198,0
18769,200,0
18769,201,0
18769,202,0
18769,203,0
18774,1,1
18774,2,0
18774,3,1
18774,5,1
18774,6,1
18774,7,1
18774,9,1
18774,10,0
18774,11,0
18774,12,0
18774,29,0
18774,30,0
18774,31,0
18774,32,0
18774,33,0
18774,34,0
18774,35,1
18774,36,1
18774,37,0
18774,39,0
18774,40,0
18774,41,0
18774,49,0
18774,50,1
18774,52,1
18774,53,1
18774,54,1
18774,56,0
18774,57,0
18774,59,1
18774,60,1
18774,61,1
18774,63,1
18774,64,1
18774,65,1
18774,66,1
18774,67,1
18774,72,0
18774,73,1
18774,74,1
18774,82,1
18774,83,1
18774,84,1
18774,86,1
18774,87,1
18774,88,1
18774,90,1
18774,91,1
18774,92,1
18774,93,1
18774,147,1
18774,148,0
18774,149,0
18774,150,0
18774,194,0
18774,196,0
18774,197,0
18774,198,0
18774,200,0
18774,201,0
18774,202,0
18774,203,0
18775,1,1
18775,2,0
18775,3,1
18775,5,1
18775,6,1
18775,7,1
18775,29,1
18775,30,0
18775,31,1
18775,32,0
18775,33,0
18775,34,0
18775,35,0
18775,36,0
18775,37,0
18775,39,0
18775,40,0
18775,41,0
18775,49,1
18775,50,1
18775,52,1
18775,53,1
18775,54,1
18775,56,1
18775,57,1
18775,59,1
18775,60,1
18775,61,1
18775,63,1
18775,64,1
18775,65,1
18775,66,1
18775,67,1
18775,72,0
18775,73,0
18775,74,1
18775,82,1
18775,83,1
18775,84,1
18775,86,1
18775,87,1
18775,88,1
18775,90,1
18775,91,1
18775,92,1
18775,93,1
18775,147,1
18775,148,0
18775,149,0
18775,150,0
18775,194,0
18775,196,0
18775,197,0
18775,198,0
18775,200,0
18775,201,1
18775,202,1
18775,203,0
18787,1,1
18787,2,0
18787,3,1
18787,5,1
18787,6,1
18787,7,1
18787,49,1
18787,50,1
18787,52,1
18787,53,1
18787,54,1
18787,56,1
18787,57,1
18787,59,1
18787,60,1
18787,61,1
18787,63,1
18787,64,1
18787,65,1
18787,66,1
18787,67,1
18787,72,1
18787,73,1
18787,74,1
18787,82,1
18787,83,1
18787,84,1
18787,86,1
18787,87,1
18787,88,1
18787,90,1
18787,91,1
18787,92,1
18787,93,1
18787,147,1
18787,148,0
18787,149,0
18787,150,0
18787,194,0
18787,196,0
18787,197,0
18787,198,0
18787,200,0
18787,201,0
18787,202,0
18787,203,0
18792,1,1
18792,2,0
18792,3,1
18792,5,1
18792,6,1
18792,7,1
18792,72,1
18792,73,1
18792,74,1
18792,82,1
18792,83,1
18792,84,1
18792,90,1
18792,91,1
18792,92,1
18792,93,1
18792,147,1
18792,148,0
18792,149,0
18792,150,0
18792,194,0
18792,196,0
18792,197,0
18792,198,0
18792,200,0
18792,201,0
18792,202,0
18792,203,0
19050,1,1
19050,2,1
19050,3,0
19050,5,1
19050,6,1
19050,7,1
19050,29,0
19050,30,0
19050,31,0
19050,32,0
19050,33,0
19050,34,0
19050,35,1
19050,39,0
19050,40,0
19050,41,0
19050,49,1
19050,50,1
19050,52,1
19050,53,1
19050,54,1
19050,56,1
19050,57,1
19050,59,1
19050,60,1
19050,61,1
19050,63,1
19050,64,1
19050,65,1
19050,66,1
19050,67,1
19050,72,1
19050,73,1
19050,74,1
19050,82,1
19050,83,1
19050,84,1
19050,86,1
19050,87,1
19050,88,1
19050,90,1
19050,91,1
19050,92,1
19050,93,1
19050,147,1
19050,148,0
19050,149,0
19050,150,0
19050,194,0
19050,196,0
19050,197,0
19050,198,0
19050,200,0
19050,201,0
19050,202,0
19050,203,0
19051,1,1
19051,2,0
19051,3,1
19051,5,1
19051,6,1
19051,7,1
19051,9,1
19051,10,0
19051,11,0
19051,12,0
19051,29,1
19051,32,0
19051,33,0
19051,34,0
19051,35,0
19051,36,0
19051,37,0
19051,39,0
19051,40,0
19051,41,0
19051,49,1
19051,50,1
19051,52,1
19051,53,1
19051,54,1
19051,56,1
19051,57,1
19051,59,1
19051,60,1
19051,61,1
19051,63,1
19051,64,1
19051,65,1
19051,66,1
19051,67,1
19051,72,1
19051,73,1
19051,74,1
19051,82,1
19051,83,1
19051,84,1
19051,86,1
19051,87,1
19051,88,1
19051,90,1
19051,91,1
19051,92,1
19051,93,1
19051,147,1
19051,148,0
19051,149,0
19051,150,0
19051,194,0
19051,196,0
19051,197,0
19051,198,0
19051,200,0
19051,201,1
19051,202,0
19051,203,0
19052,1,1
19052,2,1
19052,3,0
19052,5,1
19052,6,1
19052,7,1
19052,49,1
19052,50,1
19052,52,1
19052,53,1
19052,54,1
19052,56,1
19052,57,1
19052,59,1
19052,60,1
19052,61,1
19052,63,1
19052,64,1
19052,65,1
19052,66,1
19052,67,1
19052,72,1
19052,73,1
19052,74,1
19052,82,1
19052,83,1
19052,84,1
19052,86,1
19052,87,1
19052,88,1
19052,90,1
19052,91,1
19052,92,1
19052,93,1
19052,147,1
19052,148,0
19052,149,0
19052,150,0
19052,194,0
19052,196,0
19052,197,0
19052,198,0
19052,200,0
19052,201,0
19052,202,0
19052,203,0
19058,1,1
19058,2,0
19058,3,1
19058,5,1
19058,6,1
19058,7,1
19058,9,0
19058,10,1
19058,11,0
19058,12,0
19058,29,1
19058,30,1
19058,31,0
19058,32,0
19058,33,0
19058,34,0
19058,35,0
19058,36,0
19058,37,0
19058,39,0
19058,40,0
19058,41,0
19058,49,1
19058,50,1
19058,52,1
19058,53,1
19058,54,1
19058,56,1
19058,57,1
19058,59,1
19058,60,1
19058,61,1
19058,63,1
19058,64,1
19058,65,1
19058,66,1
19058,67,1
19058,72,1
19058,73,1
19058,74,1
19058,82,1
19058,83,1
19058,84,1
19058,86,1
19058,87,1
19058,88,1
19058,90,1
19058,91,1
19058,92,1
19058,93,1
19058,147,0
19058,148,1
19058,149,0
19058,150,0
19058,152,1
19058,153,1
19058,154,0
19058,155,1
19058,157,0
19058,159,0
19058,160,0
19058,164,0
19058,170,0
19058,171,0
19058,172,0
19058,173,0
19058,174,0
19058,175,0
19058,176,0
19058,177,0
19058,178,0
19058,181,0
19058,182,0
19058,183,0
19058,184,0
19058,194,0
19058,196,0
19058,197,0
19058,198,0
19058,200,0
19058,201,1
19058,202,0
19058,203,0
19063,1,1
19063,2,1
19063,3,0
19063,5,1
19063,6,1
19063,7,1
19063,29,1
19063,30,0
19063,31,1
19063,32,0
19063,33,0
19063,34,0
19063,35,0
19063,36,0
19063,37,0
19063,39,0
19063,40,0
19063,41,0
19063,49,1
19063,50,1
19063,52,1
19063,53,1
19063,54,1
19063,56,1
19063,57,1
19063,59,1
19063,60,1
19063,61,1
19063,63,1
19063,64,1
19063,65,1
19063,66,1
19063,67,1
19063,72,1
19063,73,1
19063,74,1
19063,82,1
19063,83,1
19063,84,1
19063,86,1
19063,87,1
19063,88,1
19063,90,1
19063,91,1
19063,92,1
19063,93,0
19063,147,1
19063,148,0
19063,149,0
19063,150,0
19063,194,0
19063,196,0
19063,197,0
19063,198,0
19063,200,0
19063,201,0
19063,202,0
19063,203,0
19069,1,1
19069,2,0
19069,3,1
19069,5,1
19069,6,1
19069,7,1
19069,9,0
19069,10,0
19069,11,1
19069,12,0
19069,29,0
19069,30,0
19069,31,0
19069,32,0
19069,33,0
19069,34,0
19069,35,1
19069,36,1
19069,37,0
19069,39,0
19069,40,0
19069,41,0
19069,49,1
19069,50,1
19069,52,1
19069,53,1
19069,54,1
19069,56,1
19069,57,1
19069,59,1
19069,60,1
19069,61,1
19069,63,1
19069,64,1
19069,65,1
19069,66,1
19069,67,1
19069,72,1
19069,73,1
19069,74,1
19069,82,1
19069,83,1
19069,84,1
19069,86,1
19069,87,1
19069,88,1
19069,90,1
19069,91,1
19069,92,1
19069,93,1
19069,147,0
19069,148,0
19069,149,0
19069,150,1
19069,152,1
19069,153,1
19069,154,0
19069,155,1
19069,157,0
19069,159,0
19069,160,0
19069,164,0
19069,170,1
19069,171,1
19069,172,0
19069,173,0
19069,174,1
19069,175,1
19069,176,0
19069,177,0
19069,178,0
19069,181,0
19069,182,0
19069,183,0
19069,184,0
19069,194,0
19069,196,0
19069,197,0
19069,198,0
19069,200,0
19069,201,1
19069,202,0
19069,203,0
19071,1,1
19071,2,0
19071,3,1
19071,5,1
19071,6,1
19071,7,1
19071,29,0
19071,30,0
19071,31,0
19071,32,0
19071,33,0
19071,34,0
19071,35,0
19071,36,0
19071,37,0
19071,39,1
19071,49,1
19071,50,1
19071,52,1
19071,53,1
19071,54,1
19071,56,1
19071,57,1
19071,59,1
19071,60,1
19071,61,1
19071,63,1
19071,64,1
19071,65,1
19071,66,1
19071,67,1
19071,72,1
19071,73,1
19071,74,1
19071,82,1
19071,83,1
19071,84,1
19071,86,1
19071,87,1
19071,88,1
19071,90,1
19071,91,1
19071,92,1
19071,93,0
19071,147,1
19071,148,0
19071,149,0
19071,150,0
19071,194,0
19071,196,0
19071,197,0
19071,198,0
19071,200,0
19071,201,1
19071,202,0
19071,203,0
19075,1,1
19075,2,1
19075,3,0
19075,5,1
19075,6,1
19075,7,1
19075,9,0
19075,10,0
19075,11,0
19075,12,0
19075,49,1
19075,50,1
19075,52,1
19075,53,1
19075,54,1
19075,56,1
19075,57,1
19075,59,1
19075,60,1
19075,61,1
19075,63,1
19075,64,1
19075,65,1
19075,66,1
19075,67,1
19075,72,0
19075,73,0
19075,74,1
19075,82,1
19075,83,1
19075,84,1
19075,86,1
19075,87,1
19075,88,1
19075,90,1
19075,91,1
19075,92,1
19075,93,1
19075,147,1
19075,148,0
19075,149,0
19075,150,0
19075,194,1
19075,196,1
19075,197,0
19075,198,0
19075,200,0
19075,201,1
19075,202,0
19075,203,0
19076,1,1
19076,2,0
19076,3,1
19076,5,1
19076,6,1
19076,7,1
19076,29,1
19076,30,1
19076,31,0
19076,32,0
19076,33,0
19076,34,0
19076,35,0
19076,36,0
19076,37,0
19076,39,0
19076,40,0
19076,41,0
19076,49,0
19076,50,1
19076,52,1
19076,53,1
19076,54,1
19076,56,0
19076,57,1
19076,59,1
19076,60,1
19076,61,1
19076,63,1
19076,64,1
19076,65,1
19076,66,1
19076,67,1
19076,72,1
19076,73,1
19076,74,1
19076,82,1
19076,83,1
19076,84,1
19076,86,1
19076,87,1
19076,88,1
19076,90,1
19076,91,1
19076,92,1
19076,93,1
19076,147,1
19076,148,0
19076,149,0
19076,150,0
19076,194,0
19076,196,0
19076,197,0
19076,198,0
19076,200,0
19076,201,0
19076,202,0
19076,203,0
19082,1,1
19082,2,0
19082,3,1
19082,5,1
19082,6,1
19082,7,1
19082,49,1
19082,50,1
19082,52,1
19082,53,1
19082,54,1
19082,56,1
19082,57,1
19082,59,1
19082,60,1
19082,61,1
19082,63,1
19082,64,1
19082,65,1
19082,66,1
19082,67,1
19082,72,1
19082,73,1
19082,74,1
19082,82,1
19082,83,1
19082,84,1
19082,86,1
19082,87,1
19082,88,1
19082,90,1
19082,91,1
19082,92,1
19082,93,0
19082,147,1
19082,148,0
19082,149,0
19082,150,0
19082,194,0
19082,196,0
19082,197,0
19082,198,0
19082,200,0
19082,201,1
19082,202,0
19082,203,0
19084,1,1
19084,2,0
19084,3,1
19084,5,1
19084,6,1
19084,7,1
19084,56,1
19084,57,1
19084,59,1
19084,60,1
19084,61,1
19084,63,1
19084,64,1
19084,65,1
19084,66,1
19084,67,1
19084,72,1
19084,73,1
19084,74,1
19084,82,1
19084,83,1
19084,84,1
19084,86,1
19084,87,1
19084,88,1
19084,90,1
19084,91,1
19084,92,1
19084,93,1
19084,147,1
19084,148,0
19084,149,0
19084,150,0
19084,194,0
19084,196,0
19084,197,0
19084,198,0
19084,200,0
19084,201,0
19084,202,0
19084,203,0
19088,1,1
19088,2,1
19088,3,0
19088,5,1
19088,6,1
19088,7,1
19088,9,0
19088,10,0
19088,11,1
19088,12,0
19088,49,1
19088,50,1
19088,52,1
19088,53,1
19088,54,1
19088,56,1
19088,57,1
19088,59,1
19088,60,1
19088,61,1
19088,63,1
19088,64,1
19088,65,1
19088,66,1
19088,67,1
19088,72,0
19088,73,1
19088,74,1
19088,82,1
19088,83,1
19088,84,1
19088,86,1
19088,87,1
19088,88,1
19088,90,1
19088,91,1
19088,92,1
19088,93,1
19088,147,0
19088,148,0
19088,149,1
19088,150,0
19088,152,1
19088,153,1
19088,154,0
19088,155,1
19088,157,1
19088,159,0
19088,160,0
19088,164,0
19088,170,0
19088,171,0
19088,172,0
19088,173,0
19088,174,0
19088,175,0
19088,176,0
19088,177,0
19088,178,0
19088,181,0
19088,182,0
19088,183,0
19088,184,0
19088,194,0
19088,196,0
19088,197,0
19088,198,0
19088,200,0
19088,201,1
19088,202,0
19088,203,0
19097,1,1
19097,2,1
19097,3,0
19097,5,1
19097,6,1
19097,7,1
19097,49,1
19097,50,1
19097,52,1
19097,53,1
19097,54,1
19097,56,1
19097,57,1
19097,59,1
19097,60,1
19097,61,1
19097,63,1
19097,64,1
19097,65,1
19097,66,1
19097,67,1
19097,72,1
19097,73,1
19097,74,1
19097,82,1
19097,83,1
19097,84,1
19097,86,1
19097,87,1
19097,88,1
19097,90,1
19097,91,1
19097,92,1
19097,93,1
19097,147,1
19097,148,0
19097,149,0
19097,150,0
19097,194,0
19097,196,0
19097,197,0
19097,198,0
19097,200,0
19097,201,0
19097,202,1
19097,203,1
19103,1,1
19103,2,0
19103,3,1
19103,5,1
19103,6,1
19103,7,1
19103,72,1
19103,73,1
19103,74,1
19103,82,1
19103,83,1
19103,84,1
19103,86,1
19103,87,1
19103,88,1
19103,90,1
19103,91,1
19103,92,1
19103,93,1
19103,147,1
19103,148,0
19103,149,0
19103,150,0
19103,194,0
19103,196,0
19103,197,0
19103,198,0
19103,200,0
19103,201,0
19103,202,0
19103,203,0
19104,1,1
19104,2,0
19104,3,1
19104,5,1
19104,6,1
19104,7,1
19104,29,0
19104,30,0
19104,31,0
19104,32,1
19104,33,0
19104,34,1
19104,35,0
19104,36,0
19104,37,0
19104,39,0
19104,40,0
19104,41,0
19104,72,1
19104,73,1
19104,74,1
19104,82,1
19104,83,1
19104,84,1
19104,86,1
19104,87,1
19104,88,1
19104,90,1
19104,91,1
19104,92,1
19104,93,1
19104,147,1
19104,148,0
19104,149,0
19104,150,0
19104,194,0
19104,196,0
19104,197,0
19104,198,0
19104,200,0
19104,201,0
19104,202,0
19104,203,0
19105,1,1
19105,2,0
19105,3,1
19105,5,1
19105,6,1
19105,7,1
19105,49,0
19105,50,0
19105,52,1
19105,53,1
19105,54,1
19105,56,0
19105,57,0
19105,59,1
19105,60,1
19105,61,1
19105,63,1
19105,64,1
19105,65,1
19105,66,1
19105,67,1
19105,72,1
19105,73,1
19105,74,1
19105,82,1
19105,83,1
19105,84,1
19105,86,1
19105,87,1
19105,88,1
19105,90,1
19105,91,1
19105,92,1
19105,93,0
19105,147,0
19105,148,0
19105,149,0
19105,150,1
19105,152,1
19105,153,1
19105,154,0
19105,155,1
19105,157,1
19105,159,1
19105,160,0
19105,164,0
19105,170,1
19105,171,0
19105,172,0
19105,173,0
19105,174,0
19105,175,0
19105,176,0
19105,177,0
19105,178,0
19105,181,0
19105,182,0
19105,183,0
19105,184,0
19105,194,0
19105,196,0
19105,197,0
19105,198,0
19105,200,0
19105,201,1
19105,202,0
19105,203,0
19115,1,1
19115,2,1
19115,3,0
19115,5,1
19115,6,1
19115,7,1
19115,29,1
19115,30,1
19115,31,0
19115,32,0
19115,33,0
19115,34,0
19115,35,0
19115,36,0
19115,37,0
19115,39,0
19115,40,0
19115,41,0
19115,72,1
19115,73,1
19115,74,1
19115,82,1
19115,83,1
19115,84,1
19115,86,1
19115,87,1
19115,88,1
19115,90,1
19115,91,1
19115,92,1
19115,93,1
19115,147,1
19115,148,0
19115,149,0
19115,150,0
19115,194,0
19115,196,0
19115,197,0
19115,198,0
19115,200,0
19115,201,0
19115,202,0
19115,203,0
19117,1,1
19117,2,0
19117,3,1
19117,5,1
19117,6,1
19117,7,1
19117,9,0
19117,10,1
19117,11,0
19117,12,0
19117,49,1
19117,50,1
19117,52,1
19117,53,1
19117,54,1
19117,56,1
19117,57,1
19117,59,1
19117,60,1
19117,61,1
19117,63,1
19117,64,1
19117,65,1
19117,66,1
19117,67,1
19117,72,0
19117,73,1
19117,74,1
19117,82,1
19117,83,1
19117,84,1
19117,86,1
19117,87,1
19117,88,1
19117,90,1
19117,91,1
19117,92,1
19117,93,1
19117,147,1
19117,148,0
19117,149,0
19117,150,0
19117,194,0
19117,196,0
19117,197,0
19117,198,0
19117,200,0
19117,201,1
19117,202,1
19117,203,0
19119,1,1
19119,2,0
19119,3,1
19119,5,1
19119,6,1
19119,7,1
19119,29,1
19119,30,1
19119,31,0
19119,32,0
19119,33,0
19119,34,0
19119,35,0
19119,36,0
19119,37,0
19119,39,0
19119,40,0
19119,41,0
19119,49,1
19119,50,1
19119,52,1
19119,53,1
19119,54,1
19119,56,1
19119,57,1
19119,59,1
19119,60,1
19119,61,1
19119,63,1
19119,64,1
19119,65,1
19119,66,1
19119,67,1
19119,72,1
19119,73,1
19119,74,1
19119,82,1
19119,83,1
19119,84,1
19119,86,1
19119,87,1
19119,88,1
19119,90,1
19119,91,1
19119,92,1
19119,93,1
19119,147,1
19119,148,0
19119,149,0
19119,150,0
19119,194,0
19119,196,0
19119,197,0
19119,198,0
19119,200,0
19119,201,1
19119,202,0
19119,203,0
19121,1,1
19121,2,0
19121,3,1
19121,5,1
19121,6,1
19121,7,1
19121,29,1
19121,32,0
19121,33,0
19121,34,0
19121,35,0
19121,36,0
19121,37,0
19121,39,0
19121,40,0
19121,41,0
19121,49,1
19121,50,1
19121,52,1
19121,53,1
19121,54,1
19121,56,1
19121,57,1
19121,59,1
19121,60,1
19121,61,1
19121,63,0
19121,64,0
19121,65,1
19121,66,1
19121,67,1
19121,72,1
19121,73,1
19121,74,1
19121,82,1
19121,83,1
19121,84,1
19121,86,1
19121,87,1
19121,88,1
19121,90,1
19121,91,1
19121,92,1
19121,93,1
19121,147,1
19121,148,0
19121,149,0
19121,150,0
19121,194,0
19121,196,0
19121,197,0
19121,198,0
19121,200,0
19121,201,1
19121,202,1
19121,203,0
19131,1,1
19131,2,0
19131,3,1
19131,5,1
19131,6,1
19131,7,1
19131,9,1
19131,10,0
19131,11,0
19131,12,0
19131,29,1
19131,30,1
19131,31,0
19131,32,0
19131,33,0
19131,34,0
19131,35,0
19131,36,0
19131,37,0
19131,39,0
19131,40,0
19131,41,0
19131,49,1
19131,50,1
19131,52,1
19131,53,1
19131,54,1
19131,56,1
19131,57,1
19131,59,1
19131,60,1
19131,61,1
19131,63,0
19131,64,1
19131,65,1
19131,66,1
19131,67,1
19131,72,1
19131,73,1
19131,74,1
19131,82,1
19131,83,1
19131,84,1
19131,86,1
19131,87,1
19131,88,1
19131,90,1
19131,91,1
19131,92,1
19131,93,1
19131,147,1
19131,148,0
19131,149,0
19131,150,0
19131,194,0
19131,196,0
19131,197,0
19131,198,0
19131,200,0
19131,201,0
19131,202,0
19131,203,0
19133,1,1
19133,5,1
19133,6,1
19133,7,1
19133,9,0
19133,10,0
19133,11,0
19133,12,1
19133,29,0
19133,30,0
19133,31,0
19133,32,0
19133,33,0
19133,34,0
19133,35,1
19133,36,1
19133,37,0
19133,39,0
19133,40,0
19133,41,0
19133,49,1
19133,50,1
19133,52,1
19133,53,1
19133,54,1
19133,56,1
19133,57,1
19133,59,1
19133,60,1
19133,61,1
19133,63,1
19133,64,1
19133,65,1
19133,66,1
19133,67,1
19133,72,1
19133,73,1
19133,74,1
19133,82,1
19133,83,1
19133,84,1
19133,86,1
19133,87,1
19133,88,1
19133,90,1
19133,91,1
19133,92,1
19133,93,1
19133,147,0
19133,148,1
19133,149,0
19133,150,0
19133,152,1
19133,153,1
19133,154,0
19133,155,1
19133,157,0
19133,159,0
19133,160,0
19133,164,0
19133,170,0
19133,171,0
19133,172,0
19133,173,0
19133,174,0
19133,175,0
19133,176,0
19133,177,0
19133,178,0
19133,181,0
19133,182,0
19133,183,0
19133,184,0
19133,194,0
19133,196,0
19133,197,0
19133,198,0
19133,200,0
19133,201,0
19133,202,0
19133,203,0
19140,1,1
19140,2,0
19140,3,1
19140,5,1
19140,6,1
19140,7,1
19140,49,0
19140,50,0
19140,52,0
19140,53,0
19140,54,1
19140,56,0
19140,57,1
19140,59,1
19140,60,1
19140,61,1
19140,63,0
19140,64,0
19140,65,0
19140,66,0
19140,67,0
19140,72,0
19140,73,0
19140,74,0
19140,82,1
19140,83,1
19140,84,1
19140,86,1
19140,87,1
19140,88,1
19140,90,1
19140,91,1
19140,92,1
19140,93,0
19140,147,1
19140,148,0
19140,149,0
19140,150,0
19140,194,0
19140,196,0
19140,197,0
19140,198,0
19140,200,0
19140,201,1
19140,202,0
19140,203,0
19146,1,1
19146,2,0
19146,3,1
19146,5,1
19146,6,1
19146,7,1
19146,9,1
19146,10,0
19146,11,0
19146,12,0
19146,29,0
19146,30,0
19146,31,0
19146,32,1
19146,33,0
19146,34,1
19146,35,0
19146,36,0
19146,37,0
19146,39,0
19146,40,0
19146,41,0
19146,49,1
19146,50,1
19146,52,1
19146,53,1
19146,54,1
19146,56,1
19146,57,1
19146,59,1
19146,60,1
19146,61,1
19146,63,1
19146,64,1
19146,65,1
19146,66,1
19146,67,1
19146,72,1
19146,73,1
19146,74,1
19146,82,1
19146,83,1
19146,84,1
19146,86,1
19146,87,1
19146,88,1
19146,90,1
19146,91,1
19146,92,1
19146,93,1
19146,147,0
19146,148,1
19146,149,0
19146,150,0
19146,152,1
19146,153,1
19146,154,1
19146,155,0
19146,157,0
19146,159,0
19146,160,0
19146,164,0
19146,170,0
19146,171,0
19146,172,0
19146,173,0
19146,174,0
19146,175,0
19146,176,0
19146,177,0
19146,178,0
19146,181,0
19146,182,0
19146,183,0
19146,184,0
19146,194,0
19146,196,0
19146,197,0
19146,198,0
19146,200,0
19146,201,1
19146,202,0
19146,203,0
19147,1,1
19147,2,0
19147,3,1
19147,5,1
19147,6,1
19147,7,1
19147,49,1
19147,50,1
19147,52,1
19147,53,1
19147,54,1
19147,56,1
19147,57,1
19147,59,1
19147,60,1
19147,61,1
19147,63,1
19147,64,1
19147,65,1
19147,66,1
19147,67,1
19147,72,1
19147,73,1
19147,74,1
19147,82,1
19147,83,1
19147,84,1
19147,86,1
19147,87,1
19147,88,1
19147,90,1
19147,91,1
19147,92,1
19147,93,1
19147,147,1
19147,148,0
19147,149,0
19147,150,0
19147,194,0
19147,196,0
19147,197,0
19147,198,0
19147,200,0
19147,201,1
19147,202,0
19147,203,0
19148,1,1
19148,2,0
19148,3,1
19148,5,1
19148,6,1
19148,7,1
19148,49,1
19148,50,1
19148,52,1
19148,53,1
19148,54,1
19148,56,1
19148,57,1
19148,59,1
19148,60,1
19148,61,1
19148,63,1
19148,64,1
19148,65,1
19148,66,1
19148,67,1
19148,72,1
19148,73,1
19148,74,1
19148,82,1
19148,83,1
19148,84,1
19148,86,1
19148,87,1
19148,88,1
19148,90,1
19148,91,1
19148,92,1
19148,93,1
19148,147,1
19148,148,0
19148,149,0
19148,150,0
19148,194,0
19148,196,0
19148,197,0
19148,198,0
19148,200,0
19148,201,1
19148,202,0
19148,203,0
19152,1,1
19152,2,1
19152,3,0
19152,5,1
19152,6,1
19152,7,1
19152,56,1
19152,57,1
19152,59,1
19152,60,1
19152,61,1
19152,63,1
19152,64,1
19152,65,1
19152,66,1
19152,67,1
19152,72,1
19152,73,1
19152,74,1
19152,82,1
19152,83,1
19152,84,1
19152,86,1
19152,87,1
19152,88,1
19152,90,1
19152,91,1
19152,92,1
19152,93,1
19152,147,1
19152,148,0
19152,149,0
19152,150,0
19152,194,0
19152,196,0
19152,197,0
19152,198,0
19152,200,0
19152,201,0
19152,202,0
19152,203,0
19154,1,1
19154,2,0
19154,3,1
19154,5,1
19154,6,1
19154,7,1
19154,147,1
19154,148,0
19154,149,0
19154,150,0
19154,194,0
19154,196,0
19154,197,0
19154,198,0
19154,200,0
19154,201,1
19154,202,0
19154,203,0
19348,1,1
19348,2,0
19348,3,1
19348,5,1
19348,6,1
19348,7,1
19348,72,1
19348,73,1
19348,74,1
19348,82,1
19348,83,1
19348,84,1
19348,86,1
19348,87,1
19348,88,1
19348,90,1
19348,91,1
19348,92,1
19348,93,1
19348,147,1
19348,148,0
19348,149,0
19348,150,0
19348,194,0
19348,196,0
19348,197,0
19348,198,0
19348,200,0
19348,201,1
19348,202,0
19348,203,0
19350,1,1
19350,2,0
19350,3,1
19350,5,1
19350,6,1
19350,7,1
19350,49,1
19350,50,1
19350,52,1
19350,53,1
19350,54,1
19350,56,1
19350,57,1
19350,59,1
19350,60,1
19350,61,1
19350,63,1
19350,64,1
19350,65,1
19350,66,1
19350,67,1
19350,72,1
19350,73,1
19350,74,1
19350,82,1
19350,83,1
19350,84,1
19350,86,1
19350,87,1
19350,88,1
19350,90,1
19350,91,1
19350,92,1
19350,93,1
19350,147,1
19350,148,0
19350,149,0
19350,150,0
19350,194,0
19350,196,0
19350,197,0
19350,198,0
19350,200,0
19350,201,0
19350,202,0
19350,203,0
19356,1,1
19356,2,0
19356,3,1
19356,5,1
19356,6,1
19356,7,1
19356,49,1
19356,50,1
19356,52,1
19356,53,1
19356,54,1
19356,56,1
19356,57,1
19356,59,1
19356,60,1
19356,61,1
19356,63,1
19356,64,1
19356,65,1
19356,66,1
19356,67,1
19356,72,1
19356,73,1
19356,74,1
19356,82,1
19356,83,1
19356,84,1
19356,86,1
19356,87,1
19356,88,1
19356,90,1
19356,91,1
19356,92,1
19356,93,0
19356,147,1
19356,148,0
19356,149,0
19356,150,0
19356,194,0
19356,196,0
19356,197,0
19356,198,0
19356,200,0
19356,201,1
19356,202,0
19356,203,0
19360,1,1
19360,2,0
19360,3,1
19360,5,1
19360,6,1
19360,7,1
19360,49,1
19360,50,1
19360,52,1
19360,53,1
19360,54,1
19360,56,1
19360,57,1
19360,59,1
19360,60,1
19360,61,1
19360,63,1
19360,64,1
19360,65,1
19360,66,1
19360,67,1
19360,72,1
19360,73,1
19360,74,1
19360,82,1
19360,83,1
19360,84,1
19360,86,1
19360,87,1
19360,88,1
19360,90,1
19360,91,1
19360,92,1
19360,93,1
19360,147,1
19360,148,0
19360,149,0
19360,150,0
19360,194,0
19360,196,0
19360,197,0
19360,198,0
19360,200,0
19360,201,0
19360,202,1
19360,203,0
19363,1,1
19363,2,0
19363,3,1
19363,5,1
19363,6,1
19363,7,1
19363,147,1
19363,148,0
19363,149,0
19363,150,0
19363,194,0
19363,196,0
19363,197,0
19363,198,0
19363,200,0
19363,201,0
19363,202,0
19363,203,0
19366,1,1
19366,2,1
19366,3,0
19366,5,1
19366,6,1
19366,7,1
19366,72,1
19366,73,1
19366,74,1
19366,82,1
19366,83,1
19366,84,1
19366,86,1
19366,87,1
19366,88,1
19366,90,1
19366,91,1
19366,92,1
19366,93,1
19366,147,1
19366,148,0
19366,149,0
19366,150,0
19366,194,0
19366,196,0
19366,197,0
19366,198,0
19366,200,0
19366,201,1
19366,202,0
19366,203,0
19369,1,1
19369,2,0
19369,3,1
19369,5,1
19369,6,1
19369,7,1
19369,56,1
19369,57,1
19369,59,1
19369,60,1
19369,61,1
19369,63,1
19369,64,1
19369,65,1
19369,66,1
19369,67,1
19369,72,1
19369,73,1
19369,74,1
19369,82,1
19369,83,1
19369,84,1
19369,86,1
19369,87,1
19369,88,1
19369,90,1
19369,91,1
19369,92,1
19369,93,1
19369,147,1
19369,148,0
19369,149,0
19369,150,0
19369,194,0
19369,196,0
19369,197,0
19369,198,0
19369,200,0
19369,201,0
19369,202,0
19369,203,0
19370,1,1
19370,2,0
19370,3,1
19370,5,1
19370,6,1
19370,7,1
19370,9,0
19370,10,1
19370,11,0
19370,12,0
19370,49,1
19370,50,1
19370,52,1
19370,53,1
19370,54,1
19370,56,1
19370,57,1
19370,59,1
19370,60,1
19370,61,1
19370,63,1
19370,64,1
19370,65,1
19370,66,1
19370,67,1
19370,72,1
19370,73,1
19370,74,1
19370,82,1
19370,83,1
19370,84,1
19370,86,1
19370,87,1
19370,88,1
19370,90,1
19370,91,1
19370,92,1
19370,93,1
19370,147,0
19370,148,1
19370,149,0
19370,150,0
19370,152,1
19370,153,1
19370,154,0
19370,155,1
19370,157,0
19370,159,0
19370,160,0
19370,164,0
19370,170,0
19370,171,0
19370,172,0
19370,173,0
19370,174,0
19370,175,0
19370,176,0
19370,177,0
19370,178,0
19370,181,0
19370,182,0
19370,183,0
19370,184,0
19370,194,0
19370,196,0
19370,197,0
19370,198,0
19370,200,0
19370,201,1
19370,202,0
19370,203,0
19371,1,1
19371,2,0
19371,3,1
19371,5,1
19371,6,1
19371,7,1
19371,9,0
19371,10,0
19371,11,1
19371,12,0
19371,29,0
19371,30,0
19371,31,0
19371,32,0
19371,33,0
19371,34,0
19371,35,0
19371,36,0
19371,37,0
19371,39,1
19371,49,1
19371,50,1
19371,52,1
19371,53,1
19371,54,1
19371,56,1
19371,57,1
19371,59,1
19371,60,1
19371,61,1
19371,63,1
19371,64,1
19371,65,1
19371,66,1
19371,67,1
19371,72,1
19371,73,1
19371,74,1
19371,82,1
19371,83,1
19371,84,1
19371,86,1
19371,87,1
19371,88,1
19371,90,1
19371,91,1
19371,92,1
19371,93,1
19371,147,1
19371,148,0
19371,149,0
19371,150,0
19371,194,0
19371,196,0
19371,197,0
19371,198,0
19371,200,0
19371,201,1
19371,202,1
19371,203,0
19379,1,1
19379,2,0
19379,3,1
19379,5,1
19379,6,1
19379,7,1
19379,29,0
19379,30,0
19379,31,0
19379,32,1
19379,35,0
19379,36,0
19379,37,0
19379,39,0
19379,40,0
19379,41,0
19379,49,1
19379,50,1
19379,52,1
19379,53,1
19379,54,1
19379,56,1
19379,57,1
19379,59,1
19379,60,1
19379,61,1
19379,63,1
19379,64,1
19379,65,1
19379,66,1
19379,67,1
19379,72,0
19379,73,1
19379,74,1
19379,82,1
19379,83,1
19379,84,1
19379,86,1
19379,87,1
19379,88,1
19379,90,1
19379,91,1
19379,92,0
19379,93,0
19379,147,1
19379,148,0
19379,149,0
19379,150,0
19379,194,0
19379,196,0
19379,197,0
19379,198,0
19379,200,0
19379,201,1
19379,202,0
19379,203,0
19383,1,1
19383,2,0
19383,3,1
19383,5,1
19383,6,1
19383,7,1
19383,29,1
19383,30,1
19383,31,0
19383,32,0
19383,33,0
19383,34,0
19383,35,0
19383,36,0
19383,37,0
19383,39,0
19383,40,0
19383,41,0
19383,49,1
19383,50,1
19383,52,1
19383,53,1
19383,54,1
19383,56,1
19383,57,1
19383,59,1
19383,60,1
19383,61,1
19383,63,1
19383,64,1
19383,65,1
19383,66,1
19383,67,1
19383,72,0
19383,73,1
19383,74,1
19383,82,1
19383,83,1
19383,84,1
19383,86,1
19383,87,1
19383,88,1
19383,90,1
19383,91,1
19383,92,1
19383,93,1
19383,147,1
19383,148,0
19383,149,0
19383,150,0
19383,194,0
19383,196,0
19383,197,0
19383,198,0
19383,200,0
19383,201,1
19383,202,0
19383,203,0
19384,1,1
19384,2,0
19384,3,1
19384,5,1
19384,6,1
19384,7,1
19384,29,1
19384,32,0
19384,33,0
19384,34,0
19384,35,0
19384,36,0
19384,37,0
19384,39,0
19384,40,0
19384,41,0
19384,49,1
19384,50,1
19384,52,1
19384,53,1
19384,54,1
19384,56,1
19384,57,1
19384,59,1
19384,60,1
19384,61,1
19384,63,1
19384,64,1
19384,65,1
19384,66,1
19384,67,1
19384,72,1
19384,73,1
19384,74,1
19384,82,1
19384,83,1
19384,84,1
19384,86,1
19384,87,1
19384,88,1
19384,90,1
19384,91,1
19384,92,1
19384,93,1
19384,147,1
19384,148,0
19384,149,0
19384,150,0
19384,194,0
19384,196,0
19384,197,0
19384,198,0
19384,200,0
19384,201,1
19384,202,1
19384,203,0
19385,1,1
19385,2,0
19385,3,1
19385,5,1
19385,6,1
19385,7,1
19385,49,1
19385,50,1
19385,52,1
19385,53,1
19385,54,1
19385,56,1
19385,57,1
19385,59,1
19385,60,1
19385,61,1
19385,63,1
19385,64,1
19385,65,1
19385,66,1
19385,67,1
19385,72,1
19385,73,1
19385,74,1
19385,82,1
19385,83,1
19385,84,1
19385,86,1
19385,87,1
19385,88,1
19385,90,1
19385,91,0
19385,92,0
19385,93,0
19385,147,1
19385,148,0
19385,149,0
19385,150,0
19385,194,0
19385,196,0
19385,197,0
19385,198,0
19385,200,0
19385,201,0
19385,202,0
19385,203,0
19386,1,1
19386,2,0
19386,3,1
19386,5,1
19386,6,1
19386,7,1
19386,72,1
19386,73,1
19386,74,1
19386,82,1
19386,83,1
19386,84,1
19386,86,1
19386,87,1
19386,88,1
19386,90,1
19386,91,1
19386,92,1
19386,93,1
19386,147,1
19386,148,0
19386,149,0
19386,150,0
19386,194,0
19386,196,0
19386,197,0
19386,198,0
19386,200,0
19386,201,1
19386,202,0
19386,203,0
19396,1,1
19396,2,0
19396,3,1
19396,5,1
19396,6,1
19396,7,1
19396,9,0
19396,10,1
19396,11,0
19396,12,0
19396,29,0
19396,30,0
19396,31,0
19396,32,0
19396,33,0
19396,34,0
19396,35,1
19396,36,1
19396,37,0
19396,39,0
19396,40,0
19396,41,0
19396,49,1
19396,50,1
19396,52,1
19396,53,1
19396,54,1
19396,56,1
19396,57,1
19396,59,1
19396,60,1
19396,61,1
19396,63,1
19396,64,1
19396,65,1
19396,66,1
19396,67,1
19396,72,1
19396,73,1
19396,74,1
19396,82,1
19396,83,1
19396,84,1
19396,86,1
19396,87,1
19396,88,1
19396,90,1
19396,91,1
19396,92,1
19396,93,1
19396,147,0
19396,148,0
19396,149,1
19396,150,0
19396,152,1
19396,153,1
19396,154,1
19396,155,1
19396,157,0
19396,159,0
19396,160,0
19396,164,0
19396,170,0
19396,171,0
19396,172,0
19396,173,0
19396,174,0
19396,175,0
19396,176,0
19396,177,0
19396,178,0
19396,181,0
19396,182,0
19396,183,0
19396,184,0
19396,194,0
19396,196,0
19396,197,0
19396,198,0
19396,200,0
19396,201,1
19396,202,0
19396,203,0
19399,1,1
19399,2,0
19399,3,1
19399,5,1
19399,6,1
19399,7,1
19399,9,1
19399,10,0
19399,11,0
19399,12,0
19399,49,1
19399,50,1
19399,52,1
19399,53,1
19399,54,1
19399,56,1
19399,57,1
19399,59,1
19399,60,1
19399,61,1
19399,63,1
19399,64,1
19399,65,1
19399,66,1
19399,67,1
19399,72,1
19399,73,1
19399,74,1
19399,82,1
19399,83,1
19399,84,1
19399,86,1
19399,87,1
19399,88,1
19399,90,1
19399,91,1
19399,92,1
19399,93,1
19399,147,1
19399,148,0
19399,149,0
19399,150,0
19399,194,0
19399,196,0
19399,197,0
19399,198,0
19399,200,0
19399,201,1
19399,202,0
19399,203,0
19402,1,1
19402,2,1
19402,3,0
19402,5,1
19402,6,1
19402,7,1
19402,29,0
19402,30,0
19402,31,0
19402,32,1
19402,35,0
19402,36,0
19402,37,0
19402,39,0
19402,40,0
19402,41,0
19402,72,1
19402,73,1
19402,74,1
19402,82,1
19402,83,1
19402,84,1
19402,90,1
19402,91,1
19402,92,0
19402,93,0
19402,147,1
19402,148,0
19402,149,0
19402,150,0
19402,194,0
19402,196,0
19402,197,0
19402,198,0
19402,200,0
19402,201,0
19402,202,0
19402,203,0
19403,1,1
19403,2,0
19403,3,1
19403,5,1
19403,6,1
19403,7,1
19403,49,1
19403,50,1
19403,52,1
19403,53,1
19403,54,1
19403,56,1
19403,57,1
19403,59,1
19403,60,1
19403,61,1
19403,63,1
19403,64,1
19403,65,1
19403,66,1
19403,67,1
19403,72,1
19403,73,1
19403,74,1
19403,82,1
19403,83,1
19403,84,1
19403,86,1
19403,87,1
19403,88,1
19403,90,1
19403,91,1
19403,92,1
19403,93,1
19403,147,1
19403,148,0
19403,149,0
19403,150,0
19403,194,0
19403,196,0
19403,197,0
19403,198,0
19403,200,0
19403,201,1
19403,202,0
19403,203,0
19404,1,1
19404,2,0
19404,3,1
19404,5,1
19404,6,1
19404,7,1
19404,29,0
19404,30,0
19404,31,0
19404,32,0
19404,33,0
19404,34,0
19404,35,0
19404,36,0
19404,37,0
19404,39,1
19404,147,1
19404,148,0
19404,149,0
19404,150,0
19404,194,0
19404,196,0
19404,197,0
19404,198,0
19404,200,0
19404,201,1
19404,202,0
19404,203,0
19405,1,1
19405,2,0
19405,3,1
19405,5,1
19405,6,1
19405,7,1
19405,9,0
19405,10,1
19405,11,0
19405,12,0
19405,29,0
19405,30,0
19405,31,0
19405,32,0
19405,33,0
19405,34,0
19405,35,0
19405,36,0
19405,37,0
19405,39,1
19405,49,1
19405,50,1
19405,52,1
19405,53,1
19405,54,1
19405,56,1
19405,57,1
19405,59,1
19405,60,1
19405,61,1
19405,63,1
19405,64,1
19405,65,1
19405,66,1
19405,67,1
19405,72,1
19405,73,1
19405,74,1
19405,82,1
19405,83,1
19405,84,1
19405,86,1
19405,87,1
19405,88,1
19405,90,1
19405,91,1
19405,92,1
19405,93,1
19405,147,0
19405,148,0
19405,149,0
19405,150,1
19405,152,1
19405,153,1
19405,154,0
19405,155,1
19405,157,1
19405,159,0
19405,160,0
19405,164,0
19405,170,1
19405,171,0
19405,172,0
19405,173,0
19405,174,0
19405,175,0
19405,176,0
19405,177,0
19405,178,0
19405,181,0
19405,182,0
19405,183,0
19405,184,0
19405,194,0
19405,196,0
19405,197,0
19405,198,0
19405,200,0
19405,201,1
19405,202,0
19405,203,0
19414,1,1
19414,2,0
19414,3,1
19414,5,1
19414,6,1
19414,7,1
19414,9,0
19414,10,1
19414,11,0
19414,12,0
19414,29,0
19414,30,0
19414,31,0
19414,32,0
19414,33,0
19414,34,0
19414,35,0
19414,36,0
19414,37,0
19414,39,1
19414,49,1
19414,50,1
19414,52,1
19414,53,1
19414,54,1
19414,56,1
19414,57,1
19414,59,1
19414,60,1
19414,61,1
19414,63,1
19414,64,1
19414,65,1
19414,66,1
19414,67,1
19414,72,1
19414,73,1
19414,74,1
19414,82,1
19414,83,1
19414,84,1
19414,86,1
19414,87,1
19414,88,1
19414,90,1
19414,91,1
19414,92,1
19414,93,1
19414,147,0
19414,148,0
19414,149,0
19414,150,1
19414,152,0
19414,153,0
19414,154,0
19414,155,0
19414,157,0
19414,159,0
19414,160,0
19414,164,0
19414,170,1
19414,171,1
19414,172,0
19414,173,1
19414,174,0
19414,175,1
19414,176,0
19414,177,0
19414,178,0
19414,181,0
19414,182,0
19414,183,0
19414,184,0
19414,194,0
19414,196,0
19414,197,0
19414,198,0
19414,200,0
19414,201,0
19414,202,0
19414,203,0
19424,1,1
19424,2,0
19424,3,1
19424,5,1
19424,6,1
19424,7,1
19424,72,1
19424,73,1
19424,74,1
19424,82,1
19424,83,1
19424,84,1
19424,86,1
19424,87,1
19424,88,1
19424,90,1
19424,91,1
19424,92,1
19424,93,1
19424,147,1
19424,148,0
19424,149,0
19424,150,0
19424,194,0
19424,196,0
19424,197,0
19424,198,0
19424,200,0
19424,201,1
19424,202,0
19424,203,0
19431,1,1
19431,5,1
19431,6,1
19431,7,1
19431,147,1
19431,148,0
19431,149,0
19431,150,0
19431,194,0
19431,196,0
19431,197,0
19431,198,0
19431,200,0
19431,201,1
19431,202,0
19431,203,0
19434,1,1
19434,2,1
19434,3,0
19434,5,1
19434,6,1
19434,7,1
19434,9,1
19434,10,0
19434,11,0
19434,12,0
19434,29,1
19434,30,1
19434,31,0
19434,32,0
19434,33,0
19434,34,0
19434,35,0
19434,36,0
19434,37,0
19434,39,0
19434,40,0
19434,41,0
19434,49,1
19434,50,1
19434,52,1
19434,53,1
19434,54,1
19434,56,1
19434,57,1
19434,59,1
19434,60,1
19434,61,1
19434,63,1
19434,64,1
19434,65,1
19434,66,1
19434,67,1
19434,72,1
19434,73,1
19434,74,1
19434,82,1
19434,83,1
19434,84,1
19434,86,1
19434,87,1
19434,88,1
19434,90,1
19434,91,1
19434,92,1
19434,93,1
19434,147,0
19434,148,1
19434,149,0
19434,150,0
19434,152,1
19434,153,1
19434,154,1
19434,155,0
19434,157,0
19434,159,0
19434,160,0
19434,164,0
19434,170,0
19434,171,0
19434,172,0
19434,173,0
19434,174,0
19434,175,0
19434,176,0
19434,177,0
19434,178,0
19434,181,0
19434,182,0
19434,183,0
19434,184,0
19434,194,0
19434,196,0
19434,197,0
19434,198,0
19434,200,0
19434,201,1
19434,202,0
19434,203,0
19435,1,1
19435,2,0
19435,3,1
19435,5,1
19435,6,1
19435,7,1
19435,29,1
19435,30,1
19435,31,0
19435,32,0
19435,33,0
19435,34,0
19435,35,0
19435,36,0
19435,37,0
19435,39,0
19435,40,0
19435,41,0
19435,49,1
19435,50,1
19435,52,1
19435,53,1
19435,54,1
19435,56,1
19435,57,1
19435,59,1
19435,60,1
19435,61,1
19435,63,1
19435,64,1
19435,65,1
19435,66,1
19435,67,1
19435,72,0
19435,73,1
19435,74,1
19435,82,1
19435,83,0
19435,84,0
19435,86,1
19435,87,1
19435,88,1
19435,90,1
19435,91,1
19435,92,1
19435,93,1
19435,147,1
19435,148,0
19435,149,0
19435,150,0
19435,194,0
19435,196,0
19435,197,0
19435,198,0
19435,200,0
19435,201,1
19435,202,0
19435,203,0
19436,1,1
19436,2,0
19436,3,1
19436,5,1
19436,6,1
19436,7,1
19436,9,0
19436,10,0
19436,11,1
19436,12,0
19436,49,1
19436,50,1
19436,52,1
19436,53,1
19436,54,1
19436,56,1
19436,57,1
19436,59,1
19436,60,1
19436,61,1
19436,63,1
19436,64,1
19436,65,1
19436,66,1
19436,67,1
19436,72,1
19436,73,1
19436,74,1
19436,82,1
19436,83,1
19436,84,1
19436,86,1
19436,87,1
19436,88,1
19436,90,1
19436,91,1
19436,92,1
19436,93,1
19436,147,1
19436,148,0
19436,149,0
19436,150,0
19436,194,0
19436,196,1
19436,197,0
19436,198,0
19436,200,0
19436,201,0
19436,202,1
19436,203,1
19437,1,1
19437,2,0
19437,3,1
19437,5,1
19437,6,1
19437,7,1
19437,29,1
19437,30,1
19437,31,0
19437,32,0
19437,33,0
19437,34,0
19437,35,0
19437,36,0
19437,37,0
19437,39,0
19437,40,0
19437,41,0
19437,49,1
19437,50,1
19437,52,1
19437,53,1
19437,54,1
19437,56,1
19437,57,1
19437,59,1
19437,60,1
19437,61,1
19437,63,0
19437,64,1
19437,65,1
19437,66,1
19437,67,1
19437,72,1
19437,73,1
19437,74,1
19437,82,1
19437,83,1
19437,84,1
19437,86,1
19437,87,1
19437,88,1
19437,90,1
19437,91,1
19437,92,1
19437,93,1
19437,147,1
19437,148,0
19437,149,0
19437,150,0
19437,194,0
19437,196,0
19437,197,0
19437,198,0
19437,200,0
19437,201,0
19437,202,0
19437,203,0
19702,1,1
19702,2,1
19702,3,0
19702,5,1
19702,6,1
19702,7,1
19702,29,1
19702,30,1
19702,31,0
19702,32,0
19702,33,0
19702,34,0
19702,35,0
19702,36,0
19702,37,0
19702,39,0
19702,40,0
19702,41,0
19702,49,1
19702,50,1
19702,52,1
19702,53,1
19702,54,1
19702,56,1
19702,57,1
19702,59,1
19702,60,1
19702,61,1
19702,63,1
19702,64,1
19702,65,1
19702,66,1
19702,67,1
19702,72,1
19702,73,1
19702,74,1
19702,82,1
19702,83,1
19702,84,1
19702,86,1
19702,87,1
19702,88,1
19702,90,1
19702,91,1
19702,92,1
19702,93,1
19702,147,1
19702,148,0
19702,149,0
19702,150,0
19702,194,0
19702,196,0
19702,197,0
19702,198,0
19702,200,0
19702,201,1
19702,202,0
19702,203,0
19704,1,1
19704,5,1
19704,6,1
19704,7,1
19704,147,1
19704,148,0
19704,149,0
19704,150,0
19704,194,0
19704,196,0
19704,197,0
19704,198,0
19704,200,0
19704,201,1
19704,202,0
19704,203,0
19708,1,1
19708,2,0
19708,3,1
19708,5,1
19708,6,1
19708,7,1
19708,147,1
19708,148,0
19708,149,0
19708,150,0
19708,194,0
19708,196,0
19708,197,0
19708,198,0
19708,200,0
19708,201,1
19708,202,0
19708,203,0
19716,1,1
19716,2,0
19716,3,1
19716,5,1
19716,6,1
19716,7,1
19716,9,1
19716,10,0
19716,11,0
19716,12,0
19716,29,0
19716,30,0
19716,31,0
19716,32,1
19716,33,0
19716,34,1
19716,35,0
19716,36,0
19716,37,0
19716,39,0
19716,40,0
19716,41,0
19716,72,1
19716,73,1
19716,74,1
19716,82,1
19716,83,1
19716,84,1
19716,86,1
19716,87,1
19716,88,1
19716,90,1
19716,91,1
19716,92,1
19716,93,1
19716,147,1
19716,148,0
19716,149,0
19716,150,0
19716,194,0
19716,196,0
19716,197,0
19716,198,0
19716,200,0
19716,201,0
19716,202,0
19716,203,0
19717,1,1
19717,2,1
19717,3,0
19717,5,1
19717,6,1
19717,7,1
19717,29,1
19717,32,0
19717,33,0
19717,34,0
19717,35,0
19717,36,0
19717,37,0
19717,39,0
19717,40,0
19717,41,0
19717,72,0
19717,73,1
19717,74,1
19717,82,1
19717,83,1
19717,84,1
19717,86,1
19717,87,1
19717,88,1
19717,90,1
19717,91,1
19717,92,0
19717,93,0
19717,147,1
19717,148,0
19717,149,0
19717,150,0
19717,194,0
19717,196,0
19717,197,0
19717,198,0
19717,200,0
19717,201,0
19717,202,0
19717,203,0
19721,1,1
19721,2,0
19721,3,1
19721,5,1
19721,6,1
19721,7,1
19721,49,1
19721,50,1
19721,52,1
19721,53,1
19721,54,1
19721,56,1
19721,57,1
19721,59,1
19721,60,1
19721,61,1
19721,63,1
19721,64,1
19721,65,1
19721,66,1
19721,67,1
19721,72,1
19721,73,1
19721,74,1
19721,82,1
19721,83,1
19721,84,1
19721,86,1
19721,87,1
19721,88,1
19721,90,1
19721,91,1
19721,92,1
19721,93,1
19721,147,1
19721,148,0
19721,149,0
19721,150,0
19721,194,0
19721,196,0
19721,197,0
19721,198,0
19721,200,0
19721,201,1
19721,202,0
19721,203,0
19723,1,1
19723,5,1
19723,6,1
19723,7,1
19723,29,1
19723,32,0
19723,33,0
19723,34,0
19723,35,0
19723,36,0
19723,37,0
19723,39,0
19723,40,0
19723,41,0
19723,49,0
19723,50,1
19723,52,1
19723,53,1
19723,54,1
19723,56,1
19723,57,1
19723,59,1
19723,60,1
19723,61,1
19723,63,1
19723,64,1
19723,65,1
19723,66,1
19723,67,1
19723,72,1
19723,73,1
19723,74,1
19723,82,1
19723,83,1
19723,84,1
19723,86,1
19723,87,1
19723,88,1
19723,90,1
19723,91,1
19723,92,1
19723,93,1
19723,147,1
19723,148,0
19723,149,0
19723,150,0
19723,194,0
19723,196,0
19723,197,0
19723,198,0
19723,200,0
19723,201,0
19723,202,0
19723,203,0
19727,1,1
19727,2,0
19727,3,1
19727,5,1
19727,6,1
19727,7,1
19727,29,1
19727,30,1
19727,31,0
19727,32,0
19727,33,0
19727,34,0
19727,35,0
19727,36,0
19727,37,0
19727,39,0
19727,40,0
19727,41,0
19727,49,1
19727,50,1
19727,52,1
19727,53,1
19727,54,1
19727,56,1
19727,57,1
19727,59,1
19727,60,1
19727,61,1
19727,63,1
19727,64,1
19727,65,1
19727,66,1
19727,67,1
19727,72,1
19727,73,1
19727,74,1
19727,82,1
19727,83,1
19727,84,1
19727,86,1
19727,87,1
19727,88,1
19727,90,1
19727,91,1
19727,92,1
19727,93,1
19727,147,1
19727,148,0
19727,149,0
19727,150,0
19727,194,0
19727,196,0
19727,197,0
19727,198,0
19727,200,0
19727,201,1
19727,202,0
19727,203,1
19730,1,1
19730,2,0
19730,3,1
19730,5,1
19730,6,1
19730,7,1
19730,9,0
19730,10,1
19730,11,0
19730,12,0
19730,29,0
19730,30,0
19730,31,0
19730,32,0
19730,33,0
19730,34,0
19730,35,0
19730,36,0
19730,37,0
19730,39,1
19730,49,1
19730,50,1
19730,52,1
19730,53,1
19730,54,1
19730,56,1
19730,57,1
19730,59,1
19730,60,1
19730,61,1
19730,63,1
19730,64,1
19730,65,1
19730,66,1
19730,67,1
19730,72,1
19730,73,1
19730,74,1
19730,82,1
19730,83,1
19730,84,1
19730,86,1
19730,87,1
19730,88,1
19730,90,1
19730,91,1
19730,92,0
19730,93,0
19730,147,0
19730,148,0
19730,149,0
19730,150,0
19730,152,1
19730,153,1
19730,154,0
19730,155,1
19730,157,0
19730,159,0
19730,160,0
19730,164,0
19730,170,1
19730,171,1
19730,172,0
19730,173,0
19730,174,1
19730,175,1
19730,176,0
19730,177,0
19730,178,0
19730,181,0
19730,182,0
19730,183,0
19730,184,0
19730,194,1
19730,196,1
19730,197,0
19730,198,0
19730,200,0
19730,201,1
19730,202,0
19730,203,0
19731,1,1
19731,2,0
19731,3,1
19731,5,1
19731,6,1
19731,7,1
19731,9,0
19731,10,0
19731,11,0
19731,12,1
19731,29,0
19731,30,0
19731,31,0
19731,32,0
19731,33,0
19731,34,0
19731,35,0
19731,36,0
19731,37,0
19731,39,1
19731,82,1
19731,83,1
19731,84,1
19731,86,1
19731,87,1
19731,88,1
19731,90,1
19731,91,1
19731,92,1
19731,93,1
19731,147,1
19731,148,0
19731,149,0
19731,150,0
19731,194,0
19731,196,0
19731,197,0
19731,198,0
19731,200,0
19731,201,1
19731,202,0
19731,203,0
19734,1,1
19734,2,0
19734,3,1
19734,5,1
19734,6,1
19734,7,1
19734,56,1
19734,57,1
19734,59,1
19734,60,1
19734,61,1
19734,63,1
19734,64,1
19734,65,1
19734,66,1
19734,67,1
19734,72,1
19734,73,1
19734,74,1
19734,82,1
19734,83,1
19734,84,1
19734,86,1
19734,87,1
19734,88,1
19734,90,1
19734,91,1
19734,92,1
19734,93,1
19734,147,1
19734,148,0
19734,149,0
19734,150,0
19734,194,0
19734,196,0
19734,197,0
19734,198,0
19734,200,0
19734,201,0
19734,202,0
19734,203,0
19735,1,1
19735,2,0
19735,3,1
19735,5,1
19735,6,1
19735,7,1
19735,49,1
19735,50,1
19735,52,1
19735,53,1
19735,54,1
19735,56,1
19735,57,1
19735,59,1
19735,60,1
19735,61,1
19735,63,1
19735,64,1
19735,65,1
19735,66,1
19735,67,1
19735,72,1
19735,73,1
19735,74,1
19735,82,1
19735,83,1
19735,84,1
19735,86,1
19735,87,1
19735,88,1
19735,90,1
19735,91,1
19735,92,1
19735,93,1
19735,147,1
19735,148,0
19735,149,0
19735,150,0
19735,194,0
19735,196,0
19735,197,0
19735,198,0
19735,200,0
19735,201,0
19735,202,0
19735,203,0
19736,1,1
19736,2,0
19736,3,1
19736,5,1
19736,6,1
19736,7,1
19736,56,1
19736,57,1
19736,59,1
19736,60,1
19736,61,1
19736,63,1
19736,64,1
19736,65,1
19736,66,1
19736,67,1
19736,72,1
19736,73,1
19736,74,1
19736,82,1
19736,83,1
19736,84,1
19736,86,1
19736,87,1
19736,88,1
19736,90,1
19736,91,1
19736,92,1
19736,93,1
19736,147,1
19736,148,0
19736,149,0
19736,150,0
19736,194,1
19736,196,0
19736,197,0
19736,198,0
19736,200,0
19736,201,1
19736,202,0
19736,203,0
19740,1,1
19740,2,0
19740,3,1
19740,5,1
19740,6,1
19740,7,1
19740,82,1
19740,83,1
19740,84,1
19740,86,1
19740,87,1
19740,88,1
19740,90,1
19740,91,1
19740,92,1
19740,93,1
19740,147,1
19740,148,0
19740,149,0
19740,150,0
19740,194,0
19740,196,0
19740,197,0
19740,198,0
19740,200,0
19740,201,1
19740,202,0
19740,203,0
19746,1,1
19746,2,0
19746,3,1
19746,5,1
19746,6,1
19746,7,1
19746,9,1
19746,10,0
19746,11,0
19746,12,0
19746,29,0
19746,30,0
19746,31,0
19746,32,1
19746,33,1
19746,34,0
19746,35,0
19746,36,0
19746,37,0
19746,39,0
19746,40,0
19746,41,0
19746,147,0
19746,148,1
19746,149,0
19746,150,0
19746,152,0
19746,153,0
19746,154,0
19746,155,0
19746,157,0
19746,159,0
19746,160,0
19746,164,0
19746,170,1
19746,171,1
19746,172,0
19746,173,0
19746,174,0
19746,175,1
19746,176,0
19746,177,0
19746,178,0
19746,181,0
19746,182,0
19746,183,0
19746,184,0
19746,194,0
19746,196,0
19746,197,0
19746,198,0
19746,200,0
19746,201,1
19746,202,0
19746,203,0
19747,1,1
19747,2,1
19747,3,0
19747,5,1
19747,6,1
19747,7,1
19747,9,0
19747,10,1
19747,11,0
19747,12,0
19747,29,0
19747,30,0
19747,31,0
19747,32,1
19747,33,1
19747,34,0
19747,35,0
19747,36,0
19747,37,0
19747,39,0
19747,40,0
19747,41,0
19747,49,1
19747,50,1
19747,52,1
19747,53,1
19747,54,1
19747,56,1
19747,57,1
19747,59,1
19747,60,1
19747,61,1
19747,63,1
19747,64,1
19747,65,1
19747,66,1
19747,67,1
19747,72,1
19747,73,1
19747,74,1
19747,82,1
19747,83,1
19747,84,1
19747,86,1
19747,87,1
19747,88,1
19747,90,1
19747,91,1
19747,92,1
19747,93,1
19747,147,1
19747,148,0
19747,149,0
19747,150,0
19747,194,0
19747,196,0
19747,197,0
19747,198,0
19747,200,0
19747,201,1
19747,202,0
19747,203,0
19759,1,1
19759,2,1
19759,3,0
19759,5,1
19759,6,1
19759,7,1
19759,49,1
19759,50,1
19759,52,1
19759,53,1
19759,54,1
19759,56,1
19759,57,1
19759,59,1
19759,60,1
19759,61,1
19759,63,1
19759,64,1
19759,65,1
19759,66,1
19759,67,1
19759,72,1
19759,73,1
19759,74,1
19759,82,1
19759,83,1
19759,84,1
19759,86,1
19759,87,1
19759,88,1
19759,90,1
19759,91,1
19759,92,1
19759,93,0
19759,147,1
19759,148,0
19759,149,0
19759,150,0
19759,194,1
19759,196,0
19759,197,0
19759,198,0
19759,200,0
19759,201,1
19759,202,0
19759,203,0
19760,1,1
19760,2,1
19760,3,0
19760,5,1
19760,6,1
19760,7,1
19760,29,1
19760,32,0
19760,33,0
19760,34,0
19760,35,0
19760,36,0
19760,37,0
19760,39,0
19760,40,0
19760,41,0
19760,49,0
19760,50,1
19760,52,1
19760,53,1
19760,54,1
19760,56,1
19760,57,1
19760,59,1
19760,60,1
19760,61,1
19760,63,1
19760,64,1
19760,65,1
19760,66,1
19760,67,1
19760,72,1
19760,73,1
19760,74,1
19760,82,1
19760,83,1
19760,84,1
19760,86,1
19760,87,1
19760,88,1
19760,90,1
19760,91,1
19760,92,1
19760,93,1
19760,147,1
19760,148,0
19760,149,0
19760,150,0
19760,194,0
19760,196,0
19760,197,0
19760,198,0
19760,200,0
19760,201,1
19760,202,0
19760,203,0
19763,1,1
19763,2,0
19763,3,1
19763,5,1
19763,6,1
19763,7,1
19763,9,0
19763,10,0
19763,11,0
19763,12,1
19763,49,1
19763,50,1
19763,52,1
19763,53,1
19763,54,1
19763,56,0
19763,57,1
19763,59,1
19763,60,1
19763,61,1
19763,63,1
19763,64,1
19763,65,1
19763,66,1
19763,67,1
19763,72,1
19763,73,1
19763,74,1
19763,82,1
19763,83,1
19763,84,1
19763,86,1
19763,87,1
19763,88,1
19763,90,1
19763,91,1
19763,92,1
19763,93,1
19763,147,0
19763,148,1
19763,149,0
19763,150,0
19763,152,0
19763,153,0
19763,154,0
19763,155,0
19763,157,0
19763,159,0
19763,160,0
19763,164,0
19763,170,1
19763,171,1
19763,172,0
19763,173,0
19763,174,0
19763,175,1
19763,176,0
19763,177,0
19763,178,0
19763,181,0
19763,182,0
19763,183,0
19763,184,0
19763,194,0
19763,196,1
19763,197,0
19763,198,0
19763,200,0
19763,201,1
19763,202,0
19763,203,0
19764,1,1
19764,2,0
19764,3,1
19764,5,1
19764,6,1
19764,7,1
19764,49,1
19764,50,1
19764,52,1
19764,53,1
19764,54,1
19764,56,1
19764,57,1
19764,59,1
19764,60,1
19764,61,1
19764,63,1
19764,64,1
19764,65,1
19764,66,1
19764,67,1
19764,72,1
19764,73,1
19764,74,1
19764,82,1
19764,83,1
19764,84,1
19764,86,1
19764,87,1
19764,88,1
19764,90,1
19764,91,1
19764,92,1
19764,93,1
19764,147,1
19764,148,0
19764,149,0
19764,150,0
19764,194,1
19764,196,1
19764,197,0
19764,198,0
19764,200,0
19764,201,1
19764,202,0
19764,203,0
19773,1,1
19773,2,0
19773,3,1
19773,5,1
19773,6,1
19773,7,1
19773,29,1
19773,30,1
19773,31,0
19773,32,0
19773,33,0
19773,34,0
19773,35,0
19773,36,0
19773,37,0
19773,39,0
19773,40,0
19773,41,0
19773,49,1
19773,50,1
19773,52,1
19773,53,1
19773,54,1
19773,56,1
19773,57,1
19773,59,1
19773,60,1
19773,61,1
19773,63,1
19773,64,1
19773,65,1
19773,66,1
19773,67,1
19773,72,1
19773,73,1
19773,74,1
19773,82,1
19773,83,1
19773,84,1
19773,86,1
19773,87,1
19773,88,1
19773,90,1
19773,91,1
19773,92,1
19773,93,1
19773,147,1
19773,148,0
19773,149,0
19773,150,0
19773,194,0
19773,196,0
19773,197,0
19773,198,0
19773,200,0
19773,201,1
19773,202,0
19773,203,0
19777,1,1
19777,2,0
19777,3,1
19777,5,1
19777,6,1
19777,7,1
19777,49,1
19777,50,1
19777,52,1
19777,53,1
19777,54,1
19777,56,1
19777,57,1
19777,59,1
19777,60,1
19777,61,1
19777,63,1
19777,64,1
19777,65,1
19777,66,1
19777,67,1
19777,72,1
19777,73,1
19777,74,1
19777,82,1
19777,83,1
19777,84,1
19777,86,1
19777,87,1
19777,88,1
19777,90,1
19777,91,1
19777,92,1
19777,93,0
19777,147,1
19777,148,0
19777,149,0
19777,150,0
19777,194,0
19777,196,0
19777,197,0
19777,198,0
19777,200,0
19777,201,0
19777,202,0
19777,203,0
19795,1,1
19795,5,1
19795,6,1
19795,7,1
19795,29,0
19795,30,0
19795,31,0
19795,32,0
19795,33,0
19795,34,0
19795,35,1
19795,36,1
19795,37,0
19795,39,0
19795,40,0
19795,41,0
19795,49,1
19795,50,1
19795,52,1
19795,53,1
19795,54,1
19795,56,1
19795,57,1
19795,59,1
19795,60,1
19795,61,1
19795,63,1
19795,64,1
19795,65,1
19795,66,1
19795,67,1
19795,72,1
19795,73,1
19795,74,1
19795,82,1
19795,83,1
19795,84,1
19795,86,1
19795,87,1
19795,88,1
19795,90,1
19795,91,1
19795,92,1
19795,93,1
19795,147,1
19795,148,0
19795,149,0
19795,150,0
19795,194,0
19795,196,0
19795,197,0
19795,198,0
19795,200,0
19795,201,0
19795,202,0
19795,203,0
19796,1,1
19796,2,0
19796,3,1
19796,5,1
19796,6,1
19796,7,1
19796,56,1
19796,57,1
19796,59,1
19796,60,1
19796,61,1
19796,63,1
19796,64,1
19796,65,1
19796,66,1
19796,67,1
19796,72,1
19796,73,1
19796,74,1
19796,82,1
19796,83,1
19796,84,1
19796,86,1
19796,87,1
19796,88,1
19796,90,1
19796,91,1
19796,92,1
19796,93,0
19796,147,1
19796,148,0
19796,149,0
19796,150,0
19796,194,0
19796,196,0
19796,197,0
19796,198,0
19796,200,0
19796,201,0
19796,202,0
19796,203,0
19797,1,1
19797,2,0
19797,3,1
19797,5,1
19797,6,1
19797,7,1
19797,49,1
19797,50,1
19797,52,1
19797,53,1
19797,54,1
19797,56,1
19797,57,1
19797,59,1
19797,60,1
19797,61,1
19797,63,1
19797,64,1
19797,65,1
19797,66,1
19797,67,1
19797,72,1
19797,73,1
19797,74,1
19797,82,1
19797,83,1
19797,84,1
19797,86,1
19797,87,1
19797,88,1
19797,90,1
19797,91,1
19797,92,1
19797,93,0
19797,147,1
19797,148,0
19797,149,0
19797,150,0
19797,194,0
19797,196,0
19797,197,0
19797,198,0
19797,200,0
19797,201,1
19797,202,0
19797,203,0
19805,1,1
19805,2,0
19805,3,1
19805,5,1
19805,6,1
19805,7,1
19805,29,1
19805,30,1
19805,31,0
19805,32,0
19805,33,0
19805,34,0
19805,35,0
19805,36,0
19805,37,0
19805,39,0
19805,40,0
19805,41,0
19805,49,1
19805,50,1
19805,52,1
19805,53,1
19805,54,1
19805,56,1
19805,57,1
19805,59,1
19805,60,1
19805,61,1
19805,63,1
19805,64,1
19805,65,1
19805,66,1
19805,67,1
19805,72,1
19805,73,1
19805,74,1
19805,82,1
19805,83,1
19805,84,1
19805,86,1
19805,87,1
19805,88,1
19805,90,1
19805,91,1
19805,92,1
19805,93,0
19805,147,1
19805,148,0
19805,149,0
19805,150,0
19805,194,0
19805,196,0
19805,197,0
19805,198,0
19805,200,0
19805,201,0
19805,202,0
19805,203,1
19806,1,1
19806,2,1
19806,3,0
19806,5,1
19806,6,1
19806,7,1
19806,9,0
19806,10,1
19806,11,0
19806,12,0
19806,49,1
19806,50,1
19806,52,1
19806,53,1
19806,54,1
19806,56,1
19806,57,1
19806,59,1
19806,60,1
19806,61,1
19806,63,1
19806,64,1
19806,65,1
19806,66,1
19806,67,1
19806,72,0
19806,73,0
19806,74,0
19806,82,1
19806,83,1
19806,84,1
19806,86,1
19806,87,1
19806,88,1
19806,90,1
19806,91,1
19806,92,0
19806,93,0
19806,147,1
19806,148,0
19806,149,0
19806,150,0
19806,194,0
19806,196,0
19806,197,0
19806,198,0
19806,200,0
19806,201,0
19806,202,1
19806,203,0
19815,1,1
19815,2,0
19815,3,1
19815,5,1
19815,6,1
19815,7,1
19815,29,1
19815,32,0
19815,33,0
19815,34,0
19815,35,0
19815,36,0
19815,37,0
19815,39,0
19815,40,0
19815,41,0
19815,49,1
19815,50,1
19815,52,1
19815,53,1
19815,54,1
19815,56,1
19815,57,1
19815,59,1
19815,60,1
19815,61,1
19815,63,1
19815,64,1
19815,65,1
19815,66,1
19815,67,1
19815,72,1
19815,73,1
19815,74,1
19815,82,1
19815,83,1
19815,84,1
19815,86,1
19815,87,1
19815,88,1
19815,90,1
19815,91,1
19815,92,1
19815,93,1
19815,147,1
19815,148,0
19815,149,0
19815,150,0
19815,194,0
19815,196,0
19815,197,0
19815,198,0
19815,200,0
19815,201,1
19815,202,0
19815,203,0
19823,1,1
19823,2,0
19823,3,1
19823,5,1
19823,6,1
19823,7,1
19823,29,0
19823,30,0
19823,31,0
19823,32,0
19823,33,0
19823,34,0
19823,35,0
19823,36,0
19823,37,0
19823,39,1
19823,49,0
19823,50,1
19823,52,1
19823,53,1
19823,54,1
19823,56,0
19823,57,1
19823,59,1
19823,60,1
19823,61,1
19823,63,1
19823,64,1
19823,65,1
19823,66,1
19823,67,1
19823,72,1
19823,73,1
19823,74,1
19823,82,1
19823,83,1
19823,84,1
19823,86,1
19823,87,1
19823,88,1
19823,90,1
19823,91,1
19823,92,1
19823,93,1
19823,147,1
19823,148,0
19823,149,0
19823,150,0
19823,194,0
19823,196,0
19823,197,0
19823,198,0
19823,200,0
19823,201,1
19823,202,0
19823,203,0
19834,1,1
19834,2,0
19834,3,1
19834,5,1
19834,6,1
19834,7,1
19834,9,1
19834,10,0
19834,11,0
19834,12,0
19834,29,1
19834,30,0
19834,31,0
19834,32,0
19834,33,0
19834,34,0
19834,35,1
19834,36,1
19834,37,0
19834,39,0
19834,40,0
19834,41,0
19834,147,1
19834,148,0
19834,149,0
19834,150,0
19834,194,0
19834,196,0
19834,197,0
19834,198,0
19834,200,0
19834,201,0
19834,202,0
19834,203,0
19838,1,1
19838,2,0
19838,3,1
19838,5,1
19838,6,1
19838,7,1
19838,9,1
19838,10,0
19838,11,0
19838,12,0
19838,29,1
19838,32,0
19838,33,0
19838,34,0
19838,35,0
19838,36,0
19838,37,0
19838,39,0
19838,40,0
19838,41,0
19838,49,1
19838,50,1
19838,52,1
19838,53,1
19838,54,1
19838,56,1
19838,57,1
19838,59,1
19838,60,1
19838,61,1
19838,63,1
19838,64,1
19838,65,1
19838,66,1
19838,67,1
19838,72,1
19838,73,1
19838,74,1
19838,82,1
19838,83,1
19838,84,1
19838,86,1
19838,87,1
19838,88,1
19838,90,1
19838,91,1
19838,92,1
19838,93,1
19838,147,1
19838,148,0
19838,149,0
19838,150,0
19838,194,0
19838,196,0
19838,197,0
19838,198,0
19838,200,0
19838,201,1
19838,202,0
19838,203,0
19842,1,1
19842,2,0
19842,3,1
19842,5,1
19842,6,1
19842,7,1
19842,49,1
19842,50,1
19842,52,1
19842,53,1
19842,54,1
19842,56,1
19842,57,1
19842,59,1
19842,60,1
19842,61,1
19842,63,0
19842,64,1
19842,65,1
19842,66,1
19842,67,1
19842,72,1
19842,73,1
19842,74,1
19842,82,1
19842,83,1
19842,84,1
19842,86,1
19842,87,1
19842,88,1
19842,90,1
19842,91,1
19842,92,1
19842,93,1
19842,147,1
19842,148,0
19842,149,0
19842,150,0
19842,194,0
19842,196,0
19842,197,0
19842,198,0
19842,200,0
19842,201,1
19842,202,0
19842,203,0
19845,1,1
19845,2,0
19845,3,1
19845,5,1
19845,6,1
19845,7,1
19845,29,0
19845,30,0
19845,31,0
19845,32,0
19845,33,0
19845,34,0
19845,35,1
19845,36,1
19845,37,0
19845,39,0
19845,40,0
19845,41,0
19845,56,1
19845,57,1
19845,59,1
19845,60,1
19845,61,1
19845,63,1
19845,64,1
19845,65,1
19845,66,1
19845,67,1
19845,72,1
19845,73,1
19845,74,1
19845,82,1
19845,83,1
19845,84,1
19845,86,1
19845,87,1
19845,88,1
19845,90,1
19845,91,1
19845,92,1
19845,93,1
19845,147,1
19845,148,0
19845,149,0
19845,150,0
19845,194,0
19845,196,0
19845,197,0
19845,198,0
19845,200,0
19845,201,1
19845,202,0
19845,203,0
19853,1,1
19853,2,0
19853,3,1
19853,5,1
19853,6,1
19853,7,1
19853,49,1
19853,50,1
19853,52,1
19853,53,1
19853,54,1
19853,56,1
19853,57,1
19853,59,1
19853,60,1
19853,61,1
19853,63,1
19853,64,1
19853,65,1
19853,66,1
19853,67,1
19853,72,1
19853,73,1
19853,74,1
19853,82,1
19853,83,1
19853,84,1
19853,86,1
19853,87,1
19853,88,1
19853,90,1
19853,91,1
19853,92,1
19853,93,1
19853,147,1
19853,148,0
19853,149,0
19853,150,0
19853,194,0
19853,196,0
19853,197,0
19853,198,0
19853,200,0
19853,201,0
19853,202,0
19853,203,0
20041,1,1
20041,2,0
20041,3,1
20041,5,1
20041,6,1
20041,7,1
20041,9,0
20041,10,0
20041,11,0
20041,12,1
20041,29,1
20041,32,0
20041,33,0
20041,34,0
20041,35,0
20041,36,0
20041,37,0
20041,39,0
20041,40,0
20041,41,0
20041,49,1
20041,50,1
20041,52,1
20041,53,1
20041,54,1
20041,56,1
20041,57,1
20041,59,1
20041,60,1
20041,61,1
20041,63,1
20041,64,1
20041,65,1
20041,66,1
20041,67,1
20041,72,0
20041,73,1
20041,74,1
20041,82,1
20041,83,1
20041,84,1
20041,86,1
20041,87,1
20041,88,1
20041,90,1
20041,91,1
20041,92,1
20041,93,1
20041,147,1
20041,148,0
20041,149,0
20041,150,0
20041,194,0
20041,196,0
20041,197,0
20041,198,0
20041,200,0
20041,201,1
20041,202,0
20041,203,0
20137,1,1
20137,2,1
20137,3,0
20137,5,1
20137,6,1
20137,7,1
20137,9,0
20137,10,0
20137,11,0
20137,12,0
20137,29,0
20137,30,0
20137,31,0
20137,32,0
20137,33,0
20137,34,0
20137,35,1
20137,36,1
20137,37,0
20137,39,0
20137,40,0
20137,41,0
20137,49,1
20137,50,1
20137,52,1
20137,53,1
20137,54,1
20137,56,0
20137,57,1
20137,59,1
20137,60,1
20137,61,1
20137,63,1
20137,64,1
20137,65,1
20137,66,1
20137,67,1
20137,72,1
20137,73,1
20137,74,1
20137,82,1
20137,83,1
20137,84,1
20137,86,1
20137,87,1
20137,88,1
20137,90,1
20137,91,1
20137,92,1
20137,93,1
20137,147,1
20137,148,0
20137,149,0
20137,150,0
20137,194,0
20137,196,0
20137,197,0
20137,198,0
20137,200,0
20137,201,0
20137,202,1
20137,203,1
20139,1,1
20139,2,0
20139,3,1
20139,5,1
20139,6,1
20139,7,1
20139,49,1
20139,50,1
20139,52,1
20139,53,1
20139,54,1
20139,56,1
20139,57,1
20139,59,1
20139,60,1
20139,61,1
20139,63,1
20139,64,1
20139,65,1
20139,66,1
20139,67,1
20139,72,1
20139,73,1
20139,74,1
20139,82,1
20139,83,1
20139,84,1
20139,86,1
20139,87,1
20139,88,1
20139,90,1
20139,91,1
20139,92,1
20139,93,1
20139,147,1
20139,148,0
20139,149,0
20139,150,0
20139,194,0
20139,196,0
20139,197,0
20139,198,0
20139,200,0
20139,201,1
20139,202,0
20139,203,0
20146,1,1
20146,2,1
20146,3,0
20146,5,1
20146,6,1
20146,7,1
20146,49,1
20146,50,1
20146,52,1
20146,53,1
20146,54,1
20146,56,1
20146,57,1
20146,59,1
20146,60,1
20146,61,1
20146,63,1
20146,64,1
20146,65,1
20146,66,1
20146,67,1
20146,72,1
20146,73,1
20146,74,1
20146,82,1
20146,83,1
20146,84,1
20146,86,1
20146,87,1
20146,88,1
20146,90,1
20146,91,1
20146,92,1
20146,93,1
20146,147,1
20146,148,0
20146,149,0
20146,150,0
20146,194,0
20146,196,0
20146,197,0
20146,198,0
20146,200,0
20146,201,0
20146,202,0
20146,203,0
20162,1,1
20162,2,1
20162,3,0
20162,5,1
20162,6,1
20162,7,1
20162,29,0
20162,30,0
20162,31,0
20162,32,0
20162,33,0
20162,34,0
20162,35,1
20162,39,0
20162,40,0
20162,41,0
20162,49,1
20162,50,1
20162,52,1
20162,53,1
20162,54,1
20162,56,1
20162,57,1
20162,59,1
20162,60,1
20162,61,1
20162,63,1
20162,64,1
20162,65,1
20162,66,1
20162,67,1
20162,72,1
20162,73,1
20162,74,1
20162,82,1
20162,83,1
20162,84,1
20162,86,1
20162,87,1
20162,88,1
20162,90,1
20162,91,1
20162,92,1
20162,93,1
20162,147,1
20162,148,0
20162,149,0
20162,150,0
20162,194,0
20162,196,0
20162,197,0
20162,198,0
20162,200,0
20162,201,1
20162,202,0
20162,203,0
20164,1,1
20164,2,0
20164,3,1
20164,5,1
20164,6,1
20164,7,1
20164,49,1
20164,50,1
20164,52,1
20164,53,1
20164,54,1
20164,56,0
20164,57,1
20164,59,1
20164,60,1
20164,61,1
20164,63,1
20164,64,1
20164,65,1
20164,66,1
20164,67,1
20164,72,1
20164,73,1
20164,74,1
20164,82,1
20164,83,1
20164,84,1
20164,86,1
20164,87,1
20164,88,1
20164,90,1
20164,91,1
20164,92,1
20164,93,1
20164,147,1
20164,148,0
20164,149,0
20164,150,0
20164,194,1
20164,196,0
20164,197,0
20164,198,0
20164,200,0
20164,201,1
20164,202,0
20164,203,0
20170,1,1
20170,2,0
20170,3,1
20170,5,1
20170,6,1
20170,7,1
20170,147,1
20170,148,0
20170,149,0
20170,150,0
20170,194,0
20170,196,0
20170,197,0
20170,198,0
20170,200,0
20170,201,0
20170,202,0
20170,203,0
20172,1,1
20172,2,0
20172,3,1
20172,5,1
20172,6,1
20172,7,1
20172,49,1
20172,50,1
20172,52,1
20172,53,1
20172,54,1
20172,56,1
20172,57,1
20172,59,1
20172,60,1
20172,61,1
20172,63,1
20172,64,1
20172,65,1
20172,66,1
20172,67,1
20172,72,1
20172,73,1
20172,74,1
20172,82,1
20172,83,1
20172,84,1
20172,86,1
20172,87,1
20172,88,1
20172,90,1
20172,91,1
20172,92,1
20172,93,1
20172,147,1
20172,148,0
20172,149,0
20172,150,0
20172,194,0
20172,196,1
20172,197,0
20172,198,0
20172,200,0
20172,201,0
20172,202,0
20172,203,0
20173,1,1
20173,2,1
20173,3,0
20173,5,1
20173,6,1
20173,7,1
20173,29,0
20173,30,0
20173,31,0
20173,32,0
20173,33,0
20173,34,0
20173,35,0
20173,36,0
20173,37,0
20173,39,0
20173,40,0
20173,41,0
20173,49,1
20173,50,1
20173,52,1
20173,53,1
20173,54,1
20173,56,1
20173,57,1
20173,59,1
20173,60,1
20173,61,1
20173,63,1
20173,64,1
20173,65,1
20173,66,1
20173,67,1
20173,72,1
20173,73,1
20173,74,1
20173,82,1
20173,83,1
20173,84,1
20173,86,1
20173,87,1
20173,88,1
20173,90,1
20173,91,1
20173,92,1
20173,93,1
20173,147,1
20173,148,0
20173,149,0
20173,150,0
20173,194,0
20173,196,0
20173,197,0
20173,198,0
20173,200,0
20173,201,1
20173,202,1
20173,203,0
20174,1,1
20174,2,0
20174,3,1
20174,5,1
20174,6,1
20174,7,1
20174,29,1
20174,30,1
20174,31,0
20174,32,0
20174,33,0
20174,34,0
20174,35,0
20174,36,0
20174,37,0
20174,39,0
20174,40,0
20174,41,0
20174,49,1
20174,50,1
20174,52,1
20174,53,1
20174,54,1
20174,56,1
20174,57,1
20174,59,1
20174,60,1
20174,61,1
20174,63,1
20174,64,1
20174,65,1
20174,66,1
20174,67,1
20174,72,1
20174,73,1
20174,74,1
20174,82,1
20174,83,1
20174,84,1
20174,86,1
20174,87,1
20174,88,1
20174,90,1
20174,91,1
20174,92,1
20174,93,1
20174,147,1
20174,148,0
20174,149,0
20174,150,0
20174,194,0
20174,196,0
20174,197,0
20174,198,0
20174,200,0
20174,201,1
20174,202,0
20174,203,0
20266,1,1
20266,2,0
20266,3,1
20266,5,1
20266,6,1
20266,7,1
20266,9,1
20266,10,0
20266,11,0
20266,12,0
20266,29,1
20266,30,0
20266,31,1
20266,32,0
20266,33,0
20266,34,0
20266,35,0
20266,36,0
20266,37,0
20266,39,0
20266,40,0
20266,41,0
20266,49,1
20266,50,1
20266,52,1
20266,53,1
20266,54,1
20266,56,1
20266,57,1
20266,59,1
20266,60,1
20266,61,1
20266,63,1
20266,64,1
20266,65,1
20266,66,1
20266,67,1
20266,72,1
20266,73,1
20266,74,1
20266,82,1
20266,83,1
20266,84,1
20266,86,1
20266,87,1
20266,88,1
20266,90,1
20266,91,1
20266,92,1
20266,93,1
20266,147,1
20266,148,0
20266,149,0
20266,150,0
20266,194,0
20266,196,0
20266,197,0
20266,198,0
20266,200,0
20266,201,1
20266,202,0
20266,203,0
20267,1,1
20267,2,0
20267,3,1
20267,5,1
20267,6,1
20267,7,1
20267,49,0
20267,50,0
20267,52,1
20267,53,1
20267,54,1
20267,56,0
20267,57,1
20267,59,1
20267,60,1
20267,61,1
20267,63,1
20267,64,1
20267,65,1
20267,66,1
20267,67,1
20267,72,1
20267,73,1
20267,74,1
20267,82,1
20267,83,1
20267,84,1
20267,90,1
20267,91,1
20267,92,1
20267,93,0
20267,147,1
20267,148,0
20267,149,0
20267,150,0
20267,194,0
20267,196,0
20267,197,0
20267,198,0
20267,200,0
20267,201,1
20267,202,0
20267,203,0
20274,1,1
20274,2,0
20274,3,1
20274,5,1
20274,6,1
20274,7,1
20274,49,1
20274,50,1
20274,52,1
20274,53,1
20274,54,1
20274,56,1
20274,57,1
20274,59,1
20274,60,1
20274,61,1
20274,63,1
20274,64,1
20274,65,1
20274,66,1
20274,67,1
20274,72,1
20274,73,1
20274,74,1
20274,82,1
20274,83,1
20274,84,1
20274,86,1
20274,87,1
20274,88,1
20274,90,1
20274,91,1
20274,92,1
20274,93,1
20274,147,1
20274,148,0
20274,149,0
20274,150,0
20274,194,0
20274,196,0
20274,197,0
20274,198,0
20274,200,0
20274,201,1
20274,202,0
20274,203,0
20276,1,1
20276,2,0
20276,3,1
20276,5,1
20276,6,1
20276,7,1
20276,72,1
20276,73,1
20276,74,1
20276,82,1
20276,83,1
20276,84,1
20276,86,1
20276,87,1
20276,88,1
20276,90,1
20276,91,1
20276,92,1
20276,93,1
20276,147,1
20276,148,0
20276,149,0
20276,150,0
20276,194,0
20276,196,0
20276,197,0
20276,198,0
20276,200,0
20276,201,0
20276,202,0
20276,203,0
20281,1,1
20281,2,0
20281,3,1
20281,5,1
20281,6,1
20281,7,1
20281,29,0
20281,30,0
20281,31,0
20281,32,0
20281,33,0
20281,34,0
20281,35,0
20281,36,0
20281,37,0
20281,39,1
20281,49,1
20281,50,1
20281,52,1
20281,53,1
20281,54,1
20281,56,1
20281,57,1
20281,59,1
20281,60,1
20281,61,1
20281,63,1
20281,64,1
20281,65,1
20281,66,1
20281,67,1
20281,72,1
20281,73,1
20281,74,1
20281,82,1
20281,83,1
20281,84,1
20281,86,1
20281,87,1
20281,88,1
20281,90,1
20281,91,1
20281,92,1
20281,93,1
20281,147,0
20281,148,1
20281,149,0
20281,150,0
20281,152,1
20281,153,0
20281,154,0
20281,155,0
20281,157,0
20281,159,0
20281,160,0
20281,164,0
20281,170,0
20281,171,0
20281,172,0
20281,173,0
20281,174,0
20281,175,0
20281,176,0
20281,177,0
20281,178,0
20281,181,0
20281,182,0
20281,183,0
20281,184,0
20281,194,0
20281,196,0
20281,197,0
20281,198,0
20281,200,0
20281,201,1
20281,202,0
20281,203,0
20284,1,1
20284,2,0
20284,3,1
20284,5,1
20284,6,1
20284,7,1
20284,29,1
20284,32,0
20284,33,0
20284,34,0
20284,35,0
20284,36,0
20284,37,0
20284,39,0
20284,40,0
20284,41,0
20284,49,1
20284,50,1
20284,52,1
20284,53,1
20284,54,1
20284,56,1
20284,57,1
20284,59,1
20284,60,1
20284,61,1
20284,63,1
20284,64,1
20284,65,1
20284,66,1
20284,67,1
20284,72,1
20284,73,1
20284,74,1
20284,82,1
20284,83,1
20284,84,1
20284,86,1
20284,87,1
20284,88,1
20284,90,1
20284,91,1
20284,92,1
20284,93,1
20284,147,1
20284,148,0
20284,149,0
20284,150,0
20284,194,0
20284,196,0
20284,197,0
20284,198,0
20284,200,0
20284,201,0
20284,202,0
20284,203,0
20288,1,1
20288,2,0
20288,3,1
20288,5,1
20288,6,1
20288,7,1
20288,29,1
20288,30,0
20288,31,1
20288,32,0
20288,33,0
20288,34,0
20288,35,0
20288,36,0
20288,37,0
20288,39,0
20288,40,0
20288,41,0
20288,49,1
20288,50,1
20288,52,1
20288,53,1
20288,54,1
20288,56,1
20288,57,1
20288,59,1
20288,60,1
20288,61,1
20288,63,1
20288,64,1
20288,65,1
20288,66,1
20288,67,1
20288,72,1
20288,73,1
20288,74,1
20288,82,1
20288,83,1
20288,84,1
20288,86,1
20288,87,1
20288,88,1
20288,90,1
20288,91,1
20288,92,1
20288,93,1
20288,147,1
20288,148,0
20288,149,0
20288,150,0
20288,194,0
20288,196,0
20288,197,0
20288,198,0
20288,200,0
20288,201,1
20288,202,1
20288,203,0
20289,1,1
20289,2,0
20289,3,1
20289,5,1
20289,6,1
20289,7,1
20289,49,1
20289,50,1
20289,52,1
20289,53,1
20289,54,1
20289,56,1
20289,57,1
20289,59,1
20289,60,1
20289,61,1
20289,63,1
20289,64,1
20289,65,1
20289,66,1
20289,67,1
20289,72,1
20289,73,1
20289,74,1
20289,82,1
20289,83,1
20289,84,1
20289,86,1
20289,87,1
20289,88,1
20289,90,1
20289,91,1
20289,92,1
20289,93,1
20289,147,1
20289,148,0
20289,149,0
20289,150,0
20289,194,0
20289,196,0
20289,197,0
20289,198,0
20289,200,0
20289,201,0
20289,202,0
20289,203,0
20293,1,1
20293,2,0
20293,3,1
20293,5,1
20293,6,1
20293,7,1
20293,49,1
20293,50,1
20293,52,1
20293,53,1
20293,54,1
20293,56,1
20293,57,1
20293,59,1
20293,60,1
20293,61,1
20293,63,1
20293,64,1
20293,65,1
20293,66,1
20293,67,1
20293,72,1
20293,73,1
20293,74,1
20293,82,1
20293,83,1
20293,84,1
20293,86,1
20293,87,1
20293,88,1
20293,90,1
20293,91,1
20293,92,1
20293,93,0
20293,147,1
20293,148,0
20293,149,0
20293,150,0
20293,194,0
20293,196,0
20293,197,0
20293,198,0
20293,200,0
20293,201,1
20293,202,0
20293,203,0
20295,1,1
20295,2,0
20295,3,1
20295,5,1
20295,6,1
20295,7,1
20295,49,1
20295,50,1
20295,52,1
20295,53,1
20295,54,1
20295,56,1
20295,57,1
20295,59,1
20295,60,1
20295,61,1
20295,63,1
20295,64,1
20295,65,1
20295,66,1
20295,67,1
20295,72,1
20295,73,1
20295,74,1
20295,82,1
20295,83,1
20295,84,1
20295,86,1
20295,87,1
20295,88,1
20295,90,1
20295,91,1
20295,92,1
20295,93,1
20295,147,1
20295,148,0
20295,149,0
20295,150,0
20295,194,0
20295,196,0
20295,197,0
20295,198,0
20295,200,0
20295,201,1
20295,202,0
20295,203,0
20298,1,1
20298,2,0
20298,3,1
20298,5,1
20298,6,1
20298,7,1
20298,49,1
20298,50,1
20298,52,1
20298,53,1
20298,54,1
20298,56,1
20298,57,1
20298,59,1
20298,60,1
20298,61,1
20298,63,1
20298,64,1
20298,65,1
20298,66,1
20298,67,1
20298,72,1
20298,73,1
20298,74,1
20298,82,1
20298,83,1
20298,84,1
20298,86,1
20298,87,1
20298,88,1
20298,90,1
20298,91,1
20298,92,1
20298,93,1
20298,147,1
20298,148,0
20298,149,0
20298,150,0
20298,194,0
20298,196,0
20298,197,0
20298,198,0
20298,200,0
20298,201,1
20298,202,0
20298,203,0
20308,1,1
20308,2,0
20308,3,1
20308,5,1
20308,6,1
20308,7,1
20308,72,0
20308,73,0
20308,74,1
20308,82,1
20308,83,1
20308,84,1
20308,86,1
20308,87,1
20308,88,1
20308,90,1
20308,91,1
20308,92,1
20308,93,0
20308,147,1
20308,148,0
20308,149,0
20308,150,0
20308,194,0
20308,196,0
20308,197,0
20308,198,0
20308,200,0
20308,201,0
20308,202,1
20308,203,0
20309,1,1
20309,2,0
20309,3,1
20309,5,1
20309,6,1
20309,7,1
20309,29,1
20309,30,1
20309,31,0
20309,32,0
20309,33,0
20309,34,0
20309,35,0
20309,36,0
20309,37,0
20309,39,0
20309,40,0
20309,41,0
20309,49,0
20309,50,1
20309,52,1
20309,53,1
20309,54,1
20309,56,0
20309,57,0
20309,59,1
20309,60,1
20309,61,1
20309,63,1
20309,64,1
20309,65,1
20309,66,1
20309,67,1
20309,72,0
20309,73,1
20309,74,1
20309,82,1
20309,83,1
20309,84,1
20309,86,1
20309,87,1
20309,88,1
20309,90,1
20309,91,1
20309,92,1
20309,93,1
20309,147,1
20309,148,0
20309,149,0
20309,150,0
20309,194,0
20309,196,1
20309,197,0
20309,198,0
20309,200,0
20309,201,1
20309,202,0
20309,203,0
20312,1,1
20312,2,0
20312,3,1
20312,5,1
20312,6,1
20312,7,1
20312,147,1
20312,148,0
20312,149,0
20312,150,0
20312,194,0
20312,196,0
20312,197,0
20312,198,0
20312,200,0
20312,201,0
20312,202,0
20312,203,0
20314,1,1
20314,2,0
20314,3,1
20314,5,1
20314,6,1
20314,7,1
20314,49,0
20314,50,0
20314,52,1
20314,53,1
20314,54,1
20314,56,1
20314,57,1
20314,59,1
20314,60,1
20314,61,1
20314,63,0
20314,64,0
20314,65,0
20314,66,0
20314,67,0
20314,72,1
20314,73,1
20314,74,1
20314,82,1
20314,83,1
20314,84,1
20314,86,1
20314,87,1
20314,88,1
20314,90,1
20314,91,1
20314,92,1
20314,93,1
20314,147,1
20314,148,0
20314,149,0
20314,150,0
20314,194,0
20314,196,0
20314,197,0
20314,198,0
20314,200,0
20314,201,0
20314,202,0
20314,203,0
20315,1,1
20315,2,0
20315,3,1
20315,5,1
20315,6,1
20315,7,1
20315,49,1
20315,50,1
20315,52,1
20315,53,1
20315,54,1
20315,56,1
20315,57,1
20315,59,1
20315,60,1
20315,61,1
20315,63,1
20315,64,1
20315,65,1
20315,66,1
20315,67,1
20315,72,1
20315,73,1
20315,74,1
20315,82,1
20315,83,1
20315,84,1
20315,86,1
20315,87,1
20315,88,1
20315,90,1
20315,91,1
20315,92,1
20315,93,1
20315,147,1
20315,148,0
20315,149,0
20315,150,0
20315,194,0
20315,196,0
20315,197,0
20315,198,0
20315,200,0
20315,201,1
20315,202,0
20315,203,0
20325,1,1
20325,2,0
20325,3,1
20325,5,1
20325,6,1
20325,7,1
20325,56,1
20325,57,1
20325,59,1
20325,60,1
20325,61,1
20325,63,1
20325,64,1
20325,65,1
20325,66,1
20325,67,1
20325,72,0
20325,73,1
20325,74,1
20325,82,1
20325,83,1
20325,84,1
20325,86,1
20325,87,1
20325,88,1
20325,90,1
20325,91,1
20325,92,0
20325,93,0
20325,147,1
20325,148,0
20325,149,0
20325,150,0
20325,194,0
20325,196,0
20325,197,0
20325,198,0
20325,200,0
20325,201,1
20325,202,0
20325,203,0
20326,1,1
20326,2,1
20326,3,0
20326,5,1
20326,6,1
20326,7,1
20326,49,1
20326,50,1
20326,52,1
20326,53,1
20326,54,1
20326,56,1
20326,57,1
20326,59,1
20326,60,1
20326,61,1
20326,63,1
20326,64,1
20326,65,1
20326,66,1
20326,67,1
20326,72,1
20326,73,1
20326,74,1
20326,82,1
20326,83,1
20326,84,1
20326,86,1
20326,87,1
20326,88,1
20326,90,1
20326,91,1
20326,92,1
20326,93,0
20326,147,1
20326,148,0
20326,149,0
20326,150,0
20326,194,0
20326,196,0
20326,197,0
20326,198,0
20326,200,0
20326,201,0
20326,202,0
20326,203,0
20330,1,1
20330,2,0
20330,3,1
20330,5,1
20330,6,1
20330,7,1
20330,29,0
20330,30,0
20330,31,0
20330,32,0
20330,33,0
20330,34,0
20330,35,0
20330,36,0
20330,37,0
20330,39,1
20330,49,1
20330,50,1
20330,52,1
20330,53,1
20330,54,1
20330,56,1
20330,57,1
20330,59,1
20330,60,1
20330,61,1
20330,63,1
20330,64,1
20330,65,1
20330,66,1
20330,67,1
20330,72,1
20330,73,1
20330,74,1
20330,82,1
20330,83,1
20330,84,1
20330,86,1
20330,87,1
20330,88,1
20330,90,1
20330,91,1
20330,92,1
20330,93,1
20330,147,1
20330,148,0
20330,149,0
20330,150,0
20330,194,0
20330,196,0
20330,197,0
20330,198,0
20330,200,0
20330,201,1
20330,202,0
20330,203,0
20332,1,1
20332,2,1
20332,3,0
20332,5,1
20332,6,1
20332,7,1
20332,147,1
20332,148,0
20332,149,0
20332,150,0
20332,194,0
20332,196,0
20332,197,0
20332,198,0
20332,200,0
20332,201,0
20332,202,0
20332,203,0
20337,1,1
20337,2,0
20337,3,1
20337,5,1
20337,6,1
20337,7,1
20337,56,1
20337,57,1
20337,59,1
20337,60,1
20337,61,1
20337,63,1
20337,64,1
20337,65,1
20337,66,1
20337,67,1
20337,72,0
20337,73,1
20337,74,1
20337,82,1
20337,83,1
20337,84,1
20337,86,1
20337,87,1
20337,88,1
20337,90,1
20337,91,1
20337,92,1
20337,93,0
20337,147,1
20337,148,0
20337,149,0
20337,150,0
20337,194,0
20337,196,0
20337,197,0
20337,198,0
20337,200,0
20337,201,0
20337,202,0
20337,203,0
20345,1,1
20345,2,0
20345,3,1
20345,5,1
20345,6,1
20345,7,1
20345,29,0
20345,30,0
20345,31,0
20345,32,0
20345,33,0
20345,34,0
20345,35,0
20345,36,0
20345,37,0
20345,39,1
20345,49,1
20345,50,1
20345,52,1
20345,53,1
20345,54,1
20345,56,1
20345,57,1
20345,59,1
20345,60,1
20345,61,1
20345,63,1
20345,64,1
20345,65,1
20345,66,1
20345,67,1
20345,72,1
20345,73,1
20345,74,1
20345,82,1
20345,83,1
20345,84,1
20345,86,1
20345,87,1
20345,88,1
20345,90,1
20345,91,1
20345,92,1
20345,93,1
20345,147,1
20345,148,0
20345,149,0
20345,150,0
20345,194,0
20345,196,0
20345,197,0
20345,198,0
20345,200,0
20345,201,1
20345,202,0
20345,203,0
20349,1,1
20349,5,1
20349,6,1
20349,7,1
20349,72,1
20349,73,1
20349,74,1
20349,82,1
20349,83,1
20349,84,1
20349,86,1
20349,87,1
20349,88,1
20349,90,1
20349,91,1
20349,92,1
20349,93,1
20349,147,1
20349,148,0
20349,149,0
20349,150,0
20349,194,0
20349,196,0
20349,197,0
20349,198,0
20349,200,0
20349,201,0
20349,202,0
20349,203,0
20350,1,1
20350,2,0
20350,3,1
20350,5,1
20350,6,1
20350,7,1
20350,9,1
20350,10,0
20350,11,0
20350,12,0
20350,29,1
20350,30,1
20350,31,1
20350,32,0
20350,33,0
20350,34,0
20350,35,0
20350,36,0
20350,37,0
20350,39,0
20350,40,0
20350,41,0
20350,49,1
20350,50,1
20350,52,1
20350,53,1
20350,54,1
20350,56,1
20350,57,1
20350,59,1
20350,60,1
20350,61,1
20350,63,1
20350,64,1
20350,65,1
20350,66,1
20350,67,1
20350,72,1
20350,73,1
20350,74,1
20350,82,1
20350,83,1
20350,84,1
20350,86,1
20350,87,1
20350,88,1
20350,90,1
20350,91,1
20350,92,1
20350,93,1
20350,147,0
20350,148,1
20350,149,0
20350,150,0
20350,152,1
20350,153,1
20350,154,1
20350,155,0
20350,157,0
20350,159,0
20350,160,0
20350,164,0
20350,170,0
20350,171,0
20350,172,0
20350,173,0
20350,174,0
20350,175,0
20350,176,0
20350,177,0
20350,178,0
20350,181,0
20350,182,0
20350,183,0
20350,184,0
20350,194,0
20350,196,0
20350,197,0
20350,198,0
20350,200,0
20350,201,0
20350,202,0
20350,203,0
20352,1,1
20352,2,0
20352,3,1
20352,5,1
20352,6,1
20352,7,1
20352,9,1
20352,10,0
20352,11,0
20352,12,0
20352,49,1
20352,50,1
20352,52,1
20352,53,1
20352,54,1
20352,56,1
20352,57,1
20352,59,1
20352,60,1
20352,61,1
20352,63,1
20352,64,1
20352,65,1
20352,66,1
20352,67,1
20352,72,1
20352,73,1
20352,74,1
20352,82,1
20352,83,1
20352,84,1
20352,86,1
20352,87,1
20352,88,1
20352,90,1
20352,91,1
20352,92,1
20352,93,1
20352,147,0
20352,148,1
20352,149,0
20352,150,0
20352,152,1
20352,153,1
20352,154,0
20352,155,1
20352,157,0
20352,159,0
20352,160,0
20352,164,0
20352,170,0
20352,171,0
20352,172,0
20352,173,0
20352,174,0
20352,175,0
20352,176,0
20352,177,0
20352,178,0
20352,181,0
20352,182,0
20352,183,0
20352,184,0
20352,194,0
20352,196,0
20352,197,0
20352,198,0
20352,200,0
20352,201,1
20352,202,0
20352,203,0
20355,1,1
20355,2,0
20355,3,1
20355,5,1
20355,6,1
20355,7,1
20355,9,0
20355,10,0
20355,11,1
20355,12,0
20355,49,1
20355,50,1
20355,52,1
20355,53,1
20355,54,1
20355,56,1
20355,57,1
20355,59,1
20355,60,1
20355,61,1
20355,63,1
20355,64,1
20355,65,1
20355,66,1
20355,67,1
20355,72,1
20355,73,1
20355,74,1
20355,82,1
20355,83,1
20355,84,1
20355,86,1
20355,87,1
20355,88,1
20355,90,1
20355,91,1
20355,92,1
20355,93,1
20355,147,1
20355,148,0
20355,149,0
20355,150,0
20355,194,0
20355,196,0
20355,197,0
20355,198,0
20355,200,0
20355,201,0
20355,202,0
20355,203,0
20356,1,1
20356,2,0
20356,3,1
20356,5,1
20356,6,1
20356,7,1
20356,29,1
20356,32,0
20356,33,0
20356,34,0
20356,35,0
20356,36,0
20356,37,0
20356,39,0
20356,40,0
20356,41,0
20356,49,1
20356,50,1
20356,52,1
20356,53,1
20356,54,1
20356,56,1
20356,57,1
20356,59,1
20356,60,1
20356,61,1
20356,63,1
20356,64,1
20356,65,1
20356,66,1
20356,67,1
20356,72,1
20356,73,1
20356,74,1
20356,82,1
20356,83,1
20356,84,1
20356,86,1
20356,87,1
20356,88,1
20356,90,1
20356,91,1
20356,92,1
20356,93,0
20356,147,1
20356,148,0
20356,149,0
20356,150,0
20356,194,0
20356,196,0
20356,197,0
20356,198,0
20356,200,0
20356,201,1
20356,202,0
20356,203,0
20360,1,1
20360,2,0
20360,3,1
20360,5,1
20360,6,1
20360,7,1
20360,49,1
20360,50,1
20360,52,1
20360,53,1
20360,54,1
20360,56,1
20360,57,1
20360,59,1
20360,60,1
20360,61,1
20360,63,1
20360,64,1
20360,65,1
20360,66,1
20360,67,1
20360,72,1
20360,73,1
20360,74,1
20360,82,1
20360,83,1
20360,84,1
20360,86,1
20360,87,1
20360,88,1
20360,90,1
20360,91,1
20360,92,1
20360,93,1
20360,147,1
20360,148,0
20360,149,0
20360,150,0
20360,194,0
20360,196,0
20360,197,0
20360,198,0
20360,200,0
20360,201,0
20360,202,0
20360,203,0
20368,1,1
20368,2,0
20368,3,1
20368,5,1
20368,6,1
20368,7,1
20368,49,1
20368,50,1
20368,52,1
20368,53,1
20368,54,1
20368,56,1
20368,57,1
20368,59,1
20368,60,1
20368,61,1
20368,63,1
20368,64,1
20368,65,1
20368,66,1
20368,67,1
20368,72,1
20368,73,1
20368,74,1
20368,82,1
20368,83,1
20368,84,0
20368,86,1
20368,87,1
20368,88,1
20368,90,1
20368,91,1
20368,92,1
20368,93,1
20368,147,1
20368,148,0
20368,149,0
20368,150,0
20368,194,0
20368,196,0
20368,197,0
20368,198,0
20368,200,0
20368,201,1
20368,202,0
20368,203,0
20369,1,1
20369,2,1
20369,3,0
20369,5,1
20369,6,1
20369,7,1
20369,49,1
20369,50,1
20369,52,1
20369,53,1
20369,54,1
20369,56,1
20369,57,1
20369,59,1
20369,60,1
20369,61,1
20369,63,1
20369,64,1
20369,65,1
20369,66,1
20369,67,1
20369,72,1
20369,73,1
20369,74,1
20369,82,1
20369,83,1
20369,84,1
20369,86,1
20369,87,1
20369,88,1
20369,90,1
20369,91,1
20369,92,1
20369,93,1
20369,147,1
20369,148,0
20369,149,0
20369,150,0
20369,194,0
20369,196,0
20369,197,0
20369,198,0
20369,200,0
20369,201,1
20369,202,0
20369,203,0
20483,1,1
20483,2,1
20483,3,0
20483,5,1
20483,6,1
20483,7,1
20483,9,0
20483,10,0
20483,11,0
20483,12,1
20483,29,0
20483,30,0
20483,31,0
20483,32,0
20483,33,0
20483,34,0
20483,35,0
20483,36,0
20483,37,0
20483,39,1
20483,49,1
20483,50,1
20483,52,1
20483,53,1
20483,54,1
20483,56,1
20483,57,1
20483,59,1
20483,60,1
20483,61,1
20483,63,1
20483,64,1
20483,65,1
20483,66,1
20483,67,1
20483,72,0
20483,73,1
20483,74,1
20483,82,1
20483,83,1
20483,84,1
20483,86,1
20483,87,1
20483,88,1
20483,90,0
20483,91,0
20483,92,0
20483,93,0
20483,147,0
20483,148,1
20483,149,0
20483,150,0
20483,152,1
20483,153,1
20483,154,0
20483,155,1
20483,157,0
20483,159,0
20483,160,0
20483,164,0
20483,170,0
20483,171,0
20483,172,0
20483,173,0
20483,174,0
20483,175,0
20483,176,0
20483,177,0
20483,178,0
20483,181,0
20483,182,0
20483,183,0
20483,184,0
20483,194,1
20483,196,1
20483,197,0
20483,198,0
20483,200,0
20483,201,1
20483,202,1
20483,203,0
20627,1,1
20627,2,0
20627,3,1
20627,5,1
20627,6,1
20627,7,1
20627,9,0
20627,10,0
20627,11,1
20627,12,0
20627,29,0
20627,30,0
20627,31,0
20627,32,0
20627,33,0
20627,34,0
20627,35,1
20627,36,1
20627,37,0
20627,39,0
20627,40,0
20627,41,0
20627,49,1
20627,50,1
20627,52,1
20627,53,1
20627,54,1
20627,56,1
20627,57,1
20627,59,1
20627,60,1
20627,61,1
20627,63,1
20627,64,1
20627,65,1
20627,66,1
20627,67,1
20627,72,1
20627,73,1
20627,74,1
20627,82,1
20627,83,1
20627,84,1
20627,86,1
20627,87,1
20627,88,1
20627,90,1
20627,91,1
20627,92,1
20627,93,1
20627,147,0
20627,148,1
20627,149,0
20627,150,0
20627,152,1
20627,153,0
20627,154,0
20627,155,0
20627,157,0
20627,159,0
20627,160,0
20627,164,0
20627,170,0
20627,171,0
20627,172,0
20627,173,0
20627,174,0
20627,175,0
20627,176,0
20627,177,0
20627,178,0
20627,181,0
20627,182,0
20627,183,0
20627,184,0
20627,194,0
20627,196,0
20627,197,0
20627,198,0
20627,200,0
20627,201,1
20627,202,0
20627,203,0
20628,1,1
20628,2,0
20628,3,1
20628,5,1
20628,6,1
20628,7,1
20628,29,1
20628,32,0
20628,33,0
20628,34,0
20628,35,0
20628,36,0
20628,37,0
20628,39,0
20628,40,0
20628,41,0
20628,49,1
20628,50,1
20628,52,1
20628,53,1
20628,54,1
20628,56,1
20628,57,1
20628,59,1
20628,60,1
20628,61,1
20628,63,1
20628,64,1
20628,65,1
20628,66,1
20628,67,1
20628,72,1
20628,73,1
20628,74,1
20628,82,1
20628,83,1
20628,84,1
20628,86,1
20628,87,1
20628,88,1
20628,90,1
20628,91,1
20628,92,1
20628,93,1
20628,147,1
20628,148,0
20628,149,0
20628,150,0
20628,194,0
20628,196,0
20628,197,0
20628,198,0
20628,200,0
20628,201,1
20628,202,0
20628,203,0
20631,1,1
20631,2,1
20631,3,0
20631,5,1
20631,6,1
20631,7,1
20631,9,0
20631,10,1
20631,11,0
20631,12,0
20631,49,1
20631,50,1
20631,52,1
20631,53,1
20631,54,1
20631,56,1
20631,57,1
20631,59,1
20631,60,1
20631,61,1
20631,63,0
20631,64,1
20631,65,1
20631,66,1
20631,67,1
20631,72,1
20631,73,1
20631,74,1
20631,82,1
20631,83,1
20631,84,1
20631,86,1
20631,87,1
20631,88,1
20631,90,1
20631,91,1
20631,92,1
20631,93,1
20631,147,1
20631,148,0
20631,149,0
20631,150,0
20631,194,0
20631,196,0
20631,197,0
20631,198,0
20631,200,0
20631,201,1
20631,202,0
20631,203,0
20634,1,1
20634,2,0
20634,3,1
20634,5,1
20634,6,1
20634,7,1
20634,29,1
20634,32,0
20634,33,0
20634,34,0
20634,35,0
20634,36,0
20634,37,0
20634,39,0
20634,40,0
20634,41,0
20634,72,1
20634,73,1
20634,74,1
20634,82,1
20634,83,1
20634,84,1
20634,86,1
20634,87,1
20634,88,1
20634,90,1
20634,91,1
20634,92,1
20634,93,1
20634,147,1
20634,148,0
20634,149,0
20634,150,0
20634,194,0
20634,196,0
20634,197,0
20634,198,0
20634,200,0
20634,201,1
20634,202,0
20634,203,0
20644,1,1
20644,2,0
20644,3,1
20644,5,1
20644,6,1
20644,7,1
20644,72,1
20644,73,1
20644,74,1
20644,82,1
20644,83,1
20644,84,1
20644,90,1
20644,91,1
20644,92,1
20644,93,1
20644,147,1
20644,148,0
20644,149,0
20644,150,0
20644,194,0
20644,196,0
20644,197,0
20644,198,0
20644,200,0
20644,201,0
20644,202,0
20644,203,0
20646,1,1
20646,2,0
20646,3,1
20646,5,1
20646,6,1
20646,7,1
20646,9,0
20646,10,0
20646,11,1
20646,12,0
20646,29,0
20646,30,0
20646,31,0
20646,32,0
20646,33,0
20646,34,0
20646,35,0
20646,36,0
20646,37,0
20646,39,1
20646,49,1
20646,50,1
20646,52,1
20646,53,1
20646,54,1
20646,56,1
20646,57,1
20646,59,1
20646,60,1
20646,61,1
20646,63,1
20646,64,1
20646,65,1
20646,66,1
20646,67,1
20646,72,0
20646,73,0
20646,74,1
20646,82,1
20646,83,1
20646,84,0
20646,86,1
20646,87,1
20646,88,1
20646,90,1
20646,91,1
20646,92,1
20646,93,1
20646,147,1
20646,148,0
20646,149,0
20646,150,0
20646,194,0
20646,196,0
20646,197,0
20646,198,0
20646,200,0
20646,201,1
20646,202,0
20646,203,0
20647,1,1
20647,2,0
20647,3,1
20647,5,1
20647,6,1
20647,7,1
20647,9,0
20647,10,1
20647,11,0
20647,12,0
20647,29,0
20647,30,0
20647,31,0
20647,32,0
20647,33,0
20647,34,0
20647,35,0
20647,36,0
20647,37,0
20647,39,1
20647,49,1
20647,50,1
20647,52,1
20647,53,1
20647,54,1
20647,56,1
20647,57,1
20647,59,1
20647,60,1
20647,61,1
20647,63,1
20647,64,1
20647,65,1
20647,66,1
20647,67,1
20647,72,1
20647,73,1
20647,74,1
20647,82,1
20647,83,1
20647,84,1
20647,86,1
20647,87,1
20647,88,1
20647,90,1
20647,91,1
20647,92,1
20647,93,1
20647,147,0
20647,148,0
20647,149,1
20647,150,0
20647,152,1
20647,153,1
20647,154,0
20647,155,1
20647,157,0
20647,159,0
20647,160,0
20647,164,0
20647,170,1
20647,171,1
20647,172,1
20647,173,0
20647,174,0
20647,175,0
20647,176,0
20647,177,0
20647,178,0
20647,181,0
20647,182,0
20647,183,0
20647,184,0
20647,194,0
20647,196,0
20647,197,0
20647,198,0
20647,200,0
20647,201,1
20647,202,0
20647,203,0
20655,1,1
20655,2,1
20655,3,0
20655,5,1
20655,6,1
20655,7,1
20655,49,1
20655,50,1
20655,52,1
20655,53,1
20655,54,1
20655,56,1
20655,57,1
20655,59,1
20655,60,1
20655,61,1
20655,63,1
20655,64,1
20655,65,1
20655,66,1
20655,67,1
20655,72,1
20655,73,1
20655,74,1
20655,82,1
20655,83,1
20655,84,1
20655,86,1
20655,87,1
20655,88,1
20655,90,1
20655,91,1
20655,92,1
20655,93,1
20655,147,1
20655,148,0
20655,149,0
20655,150,0
20655,194,0
20655,196,0
20655,197,0
20655,198,0
20655,200,0
20655,201,0
20655,202,0
20655,203,0
20658,1,1
20658,2,0
20658,3,1
20658,5,1
20658,6,1
20658,7,1
20658,9,1
20658,10,0
20658,11,0
20658,12,0
20658,29,0
20658,30,0
20658,31,0
20658,32,1
20658,33,0
20658,34,1
20658,35,0
20658,36,0
20658,37,0
20658,39,0
20658,40,0
20658,41,0
20658,49,1
20658,50,1
20658,52,1
20658,53,1
20658,54,1
20658,56,1
20658,57,1
20658,59,1
20658,60,1
20658,61,1
20658,63,1
20658,64,1
20658,65,1
20658,66,1
20658,67,1
20658,72,1
20658,73,1
20658,74,1
20658,82,1
20658,83,1
20658,84,1
20658,86,1
20658,87,1
20658,88,1
20658,90,1
20658,91,1
20658,92,1
20658,93,1
20658,147,0
20658,148,1
20658,149,0
20658,150,0
20658,152,1
20658,153,1
20658,154,1
20658,155,0
20658,157,0
20658,159,0
20658,160,0
20658,164,0
20658,170,0
20658,171,0
20658,172,0
20658,173,0
20658,174,0
20658,175,0
20658,176,0
20658,177,0
20658,178,0
20658,181,0
20658,182,0
20658,183,0
20658,184,0
20658,194,0
20658,196,0
20658,197,0
20658,198,0
20658,200,0
20658,201,0
20658,202,0
20658,203,0
20660,1,1
20660,2,0
20660,3,1
20660,5,1
20660,6,1
20660,7,1
20660,56,1
20660,57,1
20660,59,1
20660,60,1
20660,61,1
20660,63,1
20660,64,1
20660,65,1
20660,66,1
20660,67,1
20660,72,1
20660,73,1
20660,74,1
20660,82,1
20660,83,1
20660,84,1
20660,86,1
20660,87,1
20660,88,1
20660,90,1
20660,91,1
20660,92,1
20660,93,1
20660,147,1
20660,148,0
20660,149,0
20660,150,0
20660,194,0
20660,196,0
20660,197,0
20660,198,0
20660,200,0
20660,201,1
20660,202,0
20660,203,0
20663,1,1
20663,2,0
20663,3,0
20663,5,1
20663,6,1
20663,7,1
20663,29,0
20663,30,0
20663,31,0
20663,32,0
20663,33,0
20663,34,0
20663,35,0
20663,36,0
20663,37,0
20663,39,1
20663,56,1
20663,57,1
20663,59,1
20663,60,1
20663,61,1
20663,63,1
20663,64,1
20663,65,1
20663,66,1
20663,67,1
20663,72,1
20663,73,1
20663,74,1
20663,82,1
20663,83,1
20663,84,1
20663,86,1
20663,87,1
20663,88,1
20663,90,1
20663,91,1
20663,92,1
20663,93,1
20663,147,1
20663,148,0
20663,149,0
20663,150,0
20663,194,0
20663,196,0
20663,197,0
20663,198,0
20663,200,0
20663,201,1
20663,202,0
20663,203,0
20664,1,1
20664,2,0
20664,3,1
20664,5,1
20664,6,1
20664,7,1
20664,49,1
20664,50,1
20664,52,1
20664,53,1
20664,54,1
20664,56,1
20664,57,1
20664,59,1
20664,60,1
20664,61,1
20664,63,1
20664,64,1
20664,65,1
20664,66,1
20664,67,1
20664,72,1
20664,73,1
20664,74,1
20664,82,1
20664,83,1
20664,84,1
20664,86,1
20664,87,1
20664,88,1
20664,90,0
20664,91,0
20664,92,0
20664,93,0
20664,147,1
20664,148,0
20664,149,0
20664,150,0
20664,194,0
20664,196,0
20664,197,0
20664,198,0
20664,200,0
20664,201,1
20664,202,0
20664,203,0
20669,1,1
20669,2,0
20669,3,1
20669,5,1
20669,6,1
20669,7,1
20669,49,0
20669,50,1
20669,52,1
20669,53,1
20669,54,1
20669,56,1
20669,57,1
20669,59,1
20669,60,1
20669,61,1
20669,63,1
20669,64,1
20669,65,1
20669,66,1
20669,67,1
20669,72,1
20669,73,1
20669,74,1
20669,82,1
20669,83,1
20669,84,1
20669,86,1
20669,87,1
20669,88,1
20669,90,1
20669,91,1
20669,92,1
20669,93,1
20669,147,1
20669,148,0
20669,149,0
20669,150,0
20669,194,0
20669,196,0
20669,197,0
20669,198,0
20669,200,0
20669,201,0
20669,202,0
20669,203,0
20793,1,1
20793,2,0
20793,3,1
20793,5,1
20793,6,1
20793,7,1
20793,29,1
20793,30,0
20793,31,1
20793,32,0
20793,33,0
20793,34,0
20793,35,0
20793,36,0
20793,37,0
20793,39,0
20793,40,0
20793,41,0
20793,49,1
20793,50,1
20793,52,1
20793,53,1
20793,54,1
20793,56,1
20793,57,1
20793,59,1
20793,60,1
20793,61,1
20793,63,1
20793,64,1
20793,65,1
20793,66,1
20793,67,1
20793,72,1
20793,73,1
20793,74,1
20793,82,1
20793,83,1
20793,84,1
20793,86,1
20793,87,1
20793,88,1
20793,90,1
20793,91,1
20793,92,1
20793,93,1
20793,147,1
20793,148,0
20793,149,0
20793,150,0
20793,194,0
20793,196,0
20793,197,0
20793,198,0
20793,200,0
20793,201,1
20793,202,0
20793,203,0
20934,1,1
20934,2,0
20934,3,1
20934,5,1
20934,6,1
20934,7,1
20934,49,0
20934,50,0
20934,52,1
20934,53,1
20934,54,1
20934,56,1
20934,57,1
20934,59,1
20934,60,1
20934,61,1
20934,63,1
20934,64,1
20934,65,1
20934,66,1
20934,67,1
20934,72,1
20934,73,1
20934,74,1
20934,82,1
20934,83,1
20934,84,1
20934,86,1
20934,87,1
20934,88,1
20934,90,1
20934,91,1
20934,92,1
20934,93,1
20934,147,1
20934,148,0
20934,149,0
20934,150,0
20934,194,0
20934,196,0
20934,197,0
20934,198,0
20934,200,0
20934,201,1
20934,202,0
20934,203,0
20936,1,1
20936,2,1
20936,3,0
20936,5,1
20936,6,1
20936,7,1
20936,29,0
20936,30,0
20936,31,0
20936,32,0
20936,33,0
20936,34,0
20936,35,1
20936,36,1
20936,37,0
20936,39,0
20936,40,0
20936,41,0
20936,49,1
20936,50,1
20936,52,1
20936,53,1
20936,54,1
20936,56,1
20936,57,1
20936,59,1
20936,60,1
20936,61,1
20936,63,1
20936,64,1
20936,65,1
20936,66,1
20936,67,1
20936,72,1
20936,73,1
20936,74,1
20936,82,1
20936,83,1
20936,84,1
20936,90,1
20936,91,1
20936,92,1
20936,93,1
20936,147,1
20936,148,0
20936,149,0
20936,150,0
20936,194,0
20936,196,0
20936,197,0
20936,198,0
20936,200,0
20936,201,0
20936,202,0
20936,203,0
20937,1,1
20937,2,0
20937,3,1
20937,5,1
20937,6,1
20937,7,1
20937,49,1
20937,50,1
20937,52,1
20937,53,1
20937,54,1
20937,56,1
20937,57,1
20937,59,1
20937,60,1
20937,61,1
20937,63,1
20937,64,1
20937,65,1
20937,66,1
20937,67,1
20937,72,1
20937,73,1
20937,74,1
20937,82,1
20937,83,1
20937,84,1
20937,86,1
20937,87,1
20937,88,1
20937,90,1
20937,91,1
20937,92,1
20937,93,1
20937,147,1
20937,148,0
20937,149,0
20937,150,0
20937,194,0
20937,196,0
20937,197,0
20937,198,0
20937,200,0
20937,201,1
20937,202,0
20937,203,0
20939,1,1
20939,2,1
20939,3,0
20939,5,1
20939,6,1
20939,7,1
20939,9,0
20939,10,0
20939,11,1
20939,12,0
20939,49,1
20939,50,1
20939,52,1
20939,53,1
20939,54,1
20939,56,1
20939,57,1
20939,59,1
20939,60,1
20939,61,1
20939,63,1
20939,64,1
20939,65,1
20939,66,1
20939,67,1
20939,72,0
20939,73,1
20939,74,1
20939,82,1
20939,83,1
20939,84,1
20939,86,1
20939,87,1
20939,88,1
20939,90,1
20939,91,1
20939,92,1
20939,93,1
20939,147,1
20939,148,0
20939,149,0
20939,150,0
20939,194,0
20939,196,0
20939,197,0
20939,198,0
20939,200,0
20939,201,1
20939,202,0
20939,203,0
20941,1,1
20941,2,0
20941,3,1
20941,5,1
20941,6,1
20941,7,1
20941,147,1
20941,148,0
20941,149,0
20941,150,0
20941,194,0
20941,196,0
20941,197,0
20941,198,0
20941,200,0
20941,201,1
20941,202,0
20941,203,0
20949,1,1
20949,2,0
20949,3,1
20949,5,1
20949,6,1
20949,7,1
20949,9,0
20949,10,1
20949,11,0
20949,12,0
20949,29,0
20949,30,0
20949,31,0
20949,32,0
20949,33,0
20949,34,0
20949,35,0
20949,36,0
20949,37,0
20949,39,1
20949,49,1
20949,50,1
20949,52,1
20949,53,1
20949,54,1
20949,56,1
20949,57,1
20949,59,1
20949,60,1
20949,61,1
20949,63,1
20949,64,1
20949,65,1
20949,66,1
20949,67,1
20949,72,1
20949,73,1
20949,74,1
20949,82,1
20949,83,1
20949,84,1
20949,86,1
20949,87,1
20949,88,1
20949,90,1
20949,91,1
20949,92,1
20949,93,1
20949,147,0
20949,148,1
20949,149,0
20949,150,0
20949,152,0
20949,153,0
20949,154,0
20949,155,0
20949,157,1
20949,159,0
20949,160,1
20949,164,0
20949,170,0
20949,171,0
20949,172,0
20949,173,0
20949,174,0
20949,175,0
20949,176,0
20949,177,0
20949,178,0
20949,181,0
20949,182,0
20949,183,0
20949,184,0
20949,194,0
20949,196,0
20949,197,0
20949,198,0
20949,200,0
20949,201,0
20949,202,0
20949,203,0
20952,1,1
20952,2,0
20952,3,1
20952,5,1
20952,6,1
20952,7,1
20952,29,1
20952,30,1
20952,31,0
20952,32,0
20952,33,0
20952,34,0
20952,35,0
20952,36,0
20952,37,0
20952,39,0
20952,40,0
20952,41,0
20952,56,1
20952,57,1
20952,59,1
20952,60,1
20952,61,1
20952,63,1
20952,64,1
20952,65,1
20952,66,1
20952,67,1
20952,72,0
20952,73,1
20952,74,1
20952,82,1
20952,83,1
20952,84,1
20952,86,1
20952,87,1
20952,88,1
20952,90,1
20952,91,1
20952,92,1
20952,93,1
20952,147,1
20952,148,0
20952,149,0
20952,150,0
20952,194,0
20952,196,0
20952,197,0
20952,198,0
20952,200,0
20952,201,0
20952,202,0
20952,203,0
20956,1,1
20956,2,0
20956,3,1
20956,5,1
20956,6,1
20956,7,1
20956,72,1
20956,73,1
20956,74,1
20956,82,1
20956,83,1
20956,84,1
20956,86,1
20956,87,1
20956,88,1
20956,90,1
20956,91,1
20956,92,1
20956,93,1
20956,147,1
20956,148,0
20956,149,0
20956,150,0
20956,194,0
20956,196,0
20956,197,0
20956,198,0
20956,200,0
20956,201,0
20956,202,0
20956,203,0
20957,1,1
20957,2,0
20957,3,1
20957,5,1
20957,6,1
20957,7,1
20957,29,1
20957,30,1
20957,31,0
20957,32,0
20957,33,0
20957,34,0
20957,35,0
20957,36,0
20957,37,0
20957,39,0
20957,40,0
20957,41,0
20957,49,1
20957,50,1
20957,52,1
20957,53,1
20957,54,1
20957,56,1
20957,57,1
20957,59,1
20957,60,1
20957,61,1
20957,63,1
20957,64,1
20957,65,1
20957,66,1
20957,67,1
20957,72,1
20957,73,1
20957,74,1
20957,82,1
20957,83,1
20957,84,1
20957,86,1
20957,87,1
20957,88,1
20957,90,1
20957,91,1
20957,92,1
20957,93,1
20957,147,1
20957,148,0
20957,149,0
20957,150,0
20957,194,0
20957,196,0
20957,197,0
20957,198,0
20957,200,0
20957,201,1
20957,202,0
20957,203,0
20959,1,1
20959,2,0
20959,3,1
20959,5,1
20959,6,1
20959,7,1
20959,29,1
20959,30,0
20959,31,1
20959,32,0
20959,33,0
20959,34,0
20959,35,0
20959,36,0
20959,37,0
20959,39,0
20959,40,0
20959,41,0
20959,49,1
20959,50,1
20959,52,1
20959,53,1
20959,54,1
20959,56,1
20959,57,1
20959,59,1
20959,60,1
20959,61,1
20959,63,1
20959,64,1
20959,65,1
20959,66,1
20959,67,1
20959,72,1
20959,73,1
20959,74,1
20959,82,1
20959,83,1
20959,84,1
20959,86,1
20959,87,1
20959,88,0
20959,90,1
20959,91,1
20959,92,1
20959,93,1
20959,147,1
20959,148,0
20959,149,0
20959,150,0
20959,194,0
20959,196,0
20959,197,0
20959,198,0
20959,200,0
20959,201,0
20959,202,0
20959,203,0
20966,1,1
20966,2,0
20966,3,1
20966,5,1
20966,6,1
20966,7,1
20966,9,0
20966,10,0
20966,11,0
20966,12,0
20966,29,1
20966,32,0
20966,33,0
20966,34,0
20966,35,0
20966,36,0
20966,37,0
20966,39,0
20966,40,0
20966,41,0
20966,49,1
20966,50,1
20966,52,1
20966,53,1
20966,54,1
20966,56,1
20966,57,1
20966,59,1
20966,60,1
20966,61,1
20966,63,1
20966,64,1
20966,65,1
20966,66,1
20966,67,1
20966,72,1
20966,73,1
20966,74,1
20966,82,1
20966,83,1
20966,84,1
20966,86,1
20966,87,1
20966,88,1
20966,90,1
20966,91,1
20966,92,1
20966,93,1
20966,147,1
20966,148,0
20966,149,0
20966,150,0
20966,194,0
20966,196,1
20966,197,0
20966,198,0
20966,200,0
20966,201,1
20966,202,1
20966,203,1
20972,1,1
20972,2,0
20972,3,1
20972,5,1
20972,6,1
20972,7,1
20972,29,0
20972,30,0
20972,31,0
20972,32,0
20972,33,0
20972,34,0
20972,35,1
20972,36,1
20972,37,0
20972,39,0
20972,40,0
20972,41,0
20972,56,1
20972,57,1
20972,59,1
20972,60,1
20972,61,1
20972,63,1
20972,64,1
20972,65,1
20972,66,1
20972,67,1
20972,72,1
20972,73,1
20972,74,1
20972,82,1
20972,83,1
20972,84,1
20972,86,1
20972,87,1
20972,88,1
20972,90,1
20972,91,1
20972,92,1
20972,93,0
20972,147,1
20972,148,0
20972,149,0
20972,150,0
20972,194,0
20972,196,0
20972,197,0
20972,198,0
20972,200,0
20972,201,1
20972,202,0
20972,203,0
20973,1,1
20973,2,0
20973,3,1
20973,5,1
20973,6,1
20973,7,1
20973,72,1
20973,73,1
20973,74,1
20973,82,1
20973,83,1
20973,84,1
20973,86,1
20973,87,1
20973,88,1
20973,90,1
20973,91,1
20973,92,1
20973,93,1
20973,147,1
20973,148,0
20973,149,0
20973,150,0
20973,194,0
20973,196,0
20973,197,0
20973,198,0
20973,200,0
20973,201,0
20973,202,0
20973,203,0
20975,1,1
20975,2,0
20975,3,1
20975,5,1
20975,6,1
20975,7,1
20975,29,1
20975,32,0
20975,33,0
20975,34,0
20975,35,0
20975,36,0
20975,37,0
20975,39,0
20975,40,0
20975,41,0
20975,49,1
20975,50,1
20975,52,1
20975,53,1
20975,54,1
20975,56,1
20975,57,1
20975,59,1
20975,60,1
20975,61,1
20975,63,1
20975,64,1
20975,65,1
20975,66,1
20975,67,1
20975,72,1
20975,73,1
20975,74,1
20975,82,1
20975,83,1
20975,84,1
20975,90,1
20975,91,1
20975,92,1
20975,93,1
20975,147,1
20975,148,0
20975,149,0
20975,150,0
20975,194,0
20975,196,0
20975,197,0
20975,198,0
20975,200,0
20975,201,0
20975,202,0
20975,203,0
20989,1,1
20989,2,1
20989,3,0
20989,5,1
20989,6,1
20989,7,1
20989,9,0
20989,10,1
20989,11,0
20989,12,0
20989,29,1
20989,30,0
20989,31,1
20989,32,0
20989,33,0
20989,34,0
20989,35,0
20989,36,0
20989,37,0
20989,39,0
20989,40,0
20989,41,0
20989,49,1
20989,50,1
20989,52,1
20989,53,1
20989,54,1
20989,56,1
20989,57,1
20989,59,1
20989,60,1
20989,61,1
20989,63,1
20989,64,1
20989,65,1
20989,66,1
20989,67,1
20989,72,0
20989,73,1
20989,74,1
20989,82,1
20989,83,1
20989,84,1
20989,86,1
20989,87,1
20989,88,1
20989,90,1
20989,91,1
20989,92,1
20989,93,1
20989,147,0
20989,148,1
20989,149,0
20989,150,0
20989,152,1
20989,153,1
20989,154,0
20989,155,1
20989,157,0
20989,159,0
20989,160,0
20989,164,0
20989,170,0
20989,171,0
20989,172,0
20989,173,0
20989,174,0
20989,175,0
20989,176,0
20989,177,0
20989,178,0
20989,181,0
20989,182,0
20989,183,0
20989,184,0
20989,194,0
20989,196,0
20989,197,0
20989,198,0
20989,200,0
20989,201,1
20989,202,1
20989,203,0
20990,1,1
20990,2,0
20990,3,1
20990,5,1
20990,6,1
20990,7,1
20990,147,1
20990,148,0
20990,149,0
20990,150,0
20990,194,0
20990,196,0
20990,197,0
20990,198,0
20990,200,0
20990,201,1
20990,202,0
20990,203,0
21001,1,1
21001,2,0
21001,3,1
21001,5,1
21001,6,1
21001,7,1
21001,29,1
21001,30,1
21001,31,0
21001,32,0
21001,33,0
21001,34,0
21001,35,0
21001,36,0
21001,37,0
21001,39,0
21001,40,0
21001,41,0
21001,49,1
21001,50,1
21001,52,1
21001,53,1
21001,54,1
21001,56,1
21001,57,1
21001,59,1
21001,60,1
21001,61,1
21001,63,1
21001,64,1
21001,65,1
21001,66,1
21001,67,1
21001,72,1
21001,73,1
21001,74,1
21001,82,1
21001,83,1
21001,84,1
21001,86,1
21001,87,1
21001,88,1
21001,90,1
21001,91,1
21001,92,1
21001,93,1
21001,147,1
21001,148,0
21001,149,0
21001,150,0
21001,194,0
21001,196,0
21001,197,0
21001,198,0
21001,200,0
21001,201,1
21001,202,1
21001,203,0
21003,1,1
21003,2,1
21003,3,0
21003,5,1
21003,6,1
21003,7,1
21003,49,1
21003,50,1
21003,52,1
21003,53,1
21003,54,1
21003,56,0
21003,57,1
21003,59,1
21003,60,1
21003,61,1
21003,63,1
21003,64,1
21003,65,1
21003,66,1
21003,67,1
21003,72,1
21003,73,1
21003,74,1
21003,82,1
21003,83,1
21003,84,1
21003,86,1
21003,87,1
21003,88,1
21003,90,1
21003,91,1
21003,92,1
21003,93,1
21003,147,1
21003,148,0
21003,149,0
21003,150,0
21003,194,0
21003,196,0
21003,197,0
21003,198,1
21003,200,0
21003,201,1
21003,202,0
21003,203,0
21008,1,1
21008,2,0
21008,3,1
21008,5,1
21008,6,1
21008,7,1
21008,29,1
21008,32,0
21008,33,0
21008,34,0
21008,35,0
21008,36,0
21008,37,0
21008,39,0
21008,40,0
21008,41,0
21008,49,1
21008,50,1
21008,52,1
21008,53,1
21008,54,1
21008,56,1
21008,57,1
21008,59,1
21008,60,1
21008,61,1
21008,63,1
21008,64,1
21008,65,1
21008,66,1
21008,67,1
21008,72,1
21008,73,1
21008,74,1
21008,82,1
21008,83,1
21008,84,1
21008,86,1
21008,87,1
21008,88,1
21008,90,1
21008,91,1
21008,92,1
21008,93,1
21008,147,1
21008,148,0
21008,149,0
21008,150,0
21008,194,0
21008,196,0
21008,197,0
21008,198,0
21008,200,0
21008,201,0
21008,202,0
21008,203,0
21010,1,1
21010,2,0
21010,3,1
21010,5,1
21010,6,1
21010,7,1
21010,9,1
21010,10,0
21010,11,0
21010,12,0
21010,29,0
21010,30,0
21010,31,0
21010,32,0
21010,33,0
21010,34,0
21010,35,0
21010,36,0
21010,37,0
21010,39,1
21010,49,0
21010,50,1
21010,52,1
21010,53,1
21010,54,1
21010,56,1
21010,57,1
21010,59,1
21010,60,1
21010,61,1
21010,63,1
21010,64,1
21010,65,1
21010,66,1
21010,67,1
21010,72,1
21010,73,1
21010,74,1
21010,82,1
21010,83,1
21010,84,1
21010,86,1
21010,87,1
21010,88,1
21010,90,1
21010,91,1
21010,92,1
21010,93,1
21010,147,0
21010,148,0
21010,149,1
21010,150,0
21010,152,1
21010,153,1
21010,154,0
21010,155,1
21010,157,0
21010,159,0
21010,160,0
21010,164,0
21010,170,1
21010,171,0
21010,172,0
21010,173,0
21010,174,0
21010,175,0
21010,176,0
21010,177,0
21010,178,0
21010,181,0
21010,182,0
21010,183,0
21010,184,0
21010,194,0
21010,196,0
21010,197,0
21010,198,0
21010,200,0
21010,201,1
21010,202,0
21010,203,0
21014,1,1
21014,2,1
21014,3,0
21014,5,1
21014,6,1
21014,7,1
21014,49,1
21014,50,1
21014,52,1
21014,53,1
21014,54,1
21014,56,1
21014,57,1
21014,59,1
21014,60,1
21014,61,1
21014,63,1
21014,64,1
21014,65,1
21014,66,1
21014,67,1
21014,72,1
21014,73,1
21014,74,1
21014,82,1
21014,83,1
21014,84,1
21014,86,1
21014,87,1
21014,88,1
21014,90,1
21014,91,1
21014,92,1
21014,93,1
21014,147,1
21014,148,0
21014,149,0
21014,150,0
21014,194,1
21014,196,0
21014,197,0
21014,198,0
21014,200,0
21014,201,1
21014,202,0
21014,203,0
21020,1,1
21020,2,1
21020,3,0
21020,5,1
21020,6,1
21020,7,1
21020,49,1
21020,50,1
21020,52,1
21020,53,1
21020,54,1
21020,56,1
21020,57,1
21020,59,1
21020,60,1
21020,61,1
21020,63,1
21020,64,1
21020,65,1
21020,66,1
21020,67,1
21020,72,0
21020,73,1
21020,74,1
21020,82,1
21020,83,1
21020,84,1
21020,86,1
21020,87,1
21020,88,1
21020,90,1
21020,91,1
21020,92,1
21020,93,1
21020,147,1
21020,148,0
21020,149,0
21020,150,0
21020,194,0
21020,196,0
21020,197,0
21020,198,0
21020,200,0
21020,201,1
21020,202,0
21020,203,0
21025,1,1
21025,2,0
21025,3,1
21025,5,1
21025,6,1
21025,7,1
21025,56,1
21025,57,1
21025,59,1
21025,60,1
21025,61,1
21025,63,1
21025,64,1
21025,65,1
21025,66,1
21025,67,1
21025,72,1
21025,73,1
21025,74,1
21025,82,1
21025,83,1
21025,84,1
21025,86,1
21025,87,1
21025,88,1
21025,90,0
21025,91,0
21025,92,0
21025,93,0
21025,147,1
21025,148,0
21025,149,0
21025,150,0
21025,194,0
21025,196,0
21025,197,0
21025,198,0
21025,200,0
21025,201,1
21025,202,0
21025,203,0
21027,1,1
21027,2,1
21027,3,0
21027,5,1
21027,6,1
21027,7,1
21027,9,1
21027,10,0
21027,11,0
21027,12,0
21027,29,0
21027,30,0
21027,31,0
21027,32,1
21027,35,0
21027,36,0
21027,37,0
21027,39,0
21027,40,0
21027,41,0
21027,49,0
21027,50,1
21027,52,1
21027,53,1
21027,54,1
21027,56,1
21027,57,1
21027,59,1
21027,60,1
21027,61,1
21027,63,1
21027,64,1
21027,65,1
21027,66,1
21027,67,1
21027,72,1
21027,73,1
21027,74,1
21027,82,1
21027,83,1
21027,84,1
21027,86,1
21027,87,1
21027,88,1
21027,90,1
21027,91,1
21027,92,1
21027,93,0
21027,147,1
21027,148,0
21027,149,0
21027,150,0
21027,194,0
21027,196,0
21027,197,0
21027,198,0
21027,200,0
21027,201,1
21027,202,0
21027,203,0
21036,1,1
21036,2,0
21036,3,1
21036,5,1
21036,6,1
21036,7,1
21036,49,1
21036,50,1
21036,52,1
21036,53,1
21036,54,1
21036,56,1
21036,57,1
21036,59,1
21036,60,1
21036,61,1
21036,63,1
21036,64,1
21036,65,1
21036,66,1
21036,67,1
21036,72,1
21036,73,1
21036,74,1
21036,82,1
21036,83,1
21036,84,1
21036,86,1
21036,87,1
21036,88,1
21036,90,1
21036,91,1
21036,92,1
21036,93,1
21036,147,1
21036,148,0
21036,149,0
21036,150,0
21036,194,0
21036,196,0
21036,197,0
21036,198,0
21036,200,0
21036,201,1
21036,202,0
21036,203,0
21158,1,1
21158,2,0
21158,3,1
21158,5,1
21158,6,1
21158,7,1
21158,29,1
21158,30,0
21158,31,1
21158,32,0
21158,33,0
21158,34,0
21158,35,0
21158,36,0
21158,37,0
21158,39,0
21158,40,0
21158,41,0
21158,147,0
21158,148,0
21158,149,1
21158,150,0
21158,152,1
21158,153,1
21158,154,1
21158,155,0
21158,157,0
21158,159,0
21158,160,0
21158,164,0
21158,170,0
21158,171,0
21158,172,0
21158,173,0
21158,174,0
21158,175,0
21158,176,0
21158,177,0
21158,178,0
21158,181,0
21158,182,0
21158,183,0
21158,184,0
21158,194,0
21158,196,0
21158,197,0
21158,198,0
21158,200,0
21158,201,1
21158,202,0
21158,203,0
21169,1,1
21169,2,1
21169,3,0
21169,5,1
21169,6,1
21169,7,1
21169,49,1
21169,50,1
21169,52,1
21169,53,1
21169,54,1
21169,56,1
21169,57,1
21169,59,1
21169,60,1
21169,61,1
21169,63,1
21169,64,1
21169,65,1
21169,66,1
21169,67,1
21169,72,1
21169,73,1
21169,74,1
21169,82,1
21169,83,1
21169,84,1
21169,86,1
21169,87,1
21169,88,1
21169,90,1
21169,91,1
21169,92,1
21169,93,1
21169,147,1
21169,148,0
21169,149,0
21169,150,0
21169,194,0
21169,196,0
21169,197,0
21169,198,0
21169,200,0
21169,201,1
21169,202,0
21169,203,0
21172,1,1
21172,2,0
21172,3,1
21172,5,1
21172,6,1
21172,7,1
21172,29,1
21172,30,0
21172,31,1
21172,32,0
21172,33,0
21172,34,0
21172,35,0
21172,36,0
21172,37,0
21172,39,0
21172,40,0
21172,41,0
21172,72,1
21172,73,1
21172,74,1
21172,82,1
21172,83,1
21172,84,1
21172,86,1
21172,87,1
21172,88,1
21172,90,0
21172,91,0
21172,92,0
21172,93,0
21172,147,1
21172,148,0
21172,149,0
21172,150,0
21172,194,0
21172,196,0
21172,197,0
21172,198,0
21172,200,0
21172,201,1
21172,202,0
21172,203,0
21178,1,1
21178,2,0
21178,3,1
21178,5,1
21178,6,1
21178,7,1
21178,49,1
21178,50,1
21178,52,1
21178,53,1
21178,54,1
21178,56,1
21178,57,1
21178,59,1
21178,60,1
21178,61,1
21178,63,0
21178,64,1
21178,65,1
21178,66,1
21178,67,1
21178,72,1
21178,73,1
21178,74,1
21178,82,1
21178,83,1
21178,84,1
21178,86,1
21178,87,1
21178,88,1
21178,90,1
21178,91,1
21178,92,1
21178,93,1
21178,147,1
21178,148,0
21178,149,0
21178,150,0
21178,194,1
21178,196,0
21178,197,0
21178,198,0
21178,200,0
21178,201,1
21178,202,0
21178,203,0
21180,1,1
21180,2,1
21180,3,0
21180,5,1
21180,6,1
21180,7,1
21180,56,1
21180,57,1
21180,59,1
21180,60,1
21180,61,1
21180,63,1
21180,64,1
21180,65,1
21180,66,1
21180,67,1
21180,72,1
21180,73,1
21180,74,1
21180,82,1
21180,83,1
21180,84,1
21180,86,1
21180,87,1
21180,88,1
21180,90,1
21180,91,1
21180,92,1
21180,93,1
21180,147,1
21180,148,0
21180,149,0
21180,150,0
21180,194,0
21180,196,0
21180,197,0
21180,198,0
21180,200,0
21180,201,0
21180,202,0
21180,203,0
21181,1,1
21181,2,0
21181,3,1
21181,5,1
21181,6,1
21181,7,1
21181,49,1
21181,50,1
21181,52,1
21181,53,1
21181,54,1
21181,56,1
21181,57,1
21181,59,1
21181,60,1
21181,61,1
21181,63,1
21181,64,1
21181,65,1
21181,66,1
21181,67,1
21181,72,1
21181,73,1
21181,74,1
21181,82,1
21181,83,1
21181,84,1
21181,86,1
21181,87,1
21181,88,1
21181,90,1
21181,91,1
21181,92,1
21181,93,1
21181,147,1
21181,148,0
21181,149,0
21181,150,0
21181,194,0
21181,196,0
21181,197,0
21181,198,0
21181,200,0
21181,201,0
21181,202,0
21181,203,0
21182,1,1
21182,2,0
21182,3,1
21182,5,1
21182,6,1
21182,7,1
21182,29,0
21182,30,0
21182,31,0
21182,32,0
21182,33,0
21182,34,0
21182,35,1
21182,36,0
21182,37,1
21182,39,0
21182,40,0
21182,41,0
21182,147,1
21182,148,0
21182,149,0
21182,150,0
21182,194,0
21182,196,0
21182,197,0
21182,198,0
21182,200,0
21182,201,0
21182,202,0
21182,203,0
21183,1,1
21183,2,0
21183,3,1
21183,5,1
21183,6,1
21183,7,1
21183,49,1
21183,50,1
21183,52,1
21183,53,1
21183,54,1
21183,56,1
21183,57,1
21183,59,1
21183,60,1
21183,61,1
21183,63,1
21183,64,1
21183,65,1
21183,66,1
21183,67,1
21183,72,1
21183,73,1
21183,74,1
21183,82,1
21183,83,1
21183,84,1
21183,86,1
21183,87,1
21183,88,1
21183,90,1
21183,91,1
21183,92,1
21183,93,1
21183,147,1
21183,148,0
21183,149,0
21183,150,0
21183,194,1
21183,196,1
21183,197,0
21183,198,0
21183,200,0
21183,201,1
21183,202,0
21183,203,0
21186,1,1
21186,2,0
21186,3,1
21186,5,1
21186,6,1
21186,7,1
21186,29,0
21186,30,0
21186,31,0
21186,32,0
21186,33,0
21186,34,0
21186,35,0
21186,36,0
21186,37,0
21186,39,1
21186,147,1
21186,148,0
21186,149,0
21186,150,0
21186,194,0
21186,196,0
21186,197,0
21186,198,0
21186,200,0
21186,201,0
21186,202,0
21186,203,0
21187,1,1
21187,2,0
21187,3,1
21187,5,1
21187,6,1
21187,7,1
21187,9,1
21187,10,0
21187,11,0
21187,12,0
21187,49,1
21187,50,1
21187,52,1
21187,53,1
21187,54,1
21187,56,1
21187,57,1
21187,59,1
21187,60,1
21187,61,1
21187,63,1
21187,64,1
21187,65,1
21187,66,1
21187,67,1
21187,72,1
21187,73,1
21187,74,1
21187,82,1
21187,83,1
21187,84,1
21187,86,1
21187,87,1
21187,88,1
21187,90,1
21187,91,1
21187,92,1
21187,93,1
21187,147,1
21187,148,0
21187,149,0
21187,150,0
21187,194,0
21187,196,0
21187,197,0
21187,198,0
21187,200,0
21187,201,1
21187,202,0
21187,203,0
21191,1,1
21191,2,0
21191,3,1
21191,5,1
21191,6,1
21191,7,1
21191,29,1
21191,32,0
21191,33,0
21191,34,0
21191,35,0
21191,36,0
21191,37,0
21191,39,0
21191,40,0
21191,41,0
21191,49,1
21191,50,1
21191,52,1
21191,53,1
21191,54,1
21191,56,1
21191,57,1
21191,59,1
21191,60,1
21191,61,1
21191,63,1
21191,64,1
21191,65,1
21191,66,1
21191,67,1
21191,72,1
21191,73,1
21191,74,1
21191,82,1
21191,83,1
21191,84,1
21191,86,1
21191,87,1
21191,88,1
21191,90,1
21191,91,1
21191,92,1
21191,93,1
21191,147,1
21191,148,0
21191,149,0
21191,150,0
21191,194,0
21191,196,0
21191,197,0
21191,198,0
21191,200,0
21191,201,1
21191,202,0
21191,203,0
21192,1,1
21192,2,0
21192,3,1
21192,5,1
21192,6,1
21192,7,1
21192,49,1
21192,50,1
21192,52,1
21192,53,1
21192,54,1
21192,56,1
21192,57,1
21192,59,1
21192,60,1
21192,61,1
21192,63,1
21192,64,1
21192,65,1
21192,66,1
21192,67,1
21192,72,1
21192,73,1
21192,74,1
21192,82,1
21192,83,1
21192,84,1
21192,86,1
21192,87,1
21192,88,1
21192,90,1
21192,91,1
21192,92,1
21192,93,1
21192,147,1
21192,148,0
21192,149,0
21192,150,0
21192,194,0
21192,196,0
21192,197,0
21192,198,0
21192,200,0
21192,201,1
21192,202,0
21192,203,0
21194,1,1
21194,2,0
21194,3,1
21194,5,1
21194,6,1
21194,7,1
21194,9,0
21194,10,1
21194,11,0
21194,12,0
21194,29,0
21194,30,0
21194,31,0
21194,32,0
21194,33,0
21194,34,0
21194,35,1
21194,36,0
21194,37,1
21194,39,0
21194,40,0
21194,41,0
21194,49,0
21194,50,1
21194,52,1
21194,53,1
21194,54,1
21194,56,1
21194,57,1
21194,59,1
21194,60,1
21194,61,1
21194,63,1
21194,64,1
21194,65,1
21194,66,1
21194,67,1
21194,72,1
21194,73,1
21194,74,1
21194,82,1
21194,83,1
21194,84,1
21194,86,1
21194,87,1
21194,88,1
21194,90,1
21194,91,1
21194,92,1
21194,93,1
21194,147,0
21194,148,0
21194,149,0
21194,150,1
21194,152,1
21194,153,1
21194,154,0
21194,155,1
21194,157,1
21194,159,0
21194,160,0
21194,164,0
21194,170,0
21194,171,0
21194,172,0
21194,173,0
21194,174,0
21194,175,0
21194,176,0
21194,177,0
21194,178,0
21194,181,0
21194,182,0
21194,183,0
21194,184,0
21194,194,0
21194,196,0
21194,197,0
21194,198,0
21194,200,0
21194,201,1
21194,202,0
21194,203,0
21200,1,1
21200,2,0
21200,3,1
21200,5,1
21200,6,1
21200,7,1
21200,49,1
21200,50,1
21200,52,1
21200,53,1
21200,54,1
21200,56,1
21200,57,1
21200,59,1
21200,60,1
21200,61,1
21200,63,1
21200,64,1
21200,65,1
21200,66,1
21200,67,1
21200,72,1
21200,73,1
21200,74,1
21200,82,1
21200,83,1
21200,84,1
21200,86,1
21200,87,1
21200,88,1
21200,90,1
21200,91,1
21200,92,1
21200,93,1
21200,147,1
21200,148,0
21200,149,0
21200,150,0
21200,194,0
21200,196,0
21200,197,0
21200,198,0
21200,200,0
21200,201,0
21200,202,0
21200,203,0
21206,1,1
21206,2,1
21206,3,0
21206,5,1
21206,6,1
21206,7,1
21206,49,0
21206,50,1
21206,52,1
21206,53,1
21206,54,1
21206,56,1
21206,57,1
21206,59,1
21206,60,1
21206,61,1
21206,63,1
21206,64,1
21206,65,1
21206,66,1
21206,67,1
21206,72,0
21206,73,1
21206,74,1
21206,82,1
21206,83,1
21206,84,1
21206,86,1
21206,87,1
21206,88,1
21206,90,1
21206,91,1
21206,92,1
21206,93,1
21206,147,1
21206,148,0
21206,149,0
21206,150,0
21206,194,0
21206,196,0
21206,197,0
21206,198,1
21206,200,0
21206,201,1
21206,202,1
21206,203,0
21207,1,1
21207,2,0
21207,3,1
21207,5,1
21207,6,1
21207,7,1
21207,56,1
21207,57,1
21207,59,1
21207,60,1
21207,61,1
21207,63,1
21207,64,1
21207,65,1
21207,66,1
21207,67,1
21207,72,1
21207,73,1
21207,74,1
21207,82,1
21207,83,1
21207,84,1
21207,86,1
21207,87,1
21207,88,1
21207,90,1
21207,91,1
21207,92,1
21207,93,1
21207,147,1
21207,148,0
21207,149,0
21207,150,0
21207,194,0
21207,196,0
21207,197,0
21207,198,0
21207,200,0
21207,201,1
21207,202,0
21207,203,0
21209,1,1
21209,2,0
21209,3,1
21209,5,1
21209,6,1
21209,7,1
21209,49,1
21209,50,1
21209,52,1
21209,53,1
21209,54,1
21209,56,1
21209,57,1
21209,59,1
21209,60,1
21209,61,1
21209,63,1
21209,64,1
21209,65,1
21209,66,1
21209,67,1
21209,72,1
21209,73,1
21209,74,1
21209,82,1
21209,83,1
21209,84,1
21209,86,1
21209,87,1
21209,88,1
21209,90,1
21209,91,1
21209,92,1
21209,93,1
21209,147,1
21209,148,0
21209,149,0
21209,150,0
21209,194,0
21209,196,0
21209,197,0
21209,198,0
21209,200,0
21209,201,1
21209,202,0
21209,203,0
21211,1,1
21211,2,0
21211,3,1
21211,5,1
21211,6,1
21211,7,1
21211,72,1
21211,73,1
21211,74,1
21211,82,1
21211,83,1
21211,84,1
21211,86,1
21211,87,1
21211,88,1
21211,90,1
21211,91,1
21211,92,1
21211,93,1
21211,147,1
21211,148,0
21211,149,0
21211,150,0
21211,194,0
21211,196,0
21211,197,0
21211,198,0
21211,200,0
21211,201,0
21211,202,0
21211,203,0
21218,1,1
21218,2,0
21218,3,1
21218,5,1
21218,6,1
21218,7,1
21218,9,0
21218,10,0
21218,11,0
21218,12,0
21218,29,0
21218,30,0
21218,31,0
21218,32,0
21218,33,0
21218,34,0
21218,35,0
21218,36,0
21218,37,0
21218,39,1
21218,49,1
21218,50,1
21218,52,1
21218,53,1
21218,54,1
21218,56,0
21218,57,1
21218,59,1
21218,60,1
21218,61,1
21218,63,1
21218,64,1
21218,65,1
21218,66,1
21218,67,1
21218,72,1
21218,73,1
21218,74,1
21218,82,1
21218,83,1
21218,84,1
21218,86,1
21218,87,1
21218,88,1
21218,90,1
21218,91,1
21218,92,1
21218,93,1
21218,147,1
21218,148,0
21218,149,0
21218,150,0
21218,194,1
21218,196,1
21218,197,0
21218,198,0
21218,200,0
21218,201,1
21218,202,0
21218,203,0
21219,1,1
21219,2,0
21219,3,1
21219,5,1
21219,6,1
21219,7,1
21219,9,0
21219,10,1
21219,11,0
21219,12,0
21219,29,0
21219,30,0
21219,31,0
21219,32,0
21219,33,0
21219,34,0
21219,35,0
21219,36,0
21219,37,0
21219,39,1
21219,49,1
21219,50,1
21219,52,1
21219,53,1
21219,54,1
21219,56,1
21219,57,1
21219,59,1
21219,60,1
21219,61,1
21219,63,0
21219,64,1
21219,65,1
21219,66,1
21219,67,1
21219,72,1
21219,73,1
21219,74,1
21219,82,1
21219,83,1
21219,84,1
21219,86,1
21219,87,1
21219,88,1
21219,90,1
21219,91,1
21219,92,1
21219,93,1
21219,147,1
21219,148,0
21219,149,0
21219,150,0
21219,194,1
21219,196,0
21219,197,0
21219,198,0
21219,200,0
21219,201,1
21219,202,0
21219,203,0
21221,1,1
21221,5,1
21221,6,1
21221,7,1
21221,49,1
21221,50,1
21221,52,1
21221,53,1
21221,54,1
21221,56,1
21221,57,1
21221,59,1
21221,60,1
21221,61,1
21221,63,0
21221,64,0
21221,65,0
21221,66,0
21221,67,0
21221,72,1
21221,73,1
21221,74,1
21221,82,1
21221,83,0
21221,84,0
21221,86,1
21221,87,1
21221,88,1
21221,90,1
21221,91,1
21221,92,1
21221,93,1
21221,147,1
21221,148,0
21221,149,0
21221,150,0
21221,194,0
21221,196,0
21221,197,0
21221,198,0
21221,200,0
21221,201,1
21221,202,0
21221,203,0
21222,1,1
21222,2,0
21222,3,1
21222,5,1
21222,6,1
21222,7,1
21222,49,1
21222,50,1
21222,52,1
21222,53,1
21222,54,1
21222,56,1
21222,57,1
21222,59,1
21222,60,1
21222,61,1
21222,63,1
21222,64,1
21222,65,1
21222,66,1
21222,67,1
21222,72,1
21222,73,1
21222,74,1
21222,82,1
21222,83,1
21222,84,1
21222,86,1
21222,87,1
21222,88,1
21222,90,1
21222,91,1
21222,92,1
21222,93,1
21222,147,1
21222,148,0
21222,149,0
21222,150,0
21222,194,0
21222,196,0
21222,197,0
21222,198,0
21222,200,0
21222,201,1
21222,202,0
21222,203,0
21235,1,1
21235,2,1
21235,3,0
21235,5,1
21235,6,1
21235,7,1
21235,49,0
21235,50,0
21235,52,1
21235,53,1
21235,54,1
21235,56,0
21235,57,1
21235,59,1
21235,60,1
21235,61,1
21235,63,1
21235,64,1
21235,65,1
21235,66,1
21235,67,1
21235,72,1
21235,73,1
21235,74,1
21235,82,1
21235,83,1
21235,84,1
21235,86,1
21235,87,1
21235,88,1
21235,90,1
21235,91,1
21235,92,1
21235,93,1
21235,147,0
21235,148,1
21235,149,0
21235,150,0
21235,152,1
21235,153,1
21235,154,0
21235,155,1
21235,157,0
21235,159,0
21235,160,0
21235,164,0
21235,170,0
21235,171,0
21235,172,0
21235,173,0
21235,174,0
21235,175,0
21235,176,0
21235,177,0
21235,178,0
21235,181,0
21235,182,0
21235,183,0
21235,184,0
21235,194,0
21235,196,0
21235,197,0
21235,198,0
21235,200,0
21235,201,1
21235,202,0
21235,203,0
21240,1,1
21240,2,1
21240,3,0
21240,5,1
21240,6,1
21240,7,1
21240,49,1
21240,50,1
21240,52,1
21240,53,1
21240,54,1
21240,56,1
21240,57,1
21240,59,1
21240,60,1
21240,61,1
21240,63,1
21240,64,1
21240,65,1
21240,66,1
21240,67,1
21240,72,1
21240,73,1
21240,74,1
21240,82,1
21240,83,1
21240,84,1
21240,86,1
21240,87,1
21240,88,1
21240,90,1
21240,91,1
21240,92,1
21240,93,1
21240,147,1
21240,148,0
21240,149,0
21240,150,0
21240,194,0
21240,196,0
21240,197,0
21240,198,0
21240,200,0
21240,201,0
21240,202,0
21240,203,0
21245,1,1
21245,2,0
21245,3,1
21245,5,1
21245,6,1
21245,7,1
21245,9,0
21245,10,0
21245,11,1
21245,12,0
21245,29,0
21245,30,0
21245,31,0
21245,32,0
21245,33,0
21245,34,0
21245,35,0
21245,36,0
21245,37,0
21245,39,1
21245,147,0
21245,148,1
21245,149,0
21245,150,0
21245,152,1
21245,153,1
21245,154,0
21245,155,1
21245,157,1
21245,159,1
21245,160,0
21245,164,0
21245,170,0
21245,171,0
21245,172,0
21245,173,0
21245,174,0
21245,175,0
21245,176,0
21245,177,0
21245,178,0
21245,181,0
21245,182,0
21245,183,0
21245,184,0
21245,194,0
21245,196,0
21245,197,0
21245,198,0
21245,200,0
21245,201,0
21245,202,0
21245,203,0
21250,1,1
21250,2,0
21250,3,1
21250,5,1
21250,6,1
21250,7,1
21250,9,1
21250,10,0
21250,11,0
21250,12,0
21250,29,0
21250,30,0
21250,31,0
21250,32,0
21250,33,0
21250,34,0
21250,35,1
21250,36,1
21250,37,0
21250,39,0
21250,40,0
21250,41,0
21250,72,1
21250,73,1
21250,74,1
21250,82,1
21250,83,1
21250,84,1
21250,86,1
21250,87,1
21250,88,1
21250,90,1
21250,91,1
21250,92,1
21250,93,1
21250,147,1
21250,148,0
21250,149,0
21250,150,0
21250,194,0
21250,196,0
21250,197,0
21250,198,0
21250,200,0
21250,201,1
21250,202,0
21250,203,0
21254,1,1
21254,2,0
21254,3,1
21254,5,1
21254,6,1
21254,7,1
21254,72,1
21254,73,1
21254,74,1
21254,82,1
21254,83,1
21254,84,1
21254,86,1
21254,87,1
21254,88,1
21254,90,1
21254,91,1
21254,92,1
21254,93,1
21254,147,1
21254,148,0
21254,149,0
21254,150,0
21254,194,0
21254,196,0
21254,197,0
21254,198,0
21254,200,0
21254,201,0
21254,202,0
21254,203,0
21259,1,1
21259,2,0
21259,3,1
21259,5,1
21259,6,1
21259,7,1
21259,49,1
21259,50,1
21259,52,1
21259,53,1
21259,54,1
21259,56,1
21259,57,1
21259,59,1
21259,60,1
21259,61,1
21259,63,1
21259,64,1
21259,65,1
21259,66,1
21259,67,1
21259,72,1
21259,73,1
21259,74,1
21259,82,1
21259,83,1
21259,84,1
21259,86,1
21259,87,1
21259,88,1
21259,90,1
21259,91,1
21259,92,1
21259,93,1
21259,147,1
21259,148,0
21259,149,0
21259,150,0
21259,194,0
21259,196,0
21259,197,0
21259,198,0
21259,200,0
21259,201,0
21259,202,0
21259,203,0
21262,1,1
21262,2,0
21262,3,1
21262,5,1
21262,6,1
21262,7,1
21262,9,1
21262,10,0
21262,11,0
21262,12,0
21262,29,0
21262,30,0
21262,31,0
21262,32,0
21262,33,0
21262,34,0
21262,35,0
21262,36,0
21262,37,0
21262,39,1
21262,147,0
21262,148,1
21262,149,0
21262,150,0
21262,152,0
21262,153,0
21262,154,0
21262,155,0
21262,157,0
21262,159,0
21262,160,0
21262,164,0
21262,170,1
21262,171,1
21262,172,0
21262,173,0
21262,174,0
21262,175,1
21262,176,0
21262,177,0
21262,178,0
21262,181,0
21262,182,0
21262,183,0
21262,184,0
21262,194,0
21262,196,0
21262,197,0
21262,198,0
21262,200,0
21262,201,0
21262,202,0
21262,203,0
21383,1,1
21383,2,0
21383,3,1
21383,5,1
21383,6,1
21383,7,1
21383,49,1
21383,50,1
21383,52,1
21383,53,1
21383,54,1
21383,56,1
21383,57,1
21383,59,1
21383,60,1
21383,61,1
21383,63,1
21383,64,1
21383,65,1
21383,66,1
21383,67,1
21383,72,0
21383,73,0
21383,74,0
21383,82,1
21383,83,1
21383,84,1
21383,86,1
21383,87,1
21383,88,1
21383,90,1
21383,91,1
21383,92,1
21383,93,1
21383,147,1
21383,148,0
21383,149,0
21383,150,0
21383,194,0
21383,196,0
21383,197,0
21383,198,0
21383,200,0
21383,201,1
21383,202,1
21383,203,0
21533,1,1
21533,2,1
21533,3,0
21533,5,1
21533,6,1
21533,7,1
21533,9,0
21533,10,0
21533,11,1
21533,12,0
21533,29,1
21533,30,1
21533,31,0
21533,32,0
21533,33,0
21533,34,0
21533,35,0
21533,36,0
21533,37,0
21533,39,0
21533,40,0
21533,41,0
21533,49,1
21533,50,1
21533,52,1
21533,53,1
21533,54,1
21533,56,1
21533,57,1
21533,59,1
21533,60,1
21533,61,1
21533,63,1
21533,64,1
21533,65,1
21533,66,1
21533,67,1
21533,72,1
21533,73,1
21533,74,1
21533,82,1
21533,83,1
21533,84,1
21533,86,1
21533,87,1
21533,88,1
21533,90,1
21533,91,1
21533,92,1
21533,93,1
21533,147,0
21533,148,0
21533,149,0
21533,150,1
21533,152,1
21533,153,1
21533,154,0
21533,155,1
21533,157,1
21533,159,0
21533,160,0
21533,164,0
21533,170,0
21533,171,0
21533,172,0
21533,173,0
21533,174,0
21533,175,0
21533,176,0
21533,177,0
21533,178,0
21533,181,0
21533,182,0
21533,183,0
21533,184,0
21533,194,0
21533,196,0
21533,197,0
21533,198,0
21533,200,0
21533,201,1
21533,202,1
21533,203,0
21534,1,1
21534,2,0
21534,3,1
21534,5,1
21534,6,1
21534,7,1
21534,9,0
21534,10,1
21534,11,0
21534,12,0
21534,29,0
21534,30,0
21534,31,0
21534,32,0
21534,33,0
21534,34,0
21534,35,0
21534,36,0
21534,37,0
21534,39,1
21534,49,1
21534,50,1
21534,52,1
21534,53,1
21534,54,1
21534,56,1
21534,57,1
21534,59,1
21534,60,1
21534,61,1
21534,63,1
21534,64,1
21534,65,1
21534,66,1
21534,67,1
21534,72,1
21534,73,1
21534,74,1
21534,82,1
21534,83,1
21534,84,1
21534,86,1
21534,87,1
21534,88,1
21534,90,1
21534,91,1
21534,92,1
21534,93,1
21534,147,0
21534,148,0
21534,149,1
21534,150,0
21534,152,0
21534,153,0
21534,154,0
21534,155,0
21534,157,0
21534,159,0
21534,160,0
21534,164,0
21534,170,1
21534,171,1
21534,172,0
21534,173,0
21534,174,1
21534,175,1
21534,176,0
21534,177,0
21534,178,0
21534,181,0
21534,182,0
21534,183,0
21534,184,0
21534,194,0
21534,196,0
21534,197,0
21534,198,0
21534,200,0
21534,201,1
21534,202,1
21534,203,0
21535,1,1
21535,2,1
21535,3,0
21535,5,1
21535,6,1
21535,7,1
21535,9,1
21535,10,0
21535,11,0
21535,12,0
21535,29,1
21535,30,0
21535,31,1
21535,32,0
21535,33,0
21535,34,0
21535,35,0
21535,36,0
21535,37,0
21535,39,0
21535,40,0
21535,41,0
21535,49,1
21535,50,1
21535,52,1
21535,53,1
21535,54,1
21535,56,1
21535,57,1
21535,59,1
21535,60,1
21535,61,1
21535,63,1
21535,64,1
21535,65,1
21535,66,1
21535,67,1
21535,72,1
21535,73,1
21535,74,1
21535,82,1
21535,83,1
21535,84,1
21535,86,1
21535,87,1
21535,88,1
21535,90,1
21535,91,1
21535,92,1
21535,93,1
21535,147,1
21535,148,0
21535,149,0
21535,150,0
21535,194,0
21535,196,0
21535,197,0
21535,198,0
21535,200,0
21535,201,0
21535,202,0
21535,203,0
21537,1,1
21537,2,1
21537,3,0
21537,5,1
21537,6,1
21537,7,1
21537,56,1
21537,57,1
21537,59,1
21537,60,1
21537,61,1
21537,63,1
21537,64,1
21537,65,1
21537,66,1
21537,67,1
21537,72,0
21537,73,1
21537,74,1
21537,82,1
21537,83,1
21537,84,1
21537,86,1
21537,87,1
21537,88,1
21537,90,1
21537,91,1
21537,92,1
21537,93,1
21537,147,1
21537,148,0
21537,149,0
21537,150,0
21537,194,0
21537,196,0
21537,197,0
21537,198,0
21537,200,0
21537,201,1
21537,202,0
21537,203,0
21539,1,1
21539,2,0
21539,3,1
21539,5,1
21539,6,1
21539,7,1
21539,49,1
21539,50,1
21539,52,1
21539,53,1
21539,54,1
21539,56,1
21539,57,1
21539,59,1
21539,60,1
21539,61,1
21539,63,1
21539,64,1
21539,65,1
21539,66,1
21539,67,1
21539,72,0
21539,73,1
21539,74,1
21539,82,1
21539,83,1
21539,84,1
21539,86,1
21539,87,1
21539,88,1
21539,90,1
21539,91,1
21539,92,1
21539,93,1
21539,147,1
21539,148,0
21539,149,0
21539,150,0
21539,194,0
21539,196,0
21539,197,0
21539,198,0
21539,200,0
21539,201,1
21539,202,1
21539,203,0
21547,1,1
21547,2,0
21547,3,1
21547,5,1
21547,6,1
21547,7,1
21547,9,1
21547,10,0
21547,11,0
21547,12,0
21547,29,0
21547,30,0
21547,31,0
21547,32,0
21547,33,0
21547,34,0
21547,35,1
21547,39,0
21547,40,0
21547,41,0
21547,49,1
21547,50,1
21547,52,1
21547,53,1
21547,54,1
21547,56,1
21547,57,1
21547,59,1
21547,60,1
21547,61,1
21547,63,1
21547,64,1
21547,65,1
21547,66,1
21547,67,1
21547,72,0
21547,73,0
21547,74,0
21547,82,1
21547,83,1
21547,84,1
21547,86,1
21547,87,1
21547,88,1
21547,90,1
21547,91,1
21547,92,1
21547,93,1
21547,147,0
21547,148,1
21547,149,0
21547,150,0
21547,152,1
21547,153,1
21547,154,1
21547,155,0
21547,157,0
21547,159,0
21547,160,0
21547,164,0
21547,170,0
21547,171,0
21547,172,0
21547,173,0
21547,174,0
21547,175,0
21547,176,0
21547,177,0
21547,178,0
21547,181,0
21547,182,0
21547,183,0
21547,184,0
21547,194,0
21547,196,0
21547,197,0
21547,198,0
21547,200,0
21547,201,1
21547,202,1
21547,203,1
21548,1,1
21548,2,0
21548,3,1
21548,5,1
21548,6,1
21548,7,1
21548,9,1
21548,10,0
21548,11,0
21548,12,0
21548,29,1
21548,30,1
21548,31,0
21548,32,0
21548,33,0
21548,34,0
21548,35,0
21548,36,0
21548,37,0
21548,39,0
21548,40,0
21548,41,0
21548,49,1
21548,50,1
21548,52,1
21548,53,1
21548,54,1
21548,56,1
21548,57,1
21548,59,1
21548,60,1
21548,61,1
21548,63,1
21548,64,1
21548,65,1
21548,66,1
21548,67,1
21548,72,1
21548,73,1
21548,74,1
21548,82,1
21548,83,1
21548,84,1
21548,86,1
21548,87,1
21548,88,1
21548,90,1
21548,91,1
21548,92,1
21548,93,1
21548,147,1
21548,148,0
21548,149,0
21548,150,0
21548,194,0
21548,196,0
21548,197,0
21548,198,0
21548,200,0
21548,201,1
21548,202,0
21548,203,0
21550,1,1
21550,2,0
21550,3,1
21550,5,1
21550,6,1
21550,7,1
21550,29,1
21550,30,1
21550,31,0
21550,32,0
21550,33,0
21550,34,0
21550,35,0
21550,36,0
21550,37,0
21550,39,0
21550,40,0
21550,41,0
21550,147,1
21550,148,0
21550,149,0
21550,150,0
21550,194,0
21550,196,0
21550,197,0
21550,198,0
21550,200,0
21550,201,0
21550,202,0
21550,203,0
21554,1,1
21554,2,0
21554,3,1
21554,5,1
21554,6,1
21554,7,1
21554,29,1
21554,30,1
21554,31,0
21554,32,0
21554,33,0
21554,34,0
21554,35,0
21554,36,0
21554,37,0
21554,39,0
21554,40,0
21554,41,0
21554,72,1
21554,73,1
21554,74,1
21554,82,1
21554,83,1
21554,84,1
21554,86,1
21554,87,1
21554,88,1
21554,90,1
21554,91,1
21554,92,1
21554,93,1
21554,147,1
21554,148,0
21554,149,0
21554,150,0
21554,194,0
21554,196,0
21554,197,0
21554,198,0
21554,200,0
21554,201,0
21554,202,0
21554,203,0
21555,1,1
21555,2,0
21555,3,1
21555,5,1
21555,6,1
21555,7,1
21555,29,0
21555,30,0
21555,31,0
21555,32,0
21555,33,0
21555,34,0
21555,35,1
21555,36,1
21555,37,0
21555,39,0
21555,40,0
21555,41,0
21555,49,1
21555,50,1
21555,52,1
21555,53,1
21555,54,1
21555,56,1
21555,57,1
21555,59,1
21555,60,1
21555,61,1
21555,63,1
21555,64,1
21555,65,1
21555,66,1
21555,67,1
21555,72,1
21555,73,1
21555,74,1
21555,82,1
21555,83,1
21555,84,1
21555,86,1
21555,87,1
21555,88,1
21555,90,1
21555,91,1
21555,92,1
21555,93,1
21555,147,1
21555,148,0
21555,149,0
21555,150,0
21555,194,0
21555,196,0
21555,197,0
21555,198,0
21555,200,0
21555,201,1
21555,202,0
21555,203,0
21559,1,1
21559,5,1
21559,6,1
21559,7,1
21559,29,0
21559,30,0
21559,31,0
21559,32,1
21559,33,1
21559,34,0
21559,35,0
21559,36,0
21559,37,0
21559,39,0
21559,40,0
21559,41,0
21559,49,1
21559,50,1
21559,52,1
21559,53,1
21559,54,1
21559,56,1
21559,57,1
21559,59,1
21559,60,1
21559,61,1
21559,63,1
21559,64,1
21559,65,1
21559,66,1
21559,67,1
21559,72,1
21559,73,1
21559,74,1
21559,82,1
21559,83,1
21559,84,1
21559,86,1
21559,87,1
21559,88,1
21559,90,1
21559,91,1
21559,92,1
21559,93,1
21559,147,1
21559,148,0
21559,149,0
21559,150,0
21559,194,0
21559,196,0
21559,197,0
21559,198,0
21559,200,0
21559,201,0
21559,202,1
21559,203,0
21572,1,1
21572,2,0
21572,3,1
21572,5,1
21572,6,1
21572,7,1
21572,49,1
21572,50,1
21572,52,1
21572,53,1
21572,54,1
21572,56,1
21572,57,1
21572,59,1
21572,60,1
21572,61,1
21572,63,1
21572,64,1
21572,65,1
21572,66,1
21572,67,1
21572,72,1
21572,73,1
21572,74,1
21572,82,1
21572,83,1
21572,84,1
21572,86,1
21572,87,1
21572,88,1
21572,90,1
21572,91,1
21572,92,1
21572,93,0
21572,147,1
21572,148,0
21572,149,0
21572,150,0
21572,194,0
21572,196,1
21572,197,0
21572,198,0
21572,200,0
21572,201,1
21572,202,0
21572,203,0
21575,1,1
21575,2,1
21575,3,0
21575,5,1
21575,6,1
21575,7,1
21575,49,1
21575,50,1
21575,52,1
21575,53,1
21575,54,1
21575,56,1
21575,57,1
21575,59,1
21575,60,1
21575,61,1
21575,63,0
21575,64,1
21575,65,1
21575,66,1
21575,67,1
21575,72,1
21575,73,1
21575,74,1
21575,82,1
21575,83,1
21575,84,1
21575,86,1
21575,87,1
21575,88,1
21575,90,1
21575,91,0
21575,92,0
21575,93,0
21575,147,1
21575,148,0
21575,149,0
21575,150,0
21575,194,0
21575,196,0
21575,197,0
21575,198,0
21575,200,0
21575,201,1
21575,202,0
21575,203,0
21584,1,1
21584,2,1
21584,3,0
21584,5,1
21584,6,1
21584,7,1
21584,29,0
21584,30,0
21584,31,0
21584,32,0
21584,33,0
21584,34,0
21584,35,0
21584,36,0
21584,37,0
21584,39,1
21584,49,1
21584,50,1
21584,52,1
21584,53,1
21584,54,1
21584,56,1
21584,57,1
21584,59,1
21584,60,1
21584,61,1
21584,63,1
21584,64,1
21584,65,1
21584,66,1
21584,67,1
21584,72,0
21584,73,1
21584,74,1
21584,82,1
21584,83,1
21584,84,1
21584,86,1
21584,87,1
21584,88,1
21584,90,1
21584,91,1
21584,92,1
21584,93,1
21584,147,1
21584,148,0
21584,149,0
21584,150,0
21584,194,0
21584,196,0
21584,197,0
21584,198,0
21584,200,0
21584,201,1
21584,202,0
21584,203,0
21589,1,1
21589,2,0
21589,3,1
21589,5,1
21589,6,1
21589,7,1
21589,9,0
21589,10,1
21589,11,0
21589,12,0
21589,29,0
21589,30,0
21589,31,0
21589,32,0
21589,33,0
21589,34,0
21589,35,1
21589,36,0
21589,37,1
21589,39,0
21589,40,0
21589,41,0
21589,147,1
21589,148,0
21589,149,0
21589,150,0
21589,194,0
21589,196,0
21589,197,0
21589,198,0
21589,200,0
21589,201,0
21589,202,0
21589,203,0
21593,1,1
21593,2,1
21593,3,0
21593,5,1
21593,6,1
21593,7,1
21593,49,1
21593,50,1
21593,52,1
21593,53,1
21593,54,1
21593,56,1
21593,57,1
21593,59,1
21593,60,1
21593,61,1
21593,63,1
21593,64,1
21593,65,1
21593,66,1
21593,67,1
21593,72,1
21593,73,1
21593,74,1
21593,82,1
21593,83,1
21593,84,1
21593,86,1
21593,87,1
21593,88,1
21593,90,1
21593,91,1
21593,92,1
21593,93,1
21593,147,1
21593,148,0
21593,149,0
21593,150,0
21593,194,0
21593,196,0
21593,197,0
21593,198,0
21593,200,0
21593,201,1
21593,202,0
21593,203,0
21597,1,1
21597,2,0
21597,3,1
21597,5,1
21597,6,1
21597,7,1
21597,49,1
21597,50,1
21597,52,1
21597,53,1
21597,54,1
21597,56,1
21597,57,1
21597,59,1
21597,60,1
21597,61,1
21597,63,1
21597,64,1
21597,65,1
21597,66,1
21597,67,1
21597,72,1
21597,73,1
21597,74,1
21597,82,1
21597,83,1
21597,84,1
21597,86,1
21597,87,1
21597,88,1
21597,90,1
21597,91,1
21597,92,1
21597,93,1
21597,147,1
21597,148,0
21597,149,0
21597,150,0
21597,194,0
21597,196,0
21597,197,0
21597,198,0
21597,200,0
21597,201,0
21597,202,0
21597,203,0
21598,1,1
21598,2,1
21598,3,0
21598,5,1
21598,6,1
21598,7,1
21598,49,0
21598,50,0
21598,52,0
21598,53,0
21598,54,0
21598,56,0
21598,57,0
21598,59,0
21598,60,0
21598,61,0
21598,63,0
21598,64,0
21598,65,0
21598,66,0
21598,67,0
21598,72,0
21598,73,0
21598,74,0
21598,82,1
21598,83,1
21598,84,1
21598,86,1
21598,87,1
21598,88,1
21598,90,1
21598,91,1
21598,92,1
21598,93,1
21598,147,1
21598,148,0
21598,149,0
21598,150,0
21598,194,0
21598,196,0
21598,197,0
21598,198,0
21598,200,0
21598,201,0
21598,202,0
21598,203,0
21604,1,1
21604,2,0
21604,3,1
21604,5,1
21604,6,1
21604,7,1
21604,49,1
21604,50,1
21604,52,1
21604,53,1
21604,54,1
21604,56,0
21604,57,1
21604,59,1
21604,60,1
21604,61,1
21604,63,1
21604,64,1
21604,65,1
21604,66,1
21604,67,1
21604,72,1
21604,73,1
21604,74,1
21604,82,1
21604,83,1
21604,84,1
21604,86,1
21604,87,1
21604,88,1
21604,90,1
21604,91,1
21604,92,1
21604,93,1
21604,147,0
21604,148,0
21604,149,1
21604,150,0
21604,152,1
21604,153,0
21604,154,0
21604,155,0
21604,157,0
21604,159,0
21604,160,0
21604,164,0
21604,170,1
21604,171,0
21604,172,0
21604,173,0
21604,174,0
21604,175,0
21604,176,0
21604,177,0
21604,178,0
21604,181,0
21604,182,0
21604,183,0
21604,184,0
21604,194,1
21604,196,1
21604,197,0
21604,198,0
21604,200,0
21604,201,1
21604,202,0
21604,203,0
21612,1,1
21612,2,1
21612,3,0
21612,5,1
21612,6,1
21612,7,1
21612,49,1
21612,50,1
21612,52,1
21612,53,1
21612,54,1
21612,56,1
21612,57,1
21612,59,1
21612,60,1
21612,61,1
21612,63,1
21612,64,1
21612,65,1
21612,66,1
21612,67,1
21612,72,1
21612,73,1
21612,74,1
21612,82,1
21612,83,1
21612,84,1
21612,86,1
21612,87,1
21612,88,1
21612,90,1
21612,91,1
21612,92,1
21612,93,1
21612,147,1
21612,148,0
21612,149,0
21612,150,0
21612,194,0
21612,196,0
21612,197,0
21612,198,0
21612,200,0
21612,201,1
21612,202,0
21612,203,0
21614,1,1
21614,2,1
21614,3,0
21614,5,1
21614,6,1
21614,7,1
21614,9,1
21614,10,0
21614,11,0
21614,12,0
21614,72,1
21614,73,1
21614,74,1
21614,82,1
21614,83,1
21614,84,1
21614,86,1
21614,87,1
21614,88,1
21614,90,1
21614,91,1
21614,92,1
21614,93,1
21614,147,1
21614,148,0
21614,149,0
21614,150,0
21614,194,0
21614,196,0
21614,197,0
21614,198,0
21614,200,0
21614,201,1
21614,202,0
21614,203,0
21616,1,1
21616,2,0
21616,3,1
21616,5,1
21616,6,1
21616,7,1
21616,9,0
21616,10,1
21616,11,0
21616,12,0
21616,29,0
21616,30,0
21616,31,0
21616,32,0
21616,33,0
21616,34,0
21616,35,1
21616,36,1
21616,37,0
21616,39,0
21616,40,0
21616,41,0
21616,147,0
21616,148,0
21616,149,1
21616,150,0
21616,152,1
21616,153,1
21616,154,1
21616,155,0
21616,157,1
21616,159,0
21616,160,0
21616,164,0
21616,170,0
21616,171,0
21616,172,0
21616,173,0
21616,174,0
21616,175,0
21616,176,0
21616,177,0
21616,178,0
21616,181,0
21616,182,0
21616,183,0
21616,184,0
21616,194,0
21616,196,0
21616,197,0
21616,198,0
21616,200,0
21616,201,0
21616,202,0
21616,203,0
21617,1,1
21617,2,0
21617,3,1
21617,5,1
21617,6,1
21617,7,1
21617,9,1
21617,10,0
21617,11,0
21617,12,0
21617,29,0
21617,30,0
21617,31,0
21617,32,0
21617,33,0
21617,34,0
21617,35,0
21617,36,0
21617,37,0
21617,39,1
21617,49,1
21617,50,1
21617,52,1
21617,53,1
21617,54,1
21617,56,1
21617,57,1
21617,59,1
21617,60,1
21617,61,1
21617,63,1
21617,64,1
21617,65,1
21617,66,1
21617,67,1
21617,72,1
21617,73,1
21617,74,1
21617,82,1
21617,83,1
21617,84,1
21617,86,1
21617,87,1
21617,88,1
21617,90,1
21617,91,1
21617,92,1
21617,93,1
21617,147,0
21617,148,1
21617,149,0
21617,150,0
21617,152,0
21617,153,0
21617,154,0
21617,155,0
21617,157,0
21617,159,0
21617,160,0
21617,164,0
21617,170,1
21617,171,1
21617,172,0
21617,173,0
21617,174,1
21617,175,0
21617,176,0
21617,177,0
21617,178,0
21617,181,0
21617,182,0
21617,183,0
21617,184,0
21617,194,0
21617,196,0
21617,197,0
21617,198,0
21617,200,0
21617,201,1
21617,202,0
21617,203,0
21619,1,1
21619,2,0
21619,3,1
21619,5,1
21619,6,1
21619,7,1
21619,9,1
21619,10,0
21619,11,0
21619,12,0
21619,29,1
21619,32,0
21619,33,0
21619,34,0
21619,35,0
21619,36,0
21619,37,0
21619,39,0
21619,40,0
21619,41,0
21619,49,1
21619,50,1
21619,52,1
21619,53,1
21619,54,1
21619,56,1
21619,57,1
21619,59,1
21619,60,1
21619,61,1
21619,63,1
21619,64,1
21619,65,1
21619,66,1
21619,67,1
21619,72,1
21619,73,1
21619,74,1
21619,82,1
21619,83,1
21619,84,1
21619,86,1
21619,87,1
21619,88,1
21619,90,1
21619,91,1
21619,92,1
21619,93,1
21619,147,0
21619,148,1
21619,149,0
21619,150,0
21619,152,1
21619,153,1
21619,154,0
21619,155,1
21619,157,0
21619,159,0
21619,160,0
21619,164,0
21619,170,1
21619,171,0
21619,172,0
21619,173,0
21619,174,0
21619,175,0
21619,176,0
21619,177,0
21619,178,0
21619,181,0
21619,182,0
21619,183,0
21619,184,0
21619,194,0
21619,196,0
21619,197,0
21619,198,0
21619,200,0
21619,201,1
21619,202,0
21619,203,0
21620,1,1
21620,2,0
21620,3,1
21620,5,1
21620,6,1
21620,7,1
21620,29,1
21620,30,1
21620,31,0
21620,32,0
21620,33,0
21620,34,0
21620,35,0
21620,36,0
21620,37,0
21620,39,0
21620,40,0
21620,41,0
21620,147,1
21620,148,0
21620,149,0
21620,150,0
21620,194,0
21620,196,0
21620,197,0
21620,198,0
21620,200,0
21620,201,0
21620,202,0
21620,203,0
21629,1,1
21629,2,0
21629,3,1
21629,5,1
21629,6,1
21629,7,1
21629,9,0
21629,10,0
21629,11,0
21629,12,1
21629,29,0
21629,30,0
21629,31,0
21629,32,0
21629,33,0
21629,34,0
21629,35,0
21629,36,0
21629,37,0
21629,39,1
21629,49,1
21629,50,1
21629,52,1
21629,53,1
21629,54,1
21629,56,1
21629,57,1
21629,59,1
21629,60,1
21629,61,1
21629,63,1
21629,64,1
21629,65,1
21629,66,1
21629,67,1
21629,72,1
21629,73,1
21629,74,1
21629,82,1
21629,83,1
21629,84,1
21629,86,1
21629,87,1
21629,88,1
21629,90,1
21629,91,1
21629,92,1
21629,93,1
21629,147,0
21629,148,0
21629,149,1
21629,150,0
21629,152,1
21629,153,1
21629,154,0
21629,155,1
21629,157,0
21629,159,0
21629,160,0
21629,164,0
21629,170,0
21629,171,0
21629,172,0
21629,173,0
21629,174,0
21629,175,0
21629,176,0
21629,177,0
21629,178,0
21629,181,0
21629,182,0
21629,183,0
21629,184,0
21629,194,0
21629,196,0
21629,197,0
21629,198,0
21629,200,0
21629,201,1
21629,202,1
21629,203,0
21631,1,1
21631,2,0
21631,3,1
21631,5,1
21631,6,1
21631,7,1
21631,49,1
21631,50,1
21631,52,1
21631,53,1
21631,54,1
21631,56,1
21631,57,1
21631,59,1
21631,60,1
21631,61,1
21631,63,1
21631,64,1
21631,65,1
21631,66,1
21631,67,1
21631,72,0
21631,73,1
21631,74,1
21631,82,1
21631,83,1
21631,84,1
21631,86,1
21631,87,1
21631,88,1
21631,90,1
21631,91,1
21631,92,1
21631,93,1
21631,147,1
21631,148,0
21631,149,0
21631,150,0
21631,194,0
21631,196,0
21631,197,0
21631,198,0
21631,200,0
21631,201,0
21631,202,0
21631,203,0
21632,1,1
21632,2,0
21632,3,1
21632,5,1
21632,6,1
21632,7,1
21632,9,0
21632,10,1
21632,11,0
21632,12,0
21632,29,0
21632,30,0
21632,31,0
21632,32,0
21632,33,0
21632,34,0
21632,35,0
21632,36,0
21632,37,0
21632,39,1
21632,49,1
21632,50,1
21632,52,1
21632,53,1
21632,54,1
21632,56,1
21632,57,1
21632,59,1
21632,60,1
21632,61,1
21632,63,1
21632,64,1
21632,65,1
21632,66,1
21632,67,1
21632,72,1
21632,73,1
21632,74,1
21632,82,1
21632,83,1
21632,84,1
21632,86,1
21632,87,1
21632,88,1
21632,90,1
21632,91,1
21632,92,1
21632,93,1
21632,147,0
21632,148,0
21632,149,0
21632,150,1
21632,152,1
21632,153,1
21632,154,0
21632,155,1
21632,157,1
21632,159,0
21632,160,1
21632,164,0
21632,170,1
21632,171,1
21632,172,0
21632,173,0
21632,174,1
21632,175,0
21632,176,0
21632,177,0
21632,178,0
21632,181,0
21632,182,0
21632,183,0
21632,184,0
21632,194,0
21632,196,0
21632,197,0
21632,198,0
21632,200,0
21632,201,1
21632,202,0
21632,203,0
21640,1,1
21640,2,0
21640,3,1
21640,5,1
21640,6,1
21640,7,1
21640,147,1
21640,148,0
21640,149,0
21640,150,0
21640,194,0
21640,196,0
21640,197,0
21640,198,0
21640,200,0
21640,201,1
21640,202,0
21640,203,0
21881,1,1
21881,2,1
21881,3,0
21881,5,1
21881,6,1
21881,7,1
21881,29,1
21881,30,1
21881,31,0
21881,32,0
21881,33,0
21881,34,0
21881,35,0
21881,36,0
21881,37,0
21881,39,0
21881,40,0
21881,41,0
21881,49,1
21881,50,1
21881,52,1
21881,53,1
21881,54,1
21881,56,1
21881,57,1
21881,59,1
21881,60,1
21881,61,1
21881,63,0
21881,64,1
21881,65,1
21881,66,1
21881,67,1
21881,72,1
21881,73,1
21881,74,1
21881,82,1
21881,83,0
21881,84,0
21881,86,1
21881,87,1
21881,88,1
21881,90,1
21881,91,1
21881,92,1
21881,93,1
21881,147,1
21881,148,0
21881,149,0
21881,150,0
21881,194,0
21881,196,0
21881,197,0
21881,198,0
21881,200,0
21881,201,1
21881,202,0
21881,203,0
21888,1,1
21888,2,1
21888,3,0
21888,5,1
21888,6,1
21888,7,1
21888,49,1
21888,50,1
21888,52,1
21888,53,1
21888,54,1
21888,56,1
21888,57,1
21888,59,1
21888,60,1
21888,61,1
21888,63,1
21888,64,1
21888,65,1
21888,66,1
21888,67,1
21888,72,1
21888,73,1
21888,74,1
21888,82,1
21888,83,1
21888,84,1
21888,86,1
21888,87,1
21888,88,1
21888,90,1
21888,91,1
21888,92,1
21888,93,1
21888,147,1
21888,148,0
21888,149,0
21888,150,0
21888,194,0
21888,196,0
21888,197,0
21888,198,0
21888,200,0
21888,201,0
21888,202,0
21888,203,0
21893,1,1
21893,2,0
21893,3,1
21893,5,1
21893,6,1
21893,7,1
21893,29,1
21893,30,1
21893,31,0
21893,32,0
21893,33,0
21893,34,0
21893,35,0
21893,36,0
21893,37,0
21893,39,0
21893,40,0
21893,41,0
21893,56,1
21893,57,1
21893,59,1
21893,60,1
21893,61,1
21893,63,1
21893,64,1
21893,65,1
21893,66,1
21893,67,1
21893,72,1
21893,73,1
21893,74,1
21893,82,1
21893,83,1
21893,84,1
21893,86,1
21893,87,1
21893,88,1
21893,90,1
21893,91,1
21893,92,1
21893,93,0
21893,147,1
21893,148,0
21893,149,0
21893,150,0
21893,194,0
21893,196,0
21893,197,0
21893,198,0
21893,200,0
21893,201,0
21893,202,0
21893,203,0
21895,1,1
21895,2,0
21895,3,1
21895,5,1
21895,6,1
21895,7,1
21895,49,1
21895,50,1
21895,52,1
21895,53,1
21895,54,1
21895,56,1
21895,57,1
21895,59,1
21895,60,1
21895,61,1
21895,63,1
21895,64,1
21895,65,1
21895,66,1
21895,67,1
21895,72,1
21895,73,1
21895,74,1
21895,82,1
21895,83,1
21895,84,1
21895,86,1
21895,87,1
21895,88,1
21895,90,1
21895,91,1
21895,92,1
21895,93,0
21895,147,1
21895,148,0
21895,149,0
21895,150,0
21895,194,0
21895,196,0
21895,197,0
21895,198,0
21895,200,0
21895,201,0
21895,202,0
21895,203,0
21902,1,1
21902,2,0
21902,3,1
21902,5,1
21902,6,1
21902,7,1
21902,72,1
21902,73,1
21902,74,1
21902,82,1
21902,83,1
21902,84,1
21902,86,1
21902,87,1
21902,88,1
21902,90,1
21902,91,1
21902,92,1
21902,93,1
21902,147,1
21902,148,0
21902,149,0
21902,150,0
21902,194,0
21902,196,0
21902,197,0
21902,198,0
21902,200,0
21902,201,1
21902,202,0
21902,203,0
21904,1,1
21904,2,0
21904,3,1
21904,5,1
21904,6,1
21904,7,1
21904,72,1
21904,73,1
21904,74,1
21904,82,1
21904,83,1
21904,84,1
21904,90,1
21904,91,1
21904,92,1
21904,93,1
21904,147,1
21904,148,0
21904,149,0
21904,150,0
21904,194,0
21904,196,0
21904,197,0
21904,198,0
21904,200,0
21904,201,0
21904,202,0
21904,203,0
21905,1,1
21905,2,0
21905,3,1
21905,5,1
21905,6,1
21905,7,1
21905,56,1
21905,57,1
21905,59,1
21905,60,1
21905,61,1
21905,63,1
21905,64,1
21905,65,1
21905,66,1
21905,67,1
21905,72,1
21905,73,1
21905,74,1
21905,82,1
21905,83,1
21905,84,1
21905,86,1
21905,87,1
21905,88,1
21905,90,1
21905,91,1
21905,92,1
21905,93,1
21905,147,1
21905,148,0
21905,149,0
21905,150,0
21905,194,0
21905,196,0
21905,197,0
21905,198,0
21905,200,0
21905,201,1
21905,202,0
21905,203,0
21909,1,1
21909,2,1
21909,3,0
21909,5,1
21909,6,1
21909,7,1
21909,9,1
21909,10,0
21909,11,0
21909,12,0
21909,49,1
21909,50,1
21909,52,1
21909,53,1
21909,54,1
21909,56,1
21909,57,1
21909,59,1
21909,60,1
21909,61,1
21909,63,1
21909,64,1
21909,65,1
21909,66,1
21909,67,1
21909,72,0
21909,73,1
21909,74,1
21909,82,1
21909,83,1
21909,84,1
21909,86,1
21909,87,1
21909,88,1
21909,90,1
21909,91,1
21909,92,1
21909,93,0
21909,147,0
21909,148,1
21909,149,0
21909,150,0
21909,152,1
21909,153,1
21909,154,0
21909,155,1
21909,157,0
21909,159,0
21909,160,0
21909,164,0
21909,170,0
21909,171,0
21909,172,0
21909,173,0
21909,174,0
21909,175,0
21909,176,0
21909,177,0
21909,178,0
21909,181,0
21909,182,0
21909,183,0
21909,184,0
21909,194,0
21909,196,0
21909,197,0
21909,198,0
21909,200,0
21909,201,1
21909,202,0
21909,203,0
21911,1,1
21911,2,0
21911,3,1
21911,5,1
21911,6,1
21911,7,1
21911,49,1
21911,50,1
21911,52,1
21911,53,1
21911,54,1
21911,56,1
21911,57,1
21911,59,1
21911,60,1
21911,61,1
21911,63,1
21911,64,1
21911,65,1
21911,66,1
21911,67,1
21911,72,0
21911,73,1
21911,74,1
21911,82,1
21911,83,1
21911,84,1
21911,86,1
21911,87,1
21911,88,1
21911,90,1
21911,91,1
21911,92,1
21911,93,1
21911,147,1
21911,148,0
21911,149,0
21911,150,0
21911,194,0
21911,196,0
21911,197,0
21911,198,0
21911,200,0
21911,201,1
21911,202,0
21911,203,0
21918,1,1
21918,2,0
21918,3,1
21918,5,1
21918,6,1
21918,7,1
21918,29,0
21918,30,0
21918,31,0
21918,32,0
21918,33,0
21918,34,0
21918,35,0
21918,36,0
21918,37,0
21918,39,1
21918,49,1
21918,50,1
21918,52,1
21918,53,1
21918,54,1
21918,56,1
21918,57,1
21918,59,1
21918,60,1
21918,61,1
21918,63,1
21918,64,1
21918,65,1
21918,66,1
21918,67,1
21918,72,1
21918,73,1
21918,74,1
21918,82,1
21918,83,1
21918,84,1
21918,86,1
21918,87,1
21918,88,1
21918,90,1
21918,91,1
21918,92,1
21918,93,0
21918,147,0
21918,148,0
21918,149,1
21918,150,0
21918,152,1
21918,153,0
21918,154,0
21918,155,0
21918,157,0
21918,159,0
21918,160,0
21918,164,0
21918,170,1
21918,171,1
21918,172,0
21918,173,0
21918,174,1
21918,175,0
21918,176,0
21918,177,0
21918,178,0
21918,181,0
21918,182,0
21918,183,0
21918,184,0
21918,194,1
21918,196,1
21918,197,1
21918,198,1
21918,200,0
21918,201,1
21918,202,0
21918,203,0
21922,1,1
21922,2,0
21922,3,1
21922,5,1
21922,6,1
21922,7,1
21922,49,0
21922,50,0
21922,52,1
21922,53,1
21922,54,1
21922,56,1
21922,57,1
21922,59,1
21922,60,1
21922,61,1
21922,63,1
21922,64,1
21922,65,1
21922,66,1
21922,67,1
21922,72,1
21922,73,1
21922,74,1
21922,82,1
21922,83,1
21922,84,1
21922,86,1
21922,87,1
21922,88,1
21922,90,1
21922,91,1
21922,92,1
21922,93,1
21922,147,1
21922,148,0
21922,149,0
21922,150,0
21922,194,0
21922,196,0
21922,197,0
21922,198,0
21922,200,0
21922,201,1
21922,202,0
21922,203,0
21924,1,1
21924,2,0
21924,3,1
21924,5,1
21924,6,1
21924,7,1
21924,49,1
21924,50,1
21924,52,1
21924,53,1
21924,54,1
21924,56,1
21924,57,1
21924,59,1
21924,60,1
21924,61,1
21924,63,1
21924,64,1
21924,65,1
21924,66,1
21924,67,1
21924,72,1
21924,73,1
21924,74,1
21924,82,1
21924,83,1
21924,84,1
21924,86,1
21924,87,1
21924,88,1
21924,90,1
21924,91,1
21924,92,1
21924,93,1
21924,147,1
21924,148,0
21924,149,0
21924,150,0
21924,194,0
21924,196,0
21924,197,0
21924,198,0
21924,200,0
21924,201,1
21924,202,0
21924,203,0
21930,1,1
21930,2,0
21930,3,1
21930,5,1
21930,6,1
21930,7,1
21930,9,0
21930,10,0
21930,11,1
21930,12,0
21930,29,1
21930,30,1
21930,31,0
21930,32,0
21930,33,0
21930,34,0
21930,35,0
21930,36,0
21930,37,0
21930,39,0
21930,40,0
21930,41,0
21930,49,1
21930,50,1
21930,52,1
21930,53,1
21930,54,1
21930,56,1
21930,57,1
21930,59,1
21930,60,1
21930,61,1
21930,63,1
21930,64,1
21930,65,1
21930,66,1
21930,67,1
21930,72,1
21930,73,1
21930,74,1
21930,82,1
21930,83,1
21930,84,1
21930,86,1
21930,87,1
21930,88,1
21930,90,1
21930,91,1
21930,92,1
21930,93,1
21930,147,0
21930,148,0
21930,149,1
21930,150,0
21930,152,1
21930,153,1
21930,154,0
21930,155,1
21930,157,1
21930,159,1
21930,160,0
21930,164,0
21930,170,0
21930,171,0
21930,172,0
21930,173,0
21930,174,0
21930,175,0
21930,176,0
21930,177,0
21930,178,0
21930,181,0
21930,182,0
21930,183,0
21930,184,0
21930,194,0
21930,196,0
21930,197,0
21930,198,0
21930,200,0
21930,201,0
21930,202,0
21930,203,0
21934,1,1
21934,2,0
21934,3,1
21934,5,1
21934,6,1
21934,7,1
21934,9,0
21934,10,0
21934,11,0
21934,12,1
21934,29,0
21934,30,0
21934,31,0
21934,32,0
21934,33,0
21934,34,0
21934,35,0
21934,36,0
21934,37,0
21934,39,1
21934,49,1
21934,50,1
21934,52,1
21934,53,1
21934,54,1
21934,56,1
21934,57,1
21934,59,1
21934,60,1
21934,61,1
21934,63,1
21934,64,1
21934,65,1
21934,66,1
21934,67,1
21934,72,1
21934,73,1
21934,74,1
21934,82,1
21934,83,1
21934,84,1
21934,86,1
21934,87,1
21934,88,1
21934,90,1
21934,91,1
21934,92,1
21934,93,1
21934,147,1
21934,148,0
21934,149,0
21934,150,0
21934,194,1
21934,196,1
21934,197,0
21934,198,0
21934,200,0
21934,201,1
21934,202,0
21934,203,0
21935,1,1
21935,2,0
21935,3,1
21935,5,1
21935,6,1
21935,7,1
21935,29,0
21935,30,0
21935,31,0
21935,32,0
21935,33,0
21935,34,0
21935,35,0
21935,36,0
21935,37,0
21935,39,1
21935,49,1
21935,50,1
21935,52,1
21935,53,1
21935,54,1
21935,56,1
21935,57,1
21935,59,1
21935,60,1
21935,61,1
21935,63,1
21935,64,1
21935,65,1
21935,66,1
21935,67,1
21935,72,1
21935,73,1
21935,74,1
21935,82,1
21935,83,1
21935,84,1
21935,86,1
21935,87,1
21935,88,1
21935,90,1
21935,91,1
21935,92,1
21935,93,1
21935,147,1
21935,148,0
21935,149,0
21935,150,0
21935,194,0
21935,196,0
21935,197,0
21935,198,0
21935,200,0
21935,201,1
21935,202,0
21935,203,0
21943,1,1
21943,2,0
21943,3,1
21943,5,1
21943,6,1
21943,7,1
21943,29,1
21943,32,0
21943,33,0
21943,34,0
21943,35,0
21943,36,0
21943,37,0
21943,39,0
21943,40,0
21943,41,0
21943,49,1
21943,50,1
21943,52,1
21943,53,1
21943,54,1
21943,56,1
21943,57,1
21943,59,1
21943,60,1
21943,61,1
21943,63,1
21943,64,1
21943,65,1
21943,66,1
21943,67,1
21943,72,1
21943,73,1
21943,74,1
21943,82,1
21943,83,1
21943,84,1
21943,86,1
21943,87,1
21943,88,1
21943,90,1
21943,91,1
21943,92,1
21943,93,1
21943,147,1
21943,148,0
21943,149,0
21943,150,0
21943,194,0
21943,196,0
21943,197,0
21943,198,0
21943,200,0
21943,201,0
21943,202,0
21943,203,0
21947,1,1
21947,2,0
21947,3,1
21947,5,1
21947,6,1
21947,7,1
21947,29,1
21947,30,1
21947,31,0
21947,32,0
21947,33,0
21947,34,0
21947,35,0
21947,36,0
21947,37,0
21947,39,0
21947,40,0
21947,41,0
21947,72,1
21947,73,1
21947,74,1
21947,82,1
21947,83,1
21947,84,1
21947,86,1
21947,87,1
21947,88,1
21947,90,1
21947,91,1
21947,92,1
21947,93,1
21947,147,1
21947,148,0
21947,149,0
21947,150,0
21947,194,0
21947,196,0
21947,197,0
21947,198,0
21947,200,0
21947,201,0
21947,202,0
21947,203,0
21949,1,1
21949,2,0
21949,3,1
21949,5,1
21949,6,1
21949,7,1
21949,49,1
21949,50,1
21949,52,1
21949,53,1
21949,54,1
21949,56,1
21949,57,1
21949,59,1
21949,60,1
21949,61,1
21949,63,1
21949,64,1
21949,65,1
21949,66,1
21949,67,1
21949,72,1
21949,73,1
21949,74,1
21949,82,1
21949,83,1
21949,84,1
21949,86,1
21949,87,1
21949,88,1
21949,90,1
21949,91,1
21949,92,1
21949,93,1
21949,147,0
21949,148,1
21949,149,0
21949,150,0
21949,152,1
21949,153,1
21949,154,1
21949,155,0
21949,157,0
21949,159,0
21949,160,0
21949,164,0
21949,170,0
21949,171,0
21949,172,0
21949,173,0
21949,174,0
21949,175,0
21949,176,0
21949,177,0
21949,178,0
21949,181,0
21949,182,0
21949,183,0
21949,184,0
21949,194,0
21949,196,0
21949,197,0
21949,198,0
21949,200,0
21949,201,1
21949,202,0
21949,203,0
21955,1,1
21955,2,0
21955,3,1
21955,5,1
21955,6,1
21955,7,1
21955,29,1
21955,32,0
21955,33,0
21955,34,0
21955,35,0
21955,36,0
21955,37,0
21955,39,0
21955,40,0
21955,41,0
21955,56,1
21955,57,1
21955,59,1
21955,60,1
21955,61,1
21955,63,1
21955,64,1
21955,65,1
21955,66,1
21955,67,1
21955,72,1
21955,73,1
21955,74,1
21955,82,1
21955,83,1
21955,84,1
21955,86,1
21955,87,1
21955,88,1
21955,90,1
21955,91,1
21955,92,1
21955,93,1
21955,147,1
21955,148,0
21955,149,0
21955,150,0
21955,194,0
21955,196,0
21955,197,0
21955,198,0
21955,200,0
21955,201,1
21955,202,0
21955,203,0
21956,1,1
21956,2,0
21956,3,1
21956,5,1
21956,6,1
21956,7,1
21956,49,1
21956,50,1
21956,52,1
21956,53,1
21956,54,1
21956,56,1
21956,57,1
21956,59,1
21956,60,1
21956,61,1
21956,63,1
21956,64,1
21956,65,1
21956,66,1
21956,67,1
21956,72,1
21956,73,1
21956,74,1
21956,82,1
21956,83,1
21956,84,1
21956,86,1
21956,87,1
21956,88,1
21956,90,1
21956,91,1
21956,92,1
21956,93,0
21956,147,1
21956,148,0
21956,149,0
21956,150,0
21956,194,0
21956,196,0
21956,197,0
21956,198,0
21956,200,0
21956,201,0
21956,202,0
21956,203,0
21965,1,1
21965,2,1
21965,3,0
21965,5,1
21965,6,1
21965,7,1
21965,9,0
21965,10,1
21965,11,0
21965,12,0
21965,29,0
21965,30,0
21965,31,0
21965,32,0
21965,33,0
21965,34,0
21965,35,0
21965,36,0
21965,37,0
21965,39,1
21965,49,1
21965,50,1
21965,52,1
21965,53,1
21965,54,1
21965,56,1
21965,57,1
21965,59,1
21965,60,1
21965,61,1
21965,63,1
21965,64,1
21965,65,1
21965,66,1
21965,67,1
21965,72,1
21965,73,1
21965,74,1
21965,82,1
21965,83,1
21965,84,1
21965,86,1
21965,87,1
21965,88,1
21965,90,0
21965,91,0
21965,92,0
21965,93,0
21965,147,0
21965,148,0
21965,149,0
21965,150,1
21965,152,1
21965,153,1
21965,154,0
21965,155,1
21965,157,1
21965,159,1
21965,160,0
21965,164,0
21965,170,1
21965,171,1
21965,172,0
21965,173,0
21965,174,0
21965,175,1
21965,176,0
21965,177,0
21965,178,0
21965,181,0
21965,182,0
21965,183,0
21965,184,0
21965,194,0
21965,196,0
21965,197,0
21965,198,0
21965,200,0
21965,201,1
21965,202,0
21965,203,0
21966,1,1
21966,2,0
21966,3,1
21966,5,1
21966,6,1
21966,7,1
21966,49,1
21966,50,1
21966,52,1
21966,53,1
21966,54,1
21966,56,1
21966,57,1
21966,59,1
21966,60,1
21966,61,1
21966,63,1
21966,64,1
21966,65,1
21966,66,1
21966,67,1
21966,72,1
21966,73,1
21966,74,1
21966,82,1
21966,83,1
21966,84,1
21966,86,1
21966,87,1
21966,88,1
21966,90,1
21966,91,1
21966,92,1
21966,93,1
21966,147,1
21966,148,0
21966,149,0
21966,150,0
21966,194,0
21966,196,0
21966,197,0
21966,198,0
21966,200,0
21966,201,1
21966,202,0
21966,203,0
21969,1,1
21969,2,0
21969,3,1
21969,5,1
21969,6,1
21969,7,1
21969,49,0
21969,50,1
21969,52,1
21969,53,1
21969,54,1
21969,56,1
21969,57,1
21969,59,1
21969,60,1
21969,61,1
21969,63,1
21969,64,1
21969,65,1
21969,66,1
21969,67,1
21969,72,1
21969,73,1
21969,74,1
21969,82,1
21969,83,1
21969,84,1
21969,86,1
21969,87,1
21969,88,1
21969,90,1
21969,91,1
21969,92,0
21969,93,0
21969,147,1
21969,148,0
21969,149,0
21969,150,0
21969,194,0
21969,196,1
21969,197,0
21969,198,0
21969,200,0
21969,201,1
21969,202,0
21969,203,0
21978,1,1
21978,2,0
21978,3,1
21978,5,1
21978,6,1
21978,7,1
21978,49,1
21978,50,1
21978,52,1
21978,53,1
21978,54,1
21978,56,1
21978,57,1
21978,59,1
21978,60,1
21978,61,1
21978,63,1
21978,64,1
21978,65,1
21978,66,1
21978,67,1
21978,72,1
21978,73,1
21978,74,1
21978,82,1
21978,83,1
21978,84,1
21978,86,1
21978,87,1
21978,88,1
21978,90,1
21978,91,1
21978,92,1
21978,93,1
21978,147,1
21978,148,0
21978,149,0
21978,150,0
21978,194,0
21978,196,0
21978,197,0
21978,198,0
21978,200,0
21978,201,1
21978,202,0
21978,203,0
21981,1,1
21981,2,1
21981,3,0
21981,5,1
21981,6,1
21981,7,1
21981,72,0
21981,73,1
21981,74,1
21981,82,1
21981,83,1
21981,84,1
21981,86,1
21981,87,1
21981,88,1
21981,90,1
21981,91,1
21981,92,1
21981,93,1
21981,147,0
21981,148,0
21981,149,1
21981,150,0
21981,152,1
21981,153,1
21981,154,0
21981,155,1
21981,157,1
21981,159,0
21981,160,1
21981,164,0
21981,170,0
21981,171,0
21981,172,0
21981,173,0
21981,174,0
21981,175,0
21981,176,0
21981,177,0
21981,178,0
21981,181,0
21981,182,0
21981,183,0
21981,184,0
21981,194,0
21981,196,0
21981,197,0
21981,198,0
21981,200,0
21981,201,1
21981,202,0
21981,203,0
21983,1,1
21983,2,0
21983,3,1
21983,5,1
21983,6,1
21983,7,1
21983,29,1
21983,30,1
21983,31,0
21983,32,0
21983,33,0
21983,34,0
21983,35,0
21983,36,0
21983,37,0
21983,39,0
21983,40,0
21983,41,0
21983,49,1
21983,50,1
21983,52,1
21983,53,1
21983,54,1
21983,56,1
21983,57,1
21983,59,1
21983,60,1
21983,61,1
21983,63,1
21983,64,1
21983,65,1
21983,66,1
21983,67,1
21983,72,1
21983,73,1
21983,74,1
21983,82,1
21983,83,1
21983,84,1
21983,86,1
21983,87,1
21983,88,1
21983,90,1
21983,91,1
21983,92,1
21983,93,1
21983,147,1
21983,148,0
21983,149,0
21983,150,0
21983,194,0
21983,196,0
21983,197,0
21983,198,0
21983,200,0
21983,201,1
21983,202,0
21983,203,0
21984,1,1
21984,2,0
21984,3,1
21984,5,1
21984,6,1
21984,7,1
21984,56,1
21984,57,1
21984,59,1
21984,60,1
21984,61,1
21984,63,1
21984,64,1
21984,65,1
21984,66,1
21984,67,1
21984,72,1
21984,73,1
21984,74,1
21984,82,1
21984,83,1
21984,84,1
21984,86,1
21984,87,1
21984,88,1
21984,90,1
21984,91,1
21984,92,1
21984,93,1
21984,147,1
21984,148,0
21984,149,0
21984,150,0
21984,194,0
21984,196,0
21984,197,0
21984,198,0
21984,200,0
21984,201,0
21984,202,0
21984,203,0
21988,1,1
21988,2,0
21988,3,1
21988,5,1
21988,6,1
21988,7,1
21988,49,1
21988,50,1
21988,52,1
21988,53,1
21988,54,1
21988,56,1
21988,57,1
21988,59,1
21988,60,1
21988,61,1
21988,63,1
21988,64,1
21988,65,1
21988,66,1
21988,67,1
21988,72,1
21988,73,1
21988,74,1
21988,82,1
21988,83,1
21988,84,1
21988,86,1
21988,87,1
21988,88,1
21988,90,1
21988,91,1
21988,92,1
21988,93,1
21988,147,1
21988,148,0
21988,149,0
21988,150,0
21988,194,0
21988,196,0
21988,197,0
21988,198,0
21988,200,0
21988,201,0
21988,202,0
21988,203,0
21992,1,1
21992,2,0
21992,3,1
21992,5,1
21992,6,1
21992,7,1
21992,49,1
21992,50,1
21992,52,1
21992,53,1
21992,54,1
21992,56,1
21992,57,1
21992,59,1
21992,60,1
21992,61,1
21992,63,1
21992,64,1
21992,65,1
21992,66,1
21992,67,1
21992,72,1
21992,73,1
21992,74,1
21992,82,1
21992,83,1
21992,84,1
21992,86,1
21992,87,1
21992,88,1
21992,90,1
21992,91,1
21992,92,1
21992,93,1
21992,147,1
21992,148,0
21992,149,0
21992,150,0
21992,194,0
21992,196,0
21992,197,0
21992,198,0
21992,200,0
21992,201,0
21992,202,1
21992,203,0
21996,1,1
21996,5,1
21996,6,1
21996,7,1
21996,147,1
21996,148,0
21996,149,0
21996,150,0
21996,194,0
21996,196,0
21996,197,0
21996,198,0
21996,200,0
21996,201,0
21996,202,0
21996,203,0
22005,1,1
22005,2,0
22005,3,1
22005,5,1
22005,6,1
22005,7,1
22005,9,1
22005,10,0
22005,11,0
22005,12,0
22005,29,0
22005,30,0
22005,31,0
22005,32,0
22005,33,0
22005,34,0
22005,35,0
22005,36,0
22005,37,0
22005,39,1
22005,49,1
22005,50,1
22005,52,1
22005,53,1
22005,54,1
22005,56,1
22005,57,1
22005,59,1
22005,60,1
22005,61,1
22005,63,1
22005,64,1
22005,65,1
22005,66,1
22005,67,1
22005,72,0
22005,73,1
22005,74,1
22005,82,1
22005,83,1
22005,84,1
22005,86,1
22005,87,1
22005,88,1
22005,90,1
22005,91,1
22005,92,1
22005,93,1
22005,147,0
22005,148,1
22005,149,0
22005,150,0
22005,152,0
22005,153,0
22005,154,0
22005,155,0
22005,157,1
22005,159,1
22005,160,0
22005,164,0
22005,170,0
22005,171,0
22005,172,0
22005,173,0
22005,174,0
22005,175,0
22005,176,0
22005,177,0
22005,178,0
22005,181,0
22005,182,0
22005,183,0
22005,184,0
22005,194,1
22005,196,0
22005,197,0
22005,198,0
22005,200,0
22005,201,1
22005,202,0
22005,203,0
22006,1,1
22006,2,0
22006,3,1
22006,5,1
22006,6,1
22006,7,1
22006,9,0
22006,10,1
22006,11,0
22006,12,0
22006,49,1
22006,50,1
22006,52,1
22006,53,1
22006,54,1
22006,56,1
22006,57,1
22006,59,1
22006,60,1
22006,61,1
22006,63,1
22006,64,1
22006,65,1
22006,66,1
22006,67,1
22006,72,1
22006,73,1
22006,74,1
22006,82,1
22006,83,1
22006,84,1
22006,86,1
22006,87,1
22006,88,1
22006,90,1
22006,91,1
22006,92,1
22006,93,0
22006,147,1
22006,148,0
22006,149,0
22006,150,0
22006,194,0
22006,196,0
22006,197,0
22006,198,0
22006,200,0
22006,201,1
22006,202,0
22006,203,0
22008,1,1
22008,2,0
22008,3,1
22008,5,1
22008,6,1
22008,7,1
22008,56,1
22008,57,1
22008,59,1
22008,60,1
22008,61,1
22008,63,1
22008,64,1
22008,65,1
22008,66,1
22008,67,1
22008,72,1
22008,73,1
22008,74,1
22008,82,1
22008,83,1
22008,84,1
22008,86,1
22008,87,1
22008,88,1
22008,90,1
22008,91,1
22008,92,1
22008,93,1
22008,147,1
22008,148,0
22008,149,0
22008,150,0
22008,194,0
22008,196,0
22008,197,0
22008,198,0
22008,200,0
22008,201,1
22008,202,0
22008,203,0
22014,1,1
22014,5,1
22014,6,1
22014,7,1
22014,49,1
22014,50,1
22014,52,1
22014,53,1
22014,54,1
22014,56,1
22014,57,1
22014,59,1
22014,60,1
22014,61,1
22014,63,1
22014,64,1
22014,65,1
22014,66,1
22014,67,1
22014,72,1
22014,73,1
22014,74,1
22014,82,1
22014,83,1
22014,84,1
22014,86,1
22014,87,1
22014,88,1
22014,90,1
22014,91,1
22014,92,1
22014,93,1
22014,147,1
22014,148,0
22014,149,0
22014,150,0
22014,194,0
22014,196,1
22014,197,0
22014,198,0
22014,200,0
22014,201,0
22014,202,0
22014,203,0
22019,1,1
22019,2,0
22019,3,1
22019,5,1
22019,6,1
22019,7,1
22019,9,0
22019,10,0
22019,11,0
22019,12,1
22019,29,1
22019,32,0
22019,33,0
22019,34,0
22019,35,0
22019,36,0
22019,37,0
22019,39,0
22019,40,0
22019,41,0
22019,49,1
22019,50,1
22019,52,1
22019,53,1
22019,54,1
22019,56,1
22019,57,1
22019,59,1
22019,60,1
22019,61,1
22019,63,1
22019,64,1
22019,65,1
22019,66,1
22019,67,1
22019,72,1
22019,73,1
22019,74,1
22019,82,1
22019,83,1
22019,84,1
22019,86,1
22019,87,1
22019,88,1
22019,90,1
22019,91,1
22019,92,1
22019,93,1
22019,147,1
22019,148,0
22019,149,0
22019,150,0
22019,194,0
22019,196,1
22019,197,0
22019,198,0
22019,200,0
22019,201,1
22019,202,0
22019,203,0
22020,1,1
22020,2,0
22020,3,1
22020,5,1
22020,6,1
22020,7,1
22020,72,1
22020,73,1
22020,74,1
22020,82,1
22020,83,1
22020,84,1
22020,90,1
22020,91,1
22020,92,1
22020,93,1
22020,147,1
22020,148,0
22020,149,0
22020,150,0
22020,194,0
22020,196,0
22020,197,0
22020,198,0
22020,200,0
22020,201,0
22020,202,0
22020,203,0
22026,1,1
22026,2,0
22026,3,1
22026,5,1
22026,6,1
22026,7,1
22026,9,1
22026,10,0
22026,11,0
22026,12,0
22026,29,1
22026,30,1
22026,31,1
22026,32,0
22026,33,0
22026,34,0
22026,35,0
22026,36,0
22026,37,0
22026,39,0
22026,40,0
22026,41,0
22026,49,1
22026,50,1
22026,52,1
22026,53,1
22026,54,1
22026,56,1
22026,57,1
22026,59,1
22026,60,1
22026,61,1
22026,63,1
22026,64,1
22026,65,1
22026,66,1
22026,67,1
22026,72,1
22026,73,1
22026,74,1
22026,82,1
22026,83,1
22026,84,1
22026,86,1
22026,87,1
22026,88,1
22026,90,1
22026,91,1
22026,92,1
22026,93,1
22026,147,1
22026,148,0
22026,149,0
22026,150,0
22026,194,0
22026,196,0
22026,197,0
22026,198,0
22026,200,0
22026,201,1
22026,202,0
22026,203,0
22028,1,1
22028,2,0
22028,3,1
22028,5,1
22028,6,1
22028,7,1
22028,72,1
22028,73,1
22028,74,1
22028,82,1
22028,83,1
22028,84,1
22028,86,1
22028,87,1
22028,88,1
22028,90,1
22028,91,1
22028,92,1
22028,93,1
22028,147,1
22028,148,0
22028,149,0
22028,150,0
22028,194,0
22028,196,0
22028,197,0
22028,198,0
22028,200,0
22028,201,1
22028,202,0
22028,203,0
22254,1,1
22254,2,0
22254,3,1
22254,5,1
22254,6,1
22254,7,1
22254,29,1
22254,30,1
22254,31,0
22254,32,0
22254,33,0
22254,34,0
22254,35,0
22254,36,0
22254,37,0
22254,39,0
22254,40,0
22254,41,0
22254,49,1
22254,50,1
22254,52,1
22254,53,1
22254,54,1
22254,56,1
22254,57,1
22254,59,1
22254,60,1
22254,61,1
22254,63,1
22254,64,1
22254,65,1
22254,66,1
22254,67,1
22254,72,1
22254,73,1
22254,74,1
22254,82,1
22254,83,1
22254,84,1
22254,86,1
22254,87,1
22254,88,1
22254,90,1
22254,91,1
22254,92,1
22254,93,1
22254,147,1
22254,148,0
22254,149,0
22254,150,0
22254,194,0
22254,196,0
22254,197,0
22254,198,0
22254,200,0
22254,201,1
22254,202,0
22254,203,0
22258,1,1
22258,2,0
22258,3,1
22258,5,1
22258,6,1
22258,7,1
22258,29,1
22258,32,0
22258,33,0
22258,34,0
22258,35,0
22258,36,0
22258,37,0
22258,39,0
22258,40,0
22258,41,0
22258,72,1
22258,73,1
22258,74,1
22258,82,1
22258,83,1
22258,84,1
22258,86,1
22258,87,1
22258,88,1
22258,90,1
22258,91,1
22258,92,1
22258,93,1
22258,147,1
22258,148,0
22258,149,0
22258,150,0
22258,194,0
22258,196,0
22258,197,0
22258,198,0
22258,200,0
22258,201,0
22258,202,0
22258,203,0
22260,1,1
22260,2,0
22260,3,1
22260,5,1
22260,6,1
22260,7,1
22260,29,1
22260,30,1
22260,31,0
22260,32,0
22260,33,0
22260,34,0
22260,35,0
22260,36,0
22260,37,0
22260,39,0
22260,40,0
22260,41,0
22260,49,1
22260,50,1
22260,52,1
22260,53,1
22260,54,1
22260,56,1
22260,57,1
22260,59,1
22260,60,1
22260,61,1
22260,63,1
22260,64,1
22260,65,1
22260,66,1
22260,67,1
22260,72,1
22260,73,1
22260,74,1
22260,82,1
22260,83,1
22260,84,1
22260,86,1
22260,87,1
22260,88,1
22260,90,1
22260,91,1
22260,92,1
22260,93,1
22260,147,1
22260,148,0
22260,149,0
22260,150,0
22260,194,0
22260,196,0
22260,197,0
22260,198,0
22260,200,0
22260,201,0
22260,202,0
22260,203,0
22266,1,1
22266,2,0
22266,3,1
22266,5,1
22266,6,1
22266,7,1
22266,9,0
22266,10,0
22266,11,1
22266,12,0
22266,29,1
22266,30,0
22266,31,1
22266,32,0
22266,33,0
22266,34,0
22266,35,0
22266,36,0
22266,37,0
22266,39,0
22266,40,0
22266,41,0
22266,49,1
22266,50,1
22266,52,1
22266,53,1
22266,54,1
22266,56,1
22266,57,1
22266,59,1
22266,60,1
22266,61,1
22266,63,1
22266,64,1
22266,65,1
22266,66,1
22266,67,1
22266,72,0
22266,73,1
22266,74,1
22266,82,1
22266,83,1
22266,84,1
22266,86,1
22266,87,1
22266,88,1
22266,90,1
22266,91,1
22266,92,1
22266,93,1
22266,147,1
22266,148,0
22266,149,0
22266,150,0
22266,194,0
22266,196,0
22266,197,0
22266,198,0
22266,200,0
22266,201,1
22266,202,0
22266,203,0
22268,1,1
22268,2,0
22268,3,1
22268,5,1
22268,6,1
22268,7,1
22268,29,1
22268,32,0
22268,33,0
22268,34,0
22268,35,0
22268,36,0
22268,37,0
22268,39,0
22268,40,0
22268,41,0
22268,49,1
22268,50,1
22268,52,1
22268,53,1
22268,54,1
22268,56,1
22268,57,1
22268,59,1
22268,60,1
22268,61,1
22268,63,1
22268,64,1
22268,65,1
22268,66,1
22268,67,1
22268,72,1
22268,73,1
22268,74,1
22268,82,1
22268,83,1
22268,84,1
22268,86,1
22268,87,1
22268,88,1
22268,90,1
22268,91,1
22268,92,1
22268,93,1
22268,147,1
22268,148,0
22268,149,0
22268,150,0
22268,194,0
22268,196,0
22268,197,0
22268,198,0
22268,200,0
22268,201,1
22268,202,0
22268,203,0
22275,1,1
22275,2,0
22275,3,1
22275,5,1
22275,6,1
22275,7,1
22275,29,1
22275,32,0
22275,33,0
22275,34,0
22275,35,0
22275,36,0
22275,37,0
22275,39,0
22275,40,0
22275,41,0
22275,49,1
22275,50,1
22275,52,1
22275,53,1
22275,54,1
22275,56,1
22275,57,1
22275,59,1
22275,60,1
22275,61,1
22275,63,1
22275,64,1
22275,65,1
22275,66,1
22275,67,1
22275,72,1
22275,73,1
22275,74,1
22275,82,1
22275,83,1
22275,84,1
22275,86,1
22275,87,1
22275,88,1
22275,90,1
22275,91,1
22275,92,1
22275,93,1
22275,147,1
22275,148,0
22275,149,0
22275,150,0
22275,194,0
22275,196,0
22275,197,0
22275,198,0
22275,200,0
22275,201,0
22275,202,0
22275,203,0
22283,1,1
22283,2,0
22283,3,1
22283,5,1
22283,6,1
22283,7,1
22283,72,0
22283,73,0
22283,74,0
22283,82,1
22283,83,1
22283,84,1
22283,86,1
22283,87,1
22283,88,1
22283,90,1
22283,91,1
22283,92,1
22283,93,1
22283,147,1
22283,148,0
22283,149,0
22283,150,0
22283,194,1
22283,196,0
22283,197,0
22283,198,0
22283,200,0
22283,201,1
22283,202,0
22283,203,0
22286,1,1
22286,5,1
22286,6,1
22286,7,1
22286,49,1
22286,50,1
22286,52,1
22286,53,1
22286,54,1
22286,56,1
22286,57,1
22286,59,1
22286,60,1
22286,61,1
22286,63,1
22286,64,1
22286,65,1
22286,66,1
22286,67,1
22286,72,1
22286,73,1
22286,74,1
22286,82,1
22286,83,1
22286,84,1
22286,86,1
22286,87,1
22286,88,1
22286,90,1
22286,91,1
22286,92,1
22286,93,0
22286,147,1
22286,148,0
22286,149,0
22286,150,0
22286,194,0
22286,196,0
22286,197,0
22286,198,0
22286,200,0
22286,201,1
22286,202,0
22286,203,0
22293,1,1
22293,2,0
22293,3,1
22293,5,1
22293,6,1
22293,7,1
22293,9,0
22293,10,0
22293,11,0
22293,12,1
22293,29,0
22293,30,0
22293,31,0
22293,32,1
22293,33,1
22293,34,0
22293,35,0
22293,36,0
22293,37,0
22293,39,0
22293,40,0
22293,41,0
22293,49,1
22293,50,1
22293,52,1
22293,53,1
22293,54,1
22293,56,1
22293,57,1
22293,59,1
22293,60,1
22293,61,1
22293,63,1
22293,64,1
22293,65,1
22293,66,1
22293,67,1
22293,72,0
22293,73,1
22293,74,1
22293,82,1
22293,83,1
22293,84,1
22293,86,1
22293,87,1
22293,88,1
22293,90,1
22293,91,0
22293,92,0
22293,93,0
22293,147,0
22293,148,0
22293,149,1
22293,150,0
22293,152,1
22293,153,1
22293,154,1
22293,155,1
22293,157,0
22293,159,0
22293,160,0
22293,164,0
22293,170,1
22293,171,0
22293,172,0
22293,173,0
22293,174,0
22293,175,0
22293,176,0
22293,177,0
22293,178,0
22293,181,0
22293,182,0
22293,183,0
22293,184,0
22293,194,1
22293,196,1
22293,197,0
22293,198,0
22293,200,0
22293,201,1
22293,202,0
22293,203,0
22294,1,1
22294,2,1
22294,3,0
22294,5,1
22294,6,1
22294,7,1
22294,9,0
22294,10,1
22294,11,0
22294,12,0
22294,29,1
22294,32,0
22294,33,0
22294,34,0
22294,35,0
22294,36,0
22294,37,0
22294,39,0
22294,40,0
22294,41,0
22294,49,0
22294,50,1
22294,52,1
22294,53,1
22294,54,1
22294,56,1
22294,57,1
22294,59,1
22294,60,1
22294,61,1
22294,63,1
22294,64,1
22294,65,1
22294,66,1
22294,67,1
22294,72,1
22294,73,1
22294,74,1
22294,82,1
22294,83,1
22294,84,1
22294,86,1
22294,87,1
22294,88,1
22294,90,1
22294,91,1
22294,92,1
22294,93,1
22294,147,0
22294,148,1
22294,149,0
22294,150,0
22294,152,1
22294,153,1
22294,154,0
22294,155,1
22294,157,1
22294,159,1
22294,160,0
22294,164,0
22294,170,0
22294,171,0
22294,172,0
22294,173,0
22294,174,0
22294,175,0
22294,176,0
22294,177,0
22294,178,0
22294,181,0
22294,182,0
22294,183,0
22294,184,0
22294,194,0
22294,196,0
22294,197,0
22294,198,0
22294,200,0
22294,201,1
22294,202,0
22294,203,0
22302,1,1
22302,2,0
22302,3,1
22302,5,1
22302,6,1
22302,7,1
22302,49,0
22302,50,1
22302,52,1
22302,53,1
22302,54,1
22302,56,1
22302,57,1
22302,59,1
22302,60,1
22302,61,1
22302,63,1
22302,64,1
22302,65,1
22302,66,1
22302,67,1
22302,72,1
22302,73,1
22302,74,1
22302,82,1
22302,83,1
22302,84,1
22302,86,1
22302,87,1
22302,88,1
22302,90,1
22302,91,1
22302,92,1
22302,93,1
22302,147,1
22302,148,0
22302,149,0
22302,150,0
22302,194,0
22302,196,0
22302,197,0
22302,198,0
22302,200,0
22302,201,0
22302,202,0
22302,203,0
22313,1,1
22313,2,1
22313,3,0
22313,5,1
22313,6,1
22313,7,1
22313,9,0
22313,10,1
22313,11,0
22313,12,0
22313,29,0
22313,30,0
22313,31,0
22313,32,0
22313,33,0
22313,34,0
22313,35,0
22313,36,0
22313,37,0
22313,39,1
22313,49,1
22313,50,1
22313,52,1
22313,53,1
22313,54,1
22313,56,1
22313,57,1
22313,59,1
22313,60,1
22313,61,1
22313,63,1
22313,64,1
22313,65,1
22313,66,1
22313,67,1
22313,72,1
22313,73,1
22313,74,1
22313,82,1
22313,83,1
22313,84,1
22313,86,1
22313,87,1
22313,88,1
22313,90,1
22313,91,1
22313,92,1
22313,93,1
22313,147,1
22313,148,0
22313,149,0
22313,150,0
22313,194,0
22313,196,0
22313,197,0
22313,198,0
22313,200,0
22313,201,1
22313,202,0
22313,203,0
22314,1,1
22314,5,1
22314,6,1
22314,7,1
22314,9,0
22314,10,0
22314,11,0
22314,12,0
22314,49,1
22314,50,1
22314,52,1
22314,53,1
22314,54,1
22314,56,1
22314,57,1
22314,59,1
22314,60,1
22314,61,1
22314,63,1
22314,64,1
22314,65,1
22314,66,1
22314,67,1
22314,72,1
22314,73,1
22314,74,1
22314,82,1
22314,83,1
22314,84,1
22314,86,1
22314,87,1
22314,88,1
22314,90,1
22314,91,1
22314,92,1
22314,93,0
22314,147,1
22314,148,0
22314,149,0
22314,150,0
22314,194,0
22314,196,0
22314,197,0
22314,198,0
22314,200,0
22314,201,0
22314,202,0
22314,203,0
22319,1,1
22319,2,0
22319,3,1
22319,5,1
22319,6,1
22319,7,1
22319,49,1
22319,50,1
22319,52,1
22319,53,1
22319,54,1
22319,56,1
22319,57,1
22319,59,1
22319,60,1
22319,61,1
22319,63,1
22319,64,1
22319,65,1
22319,66,1
22319,67,1
22319,72,0
22319,73,1
22319,74,1
22319,82,1
22319,83,1
22319,84,1
22319,86,1
22319,87,1
22319,88,1
22319,90,1
22319,91,1
22319,92,1
22319,93,1
22319,147,1
22319,148,0
22319,149,0
22319,150,0
22319,194,0
22319,196,0
22319,197,0
22319,198,0
22319,200,0
22319,201,0
22319,202,0
22319,203,0
22320,1,1
22320,2,1
22320,3,0
22320,5,1
22320,6,1
22320,7,1
22320,29,1
22320,30,1
22320,31,0
22320,32,0
22320,33,0
22320,34,0
22320,35,0
22320,36,0
22320,37,0
22320,39,0
22320,40,0
22320,41,0
22320,49,1
22320,50,1
22320,52,1
22320,53,1
22320,54,1
22320,56,1
22320,57,1
22320,59,1
22320,60,1
22320,61,1
22320,63,1
22320,64,1
22320,65,1
22320,66,1
22320,67,1
22320,72,1
22320,73,1
22320,74,1
22320,82,1
22320,83,1
22320,84,1
22320,86,1
22320,87,1
22320,88,1
22320,90,1
22320,91,1
22320,92,1
22320,93,1
22320,147,1
22320,148,0
22320,149,0
22320,150,0
22320,194,0
22320,196,0
22320,197,0
22320,198,0
22320,200,1
22320,201,1
22320,202,0
22320,203,0
22321,1,1
22321,2,0
22321,3,1
22321,5,1
22321,6,1
22321,7,1
22321,49,1
22321,50,1
22321,52,1
22321,53,1
22321,54,1
22321,56,1
22321,57,1
22321,59,1
22321,60,1
22321,61,1
22321,63,1
22321,64,1
22321,65,1
22321,66,1
22321,67,1
22321,72,1
22321,73,1
22321,74,1
22321,82,1
22321,83,1
22321,84,1
22321,86,1
22321,87,1
22321,88,1
22321,90,1
22321,91,1
22321,92,1
22321,93,1
22321,147,1
22321,148,0
22321,149,0
22321,150,0
22321,194,0
22321,196,0
22321,197,0
22321,198,0
22321,200,0
22321,201,0
22321,202,0
22321,203,0
22323,1,1
22323,2,0
22323,3,1
22323,5,1
22323,6,1
22323,7,1
22323,9,0
22323,10,1
22323,11,0
22323,12,0
22323,49,1
22323,50,1
22323,52,1
22323,53,1
22323,54,1
22323,56,1
22323,57,1
22323,59,1
22323,60,1
22323,61,1
22323,63,1
22323,64,1
22323,65,1
22323,66,1
22323,67,1
22323,72,1
22323,73,1
22323,74,1
22323,82,1
22323,83,1
22323,84,1
22323,86,1
22323,87,1
22323,88,1
22323,90,1
22323,91,1
22323,92,1
22323,93,1
22323,147,1
22323,148,0
22323,149,0
22323,150,0
22323,194,0
22323,196,0
22323,197,0
22323,198,0
22323,200,0
22323,201,0
22323,202,0
22323,203,0
22326,1,1
22326,2,0
22326,3,1
22326,5,1
22326,6,1
22326,7,1
22326,9,1
22326,10,0
22326,11,0
22326,12,0
22326,29,0
22326,30,0
22326,31,0
22326,32,1
22326,35,0
22326,36,0
22326,37,0
22326,39,0
22326,40,0
22326,41,0
22326,49,1
22326,50,1
22326,52,1
22326,53,1
22326,54,1
22326,56,1
22326,57,1
22326,59,1
22326,60,1
22326,61,1
22326,63,1
22326,64,1
22326,65,1
22326,66,1
22326,67,1
22326,72,1
22326,73,1
22326,74,1
22326,82,1
22326,83,1
22326,84,1
22326,86,1
22326,87,1
22326,88,1
22326,90,1
22326,91,1
22326,92,1
22326,93,1
22326,147,1
22326,148,0
22326,149,0
22326,150,0
22326,194,0
22326,196,0
22326,197,0
22326,198,0
22326,200,0
22326,201,1
22326,202,0
22326,203,0
22327,1,1
22327,5,1
22327,6,1
22327,7,1
22327,49,1
22327,50,1
22327,52,1
22327,53,1
22327,54,1
22327,56,1
22327,57,1
22327,59,1
22327,60,1
22327,61,1
22327,63,1
22327,64,1
22327,65,1
22327,66,1
22327,67,1
22327,72,0
22327,73,0
22327,74,0
22327,82,1
22327,83,1
22327,84,1
22327,86,1
22327,87,1
22327,88,1
22327,90,1
22327,91,1
22327,92,1
22327,93,1
22327,147,1
22327,148,0
22327,149,0
22327,150,0
22327,194,0
22327,196,0
22327,197,0
22327,198,0
22327,200,0
22327,201,1
22327,202,0
22327,203,0
22331,1,1
22331,2,1
22331,3,0
22331,5,1
22331,6,1
22331,7,1
22331,49,0
22331,50,0
22331,52,1
22331,53,1
22331,54,1
22331,56,0
22331,57,1
22331,59,1
22331,60,1
22331,61,1
22331,63,0
22331,64,1
22331,65,1
22331,66,1
22331,67,1
22331,72,1
22331,73,1
22331,74,1
22331,82,1
22331,83,1
22331,84,1
22331,86,1
22331,87,1
22331,88,1
22331,90,1
22331,91,1
22331,92,1
22331,93,0
22331,147,1
22331,148,0
22331,149,0
22331,150,0
22331,194,0
22331,196,0
22331,197,0
22331,198,0
22331,200,0
22331,201,1
22331,202,0
22331,203,0
22334,1,1
22334,2,0
22334,3,0
22334,5,1
22334,6,1
22334,7,1
22334,72,1
22334,73,1
22334,74,1
22334,82,1
22334,83,1
22334,84,1
22334,86,1
22334,87,1
22334,88,1
22334,90,1
22334,91,1
22334,92,1
22334,93,1
22334,147,1
22334,148,0
22334,149,0
22334,150,0
22334,194,0
22334,196,0
22334,197,0
22334,198,0
22334,200,0
22334,201,0
22334,202,0
22334,203,0
22336,1,1
22336,2,0
22336,3,1
22336,5,1
22336,6,1
22336,7,1
22336,9,0
22336,10,0
22336,11,0
22336,12,1
22336,29,0
22336,30,0
22336,31,0
22336,32,0
22336,33,0
22336,34,0
22336,35,0
22336,36,0
22336,37,0
22336,39,1
22336,49,1
22336,50,1
22336,52,1
22336,53,1
22336,54,1
22336,56,1
22336,57,1
22336,59,1
22336,60,1
22336,61,1
22336,63,1
22336,64,1
22336,65,1
22336,66,1
22336,67,1
22336,72,1
22336,73,1
22336,74,1
22336,82,1
22336,83,1
22336,84,1
22336,86,1
22336,87,1
22336,88,1
22336,90,0
22336,91,0
22336,92,0
22336,93,0
22336,147,0
22336,148,1
22336,149,0
22336,150,0
22336,152,1
22336,153,1
22336,154,0
22336,155,1
22336,157,0
22336,159,0
22336,160,0
22336,164,0
22336,170,1
22336,171,0
22336,172,0
22336,173,0
22336,174,0
22336,175,0
22336,176,0
22336,177,0
22336,178,0
22336,181,0
22336,182,0
22336,183,0
22336,184,0
22336,194,1
22336,196,1
22336,197,0
22336,198,0
22336,200,0
22336,201,1
22336,202,0
22336,203,0
22346,1,1
22346,2,0
22346,3,1
22346,5,1
22346,6,1
22346,7,1
22346,49,1
22346,50,1
22346,52,1
22346,53,1
22346,54,1
22346,56,1
22346,57,1
22346,59,1
22346,60,1
22346,61,1
22346,63,1
22346,64,1
22346,65,1
22346,66,1
22346,67,1
22346,72,1
22346,73,1
22346,74,1
22346,82,1
22346,83,1
22346,84,1
22346,86,1
22346,87,1
22346,88,1
22346,90,1
22346,91,1
22346,92,1
22346,93,0
22346,147,1
22346,148,0
22346,149,0
22346,150,0
22346,194,0
22346,196,0
22346,197,0
22346,198,0
22346,200,0
22346,201,1
22346,202,0
22346,203,0
22353,1,1
22353,2,0
22353,3,1
22353,5,1
22353,6,1
22353,7,1
22353,49,1
22353,50,1
22353,52,1
22353,53,1
22353,54,1
22353,56,1
22353,57,1
22353,59,1
22353,60,1
22353,61,1
22353,63,1
22353,64,1
22353,65,1
22353,66,1
22353,67,1
22353,72,1
22353,73,1
22353,74,1
22353,82,1
22353,83,1
22353,84,1
22353,86,1
22353,87,1
22353,88,1
22353,90,1
22353,91,1
22353,92,1
22353,93,1
22353,147,1
22353,148,0
22353,149,0
22353,150,0
22353,194,0
22353,196,0
22353,197,0
22353,198,0
22353,200,0
22353,201,1
22353,202,0
22353,203,0
22362,1,1
22362,2,0
22362,3,1
22362,5,1
22362,6,1
22362,7,1
22362,29,1
22362,30,1
22362,31,0
22362,32,0
22362,33,0
22362,34,0
22362,35,0
22362,36,0
22362,37,0
22362,39,0
22362,40,0
22362,41,0
22362,56,1
22362,57,1
22362,59,1
22362,60,1
22362,61,1
22362,63,1
22362,64,1
22362,65,1
22362,66,1
22362,67,1
22362,72,1
22362,73,1
22362,74,1
22362,82,1
22362,83,1
22362,84,1
22362,86,1
22362,87,1
22362,88,1
22362,90,1
22362,91,1
22362,92,1
22362,93,1
22362,147,1
22362,148,0
22362,149,0
22362,150,0
22362,194,0
22362,196,0
22362,197,0
22362,198,0
22362,200,0
22362,201,0
22362,202,0
22362,203,0
22363,1,1
22363,2,1
22363,3,0
22363,5,1
22363,6,1
22363,7,1
22363,29,0
22363,30,0
22363,31,0
22363,32,0
22363,33,0
22363,34,0
22363,35,1
22363,36,0
22363,37,1
22363,39,0
22363,40,0
22363,41,0
22363,49,0
22363,50,1
22363,52,1
22363,53,1
22363,54,1
22363,56,1
22363,57,1
22363,59,1
22363,60,1
22363,61,1
22363,63,1
22363,64,1
22363,65,1
22363,66,1
22363,67,1
22363,72,1
22363,73,1
22363,74,1
22363,82,1
22363,83,1
22363,84,1
22363,86,1
22363,87,1
22363,88,1
22363,90,1
22363,91,1
22363,92,1
22363,93,1
22363,147,1
22363,148,0
22363,149,0
22363,150,0
22363,194,0
22363,196,0
22363,197,0
22363,198,0
22363,200,0
22363,201,1
22363,202,0
22363,203,0
22364,1,1
22364,2,0
22364,3,1
22364,5,1
22364,6,1
22364,7,1
22364,29,0
22364,30,0
22364,31,0
22364,32,0
22364,33,0
22364,34,0
22364,35,0
22364,36,0
22364,37,0
22364,39,1
22364,49,1
22364,50,1
22364,52,1
22364,53,1
22364,54,1
22364,56,1
22364,57,1
22364,59,1
22364,60,1
22364,61,1
22364,63,1
22364,64,1
22364,65,1
22364,66,1
22364,67,1
22364,72,1
22364,73,1
22364,74,1
22364,82,1
22364,83,1
22364,84,1
22364,86,1
22364,87,1
22364,88,1
22364,90,1
22364,91,1
22364,92,1
22364,93,1
22364,147,1
22364,148,0
22364,149,0
22364,150,0
22364,194,1
22364,196,0
22364,197,0
22364,198,0
22364,200,0
22364,201,1
22364,202,0
22364,203,0
22365,1,1
22365,2,1
22365,3,0
22365,5,1
22365,6,1
22365,7,1
22365,49,1
22365,50,1
22365,52,1
22365,53,1
22365,54,1
22365,56,1
22365,57,1
22365,59,1
22365,60,1
22365,61,1
22365,63,1
22365,64,1
22365,65,1
22365,66,1
22365,67,1
22365,72,1
22365,73,1
22365,74,1
22365,82,1
22365,83,1
22365,84,1
22365,86,1
22365,87,1
22365,88,1
22365,90,1
22365,91,1
22365,92,0
22365,93,0
22365,147,1
22365,148,0
22365,149,0
22365,150,0
22365,194,0
22365,196,0
22365,197,0
22365,198,0
22365,200,0
22365,201,1
22365,202,1
22365,203,0
22368,1,1
22368,2,0
22368,3,1
22368,5,1
22368,6,1
22368,7,1
22368,49,1
22368,50,1
22368,52,1
22368,53,1
22368,54,1
22368,56,1
22368,57,1
22368,59,1
22368,60,1
22368,61,1
22368,63,1
22368,64,1
22368,65,1
22368,66,1
22368,67,1
22368,72,1
22368,73,1
22368,74,1
22368,82,1
22368,83,1
22368,84,1
22368,86,1
22368,87,1
22368,88,1
22368,90,1
22368,91,1
22368,92,1
22368,93,1
22368,147,1
22368,148,0
22368,149,0
22368,150,0
22368,194,0
22368,196,0
22368,197,0
22368,198,0
22368,200,0
22368,201,0
22368,202,0
22368,203,0
22371,1,1
22371,2,0
22371,3,1
22371,5,1
22371,6,1
22371,7,1
22371,49,1
22371,50,1
22371,52,1
22371,53,1
22371,54,1
22371,56,1
22371,57,1
22371,59,1
22371,60,1
22371,61,1
22371,63,1
22371,64,1
22371,65,1
22371,66,1
22371,67,1
22371,72,1
22371,73,1
22371,74,1
22371,82,1
22371,83,1
22371,84,1
22371,86,1
22371,87,1
22371,88,1
22371,90,1
22371,91,1
22371,92,1
22371,93,1
22371,147,1
22371,148,0
22371,149,0
22371,150,0
22371,194,0
22371,196,0
22371,197,0
22371,198,0
22371,200,0
22371,201,1
22371,202,0
22371,203,1
22374,1,1
22374,2,0
22374,3,1
22374,5,1
22374,6,1
22374,7,1
22374,9,0
22374,10,0
22374,11,0
22374,12,1
22374,49,1
22374,50,1
22374,52,1
22374,53,1
22374,54,1
22374,56,1
22374,57,1
22374,59,1
22374,60,1
22374,61,1
22374,63,1
22374,64,1
22374,65,1
22374,66,1
22374,67,1
22374,72,1
22374,73,1
22374,74,1
22374,82,1
22374,83,1
22374,84,1
22374,86,1
22374,87,1
22374,88,1
22374,90,1
22374,91,1
22374,92,1
22374,93,1
22374,147,0
22374,148,1
22374,149,0
22374,150,0
22374,152,0
22374,153,0
22374,154,0
22374,155,0
22374,157,0
22374,159,0
22374,160,0
22374,164,0
22374,170,1
22374,171,1
22374,172,0
22374,173,0
22374,174,1
22374,175,0
22374,176,0
22374,177,0
22374,178,0
22374,181,0
22374,182,0
22374,183,0
22374,184,0
22374,194,0
22374,196,0
22374,197,0
22374,198,0
22374,200,0
22374,201,1
22374,202,0
22374,203,0
22375,1,1
22375,2,0
22375,3,1
22375,5,1
22375,6,1
22375,7,1
22375,29,0
22375,30,0
22375,31,0
22375,32,1
22375,35,0
22375,36,0
22375,37,0
22375,39,0
22375,40,0
22375,41,0
22375,49,1
22375,50,1
22375,52,1
22375,53,1
22375,54,1
22375,72,1
22375,73,1
22375,74,1
22375,82,1
22375,83,1
22375,84,1
22375,86,1
22375,87,1
22375,88,1
22375,90,1
22375,91,1
22375,92,1
22375,93,1
22375,147,1
22375,148,0
22375,149,0
22375,150,0
22375,194,0
22375,196,0
22375,197,0
22375,198,0
22375,200,0
22375,201,1
22375,202,0
22375,203,0
22630,1,1
22630,2,0
22630,3,1
22630,5,1
22630,6,1
22630,7,1
22630,29,1
22630,30,1
22630,31,0
22630,32,0
22630,33,0
22630,34,0
22630,35,0
22630,36,0
22630,37,0
22630,39,0
22630,40,0
22630,41,0
22630,49,1
22630,50,1
22630,52,1
22630,53,1
22630,54,1
22630,56,1
22630,57,1
22630,59,1
22630,60,1
22630,61,1
22630,63,1
22630,64,1
22630,65,1
22630,66,1
22630,67,1
22630,72,1
22630,73,1
22630,74,1
22630,82,1
22630,83,1
22630,84,1
22630,86,1
22630,87,1
22630,88,1
22630,90,1
22630,91,1
22630,92,1
22630,93,1
22630,147,1
22630,148,0
22630,149,0
22630,150,0
22630,194,0
22630,196,0
22630,197,0
22630,198,0
22630,200,0
22630,201,0
22630,202,1
22630,203,0
22631,1,1
22631,2,0
22631,3,1
22631,5,1
22631,6,1
22631,7,1
22631,9,1
22631,10,0
22631,11,0
22631,12,0
22631,29,1
22631,32,0
22631,33,0
22631,34,0
22631,35,0
22631,36,0
22631,37,0
22631,39,0
22631,40,0
22631,41,0
22631,49,1
22631,50,1
22631,52,1
22631,53,1
22631,54,1
22631,56,1
22631,57,1
22631,59,1
22631,60,1
22631,61,1
22631,63,1
22631,64,1
22631,65,1
22631,66,1
22631,67,1
22631,72,1
22631,73,1
22631,74,1
22631,82,1
22631,83,1
22631,84,1
22631,86,1
22631,87,1
22631,88,1
22631,90,1
22631,91,1
22631,92,1
22631,93,0
22631,147,1
22631,148,0
22631,149,0
22631,150,0
22631,194,0
22631,196,0
22631,197,0
22631,198,0
22631,200,0
22631,201,1
22631,202,0
22631,203,0
22636,1,1
22636,2,0
22636,3,0
22636,5,1
22636,6,1
22636,7,1
22636,49,0
22636,50,1
22636,52,1
22636,53,1
22636,54,1
22636,56,1
22636,57,1
22636,59,1
22636,60,1
22636,61,1
22636,63,1
22636,64,1
22636,65,1
22636,66,1
22636,67,1
22636,72,1
22636,73,1
22636,74,1
22636,82,1
22636,83,1
22636,84,1
22636,86,1
22636,87,1
22636,88,1
22636,90,0
22636,91,0
22636,92,0
22636,93,0
22636,147,1
22636,148,0
22636,149,0
22636,150,0
22636,194,0
22636,196,0
22636,197,0
22636,198,0
22636,200,0
22636,201,1
22636,202,0
22636,203,0
22638,1,1
22638,2,1
22638,3,0
22638,5,1
22638,6,1
22638,7,1
22638,49,1
22638,50,1
22638,52,1
22638,53,1
22638,54,1
22638,56,1
22638,57,1
22638,59,1
22638,60,1
22638,61,1
22638,63,1
22638,64,1
22638,65,1
22638,66,1
22638,67,1
22638,72,1
22638,73,1
22638,74,1
22638,82,1
22638,83,1
22638,84,1
22638,86,1
22638,87,1
22638,88,1
22638,90,1
22638,91,1
22638,92,1
22638,93,1
22638,147,1
22638,148,0
22638,149,0
22638,150,0
22638,194,0
22638,196,0
22638,197,0
22638,198,0
22638,200,0
22638,201,0
22638,202,0
22638,203,0
22640,1,1
22640,2,0
22640,3,1
22640,5,1
22640,6,1
22640,7,1
22640,72,1
22640,73,1
22640,74,1
22640,82,1
22640,83,1
22640,84,1
22640,86,1
22640,87,1
22640,88,1
22640,90,1
22640,91,1
22640,92,1
22640,93,0
22640,147,1
22640,148,0
22640,149,0
22640,150,0
22640,194,0
22640,196,0
22640,197,0
22640,198,0
22640,200,0
22640,201,1
22640,202,0
22640,203,0
22645,1,1
22645,2,0
22645,3,1
22645,5,1
22645,6,1
22645,7,1
22645,29,1
22645,30,1
22645,31,0
22645,32,0
22645,33,0
22645,34,0
22645,35,0
22645,36,0
22645,37,0
22645,39,0
22645,40,0
22645,41,0
22645,49,1
22645,50,1
22645,52,1
22645,53,1
22645,54,1
22645,56,1
22645,57,1
22645,59,1
22645,60,1
22645,61,1
22645,63,1
22645,64,1
22645,65,1
22645,66,1
22645,67,1
22645,72,1
22645,73,1
22645,74,1
22645,82,1
22645,83,1
22645,84,1
22645,86,1
22645,87,1
22645,88,1
22645,90,1
22645,91,1
22645,92,1
22645,93,1
22645,147,1
22645,148,0
22645,149,0
22645,150,0
22645,194,0
22645,196,0
22645,197,0
22645,198,0
22645,200,0
22645,201,0
22645,202,0
22645,203,0
22647,1,1
22647,2,0
22647,3,1
22647,5,1
22647,6,1
22647,7,1
22647,147,1
22647,148,0
22647,149,0
22647,150,0
22647,194,0
22647,196,0
22647,197,0
22647,198,0
22647,200,0
22647,201,1
22647,202,0
22647,203,0
22650,1,1
22650,2,0
22650,3,1
22650,5,1
22650,6,1
22650,7,1
22650,29,1
22650,30,0
22650,31,1
22650,32,0
22650,33,0
22650,34,0
22650,35,0
22650,36,0
22650,37,0
22650,39,0
22650,40,0
22650,41,0
22650,49,1
22650,50,1
22650,52,1
22650,53,1
22650,54,1
22650,56,1
22650,57,1
22650,59,1
22650,60,1
22650,61,1
22650,63,1
22650,64,1
22650,65,1
22650,66,1
22650,67,1
22650,72,1
22650,73,1
22650,74,1
22650,82,1
22650,83,1
22650,84,1
22650,86,1
22650,87,1
22650,88,1
22650,90,1
22650,91,1
22650,92,1
22650,93,1
22650,147,1
22650,148,0
22650,149,0
22650,150,0
22650,194,0
22650,196,0
22650,197,0
22650,198,0
22650,200,0
22650,201,1
22650,202,0
22650,203,0
22651,1,1
22651,2,0
22651,3,1
22651,5,1
22651,6,1
22651,7,1
22651,56,1
22651,57,1
22651,59,1
22651,60,1
22651,61,1
22651,63,1
22651,64,1
22651,65,1
22651,66,1
22651,67,1
22651,72,1
22651,73,1
22651,74,1
22651,82,1
22651,83,1
22651,84,1
22651,86,1
22651,87,1
22651,88,1
22651,90,1
22651,91,1
22651,92,1
22651,93,1
22651,147,1
22651,148,0
22651,149,0
22651,150,0
22651,194,0
22651,196,0
22651,197,0
22651,198,0
22651,200,0
22651,201,0
22651,202,0
22651,203,0
22654,1,1
22654,2,1
22654,3,0
22654,5,1
22654,6,1
22654,7,1
22654,72,1
22654,73,1
22654,74,1
22654,82,1
22654,83,1
22654,84,1
22654,86,1
22654,87,1
22654,88,1
22654,90,1
22654,91,1
22654,92,1
22654,93,1
22654,147,1
22654,148,0
22654,149,0
22654,150,0
22654,194,0
22654,196,0
22654,197,0
22654,198,0
22654,200,0
22654,201,0
22654,202,0
22654,203,0
22657,1,1
22657,2,0
22657,3,1
22657,5,1
22657,6,1
22657,7,1
22657,29,1
22657,30,1
22657,31,0
22657,32,0
22657,33,0
22657,34,0
22657,35,0
22657,36,0
22657,37,0
22657,39,0
22657,40,0
22657,41,0
22657,72,1
22657,73,1
22657,74,1
22657,82,1
22657,83,1
22657,84,1
22657,86,1
22657,87,1
22657,88,1
22657,90,1
22657,91,1
22657,92,1
22657,93,1
22657,147,1
22657,148,0
22657,149,0
22657,150,0
22657,194,0
22657,196,0
22657,197,0
22657,198,0
22657,200,0
22657,201,0
22657,202,0
22657,203,0
22662,1,1
22662,2,0
22662,3,1
22662,5,1
22662,6,1
22662,7,1
22662,29,1
22662,30,1
22662,31,0
22662,32,0
22662,33,0
22662,34,0
22662,35,0
22662,36,0
22662,37,0
22662,39,0
22662,40,0
22662,41,0
22662,147,1
22662,148,0
22662,149,0
22662,150,0
22662,194,0
22662,196,0
22662,197,0
22662,198,0
22662,200,0
22662,201,0
22662,202,0
22662,203,0
22663,1,1
22663,2,0
22663,3,1
22663,5,1
22663,6,1
22663,7,1
22663,9,0
22663,10,1
22663,11,0
22663,12,0
22663,29,0
22663,30,0
22663,31,0
22663,32,0
22663,33,0
22663,34,0
22663,35,0
22663,36,0
22663,37,0
22663,39,1
22663,49,1
22663,50,1
22663,52,1
22663,53,1
22663,54,1
22663,56,1
22663,57,1
22663,59,1
22663,60,1
22663,61,1
22663,63,1
22663,64,1
22663,65,1
22663,66,1
22663,67,1
22663,72,0
22663,73,1
22663,74,1
22663,82,1
22663,83,1
22663,84,1
22663,86,1
22663,87,1
22663,88,1
22663,90,1
22663,91,1
22663,92,1
22663,93,1
22663,147,0
22663,148,1
22663,149,0
22663,150,0
22663,152,0
22663,153,0
22663,154,0
22663,155,0
22663,157,1
22663,159,1
22663,160,0
22663,164,0
22663,170,0
22663,171,0
22663,172,0
22663,173,0
22663,174,0
22663,175,0
22663,176,0
22663,177,0
22663,178,0
22663,181,0
22663,182,0
22663,183,0
22663,184,0
22663,194,0
22663,196,0
22663,197,0
22663,198,0
22663,200,0
22663,201,0
22663,202,0
22663,203,0
22667,1,1
22667,2,0
22667,3,1
22667,5,1
22667,6,1
22667,7,1
22667,29,1
22667,32,0
22667,33,0
22667,34,0
22667,35,0
22667,36,0
22667,37,0
22667,39,0
22667,40,0
22667,41,0
22667,49,1
22667,50,1
22667,52,1
22667,53,1
22667,54,1
22667,56,1
22667,57,1
22667,59,1
22667,60,1
22667,61,1
22667,63,1
22667,64,1
22667,65,1
22667,66,1
22667,67,1
22667,72,1
22667,73,1
22667,74,1
22667,82,1
22667,83,1
22667,84,1
22667,86,1
22667,87,1
22667,88,1
22667,90,1
22667,91,1
22667,92,1
22667,93,1
22667,147,1
22667,148,0
22667,149,0
22667,150,0
22667,194,0
22667,196,0
22667,197,0
22667,198,0
22667,200,0
22667,201,0
22667,202,0
22667,203,0
22674,1,1
22674,2,0
22674,3,1
22674,5,1
22674,6,1
22674,7,1
22674,9,1
22674,10,0
22674,11,0
22674,12,0
22674,29,0
22674,30,0
22674,31,0
22674,32,0
22674,33,0
22674,34,0
22674,35,1
22674,36,1
22674,37,0
22674,39,0
22674,40,0
22674,41,0
22674,147,1
22674,148,0
22674,149,0
22674,150,0
22674,194,0
22674,196,0
22674,197,0
22674,198,0
22674,200,0
22674,201,0
22674,202,0
22674,203,0
22678,1,1
22678,2,0
22678,3,1
22678,5,1
22678,6,1
22678,7,1
22678,9,0
22678,10,1
22678,11,0
22678,12,0
22678,29,0
22678,30,0
22678,31,0
22678,32,0
22678,33,0
22678,34,0
22678,35,1
22678,36,0
22678,37,1
22678,39,0
22678,40,0
22678,41,0
22678,49,1
22678,50,1
22678,52,1
22678,53,1
22678,54,1
22678,56,1
22678,57,1
22678,59,1
22678,60,1
22678,61,1
22678,63,1
22678,64,1
22678,65,1
22678,66,1
22678,67,1
22678,72,1
22678,73,1
22678,74,1
22678,82,1
22678,83,1
22678,84,1
22678,86,1
22678,87,1
22678,88,1
22678,90,1
22678,91,1
22678,92,1
22678,93,1
22678,147,0
22678,148,0
22678,149,1
22678,150,0
22678,152,1
22678,153,1
22678,154,0
22678,155,1
22678,157,1
22678,159,0
22678,160,0
22678,164,0
22678,170,0
22678,171,0
22678,172,0
22678,173,0
22678,174,0
22678,175,0
22678,176,0
22678,177,0
22678,178,0
22678,181,0
22678,182,0
22678,183,0
22678,184,0
22678,194,0
22678,196,0
22678,197,0
22678,198,0
22678,200,0
22678,201,1
22678,202,0
22678,203,0
22680,1,1
22680,2,0
22680,3,1
22680,5,1
22680,6,1
22680,7,1
22680,29,0
22680,30,0
22680,31,0
22680,32,0
22680,33,0
22680,34,0
22680,35,1
22680,36,1
22680,37,0
22680,39,0
22680,40,0
22680,41,0
22680,49,1
22680,50,1
22680,52,1
22680,53,1
22680,54,1
22680,56,1
22680,57,1
22680,59,1
22680,60,1
22680,61,1
22680,63,1
22680,64,1
22680,65,1
22680,66,1
22680,67,1
22680,72,1
22680,73,1
22680,74,1
22680,82,0
22680,83,0
22680,84,0
22680,86,1
22680,87,1
22680,88,1
22680,90,1
22680,91,1
22680,92,1
22680,93,1
22680,147,1
22680,148,0
22680,149,0
22680,150,0
22680,194,0
22680,196,0
22680,197,0
22680,198,0
22680,200,0
22680,201,1
22680,202,0
22680,203,0
22691,1,1
22691,5,1
22691,6,1
22691,7,1
22691,9,1
22691,10,0
22691,11,0
22691,12,0
22691,29,1
22691,30,1
22691,31,0
22691,32,0
22691,33,0
22691,34,0
22691,35,0
22691,36,0
22691,37,0
22691,39,0
22691,40,0
22691,41,0
22691,49,1
22691,50,1
22691,52,1
22691,53,1
22691,54,1
22691,56,1
22691,57,1
22691,59,1
22691,60,1
22691,61,1
22691,63,1
22691,64,1
22691,65,1
22691,66,1
22691,67,1
22691,72,1
22691,73,1
22691,74,1
22691,82,1
22691,83,1
22691,84,1
22691,86,1
22691,87,1
22691,88,1
22691,90,1
22691,91,1
22691,92,1
22691,93,1
22691,147,1
22691,148,0
22691,149,0
22691,150,0
22691,194,0
22691,196,0
22691,197,0
22691,198,0
22691,200,0
22691,201,1
22691,202,0
22691,203,0
22694,1,1
22694,2,0
22694,3,1
22694,5,1
22694,6,1
22694,7,1
22694,56,1
22694,57,1
22694,59,1
22694,60,1
22694,61,1
22694,63,1
22694,64,1
22694,65,1
22694,66,1
22694,67,1
22694,72,1
22694,73,1
22694,74,1
22694,82,1
22694,83,1
22694,84,1
22694,90,1
22694,91,1
22694,92,1
22694,93,1
22694,147,1
22694,148,0
22694,149,0
22694,150,0
22694,194,0
22694,196,0
22694,197,0
22694,198,0
22694,200,0
22694,201,1
22694,202,0
22694,203,0
22698,1,1
22698,2,0
22698,3,1
22698,5,1
22698,6,1
22698,7,1
22698,72,1
22698,73,1
22698,74,1
22698,82,1
22698,83,1
22698,84,1
22698,90,1
22698,91,1
22698,92,1
22698,93,1
22698,147,1
22698,148,0
22698,149,0
22698,150,0
22698,194,0
22698,196,0
22698,197,0
22698,198,0
22698,200,0
22698,201,1
22698,202,0
22698,203,0
22703,1,1
22703,2,0
22703,3,1
22703,5,1
22703,6,1
22703,7,1
22703,9,1
22703,10,0
22703,11,0
22703,12,0
22703,29,0
22703,30,0
22703,31,0
22703,32,0
22703,33,0
22703,34,0
22703,35,1
22703,36,0
22703,37,1
22703,39,0
22703,40,0
22703,41,0
22703,49,1
22703,50,1
22703,52,1
22703,53,1
22703,54,1
22703,56,1
22703,57,1
22703,59,1
22703,60,1
22703,61,1
22703,63,1
22703,64,1
22703,65,1
22703,66,1
22703,67,1
22703,72,1
22703,73,1
22703,74,1
22703,82,1
22703,83,1
22703,84,1
22703,86,1
22703,87,1
22703,88,1
22703,90,1
22703,91,1
22703,92,1
22703,93,1
22703,147,0
22703,148,1
22703,149,0
22703,150,0
22703,152,1
22703,153,1
22703,154,0
22703,155,1
22703,157,0
22703,159,0
22703,160,0
22703,164,0
22703,170,0
22703,171,0
22703,172,0
22703,173,0
22703,174,0
22703,175,0
22703,176,0
22703,177,0
22703,178,0
22703,181,0
22703,182,0
22703,183,0
22703,184,0
22703,194,0
22703,196,0
22703,197,0
22703,198,0
22703,200,0
22703,201,1
22703,202,0
22703,203,0
22705,1,1
22705,2,0
22705,3,1
22705,5,1
22705,6,1
22705,7,1
22705,29,1
22705,30,1
22705,31,0
22705,32,0
22705,33,0
22705,34,0
22705,35,0
22705,36,0
22705,37,0
22705,39,0
22705,40,0
22705,41,0
22705,72,1
22705,73,1
22705,74,1
22705,82,1
22705,83,1
22705,84,1
22705,86,1
22705,87,1
22705,88,1
22705,90,1
22705,91,1
22705,92,1
22705,93,1
22705,147,1
22705,148,0
22705,149,0
22705,150,0
22705,194,0
22705,196,0
22705,197,0
22705,198,0
22705,200,0
22705,201,0
22705,202,0
22705,203,0
22706,1,1
22706,2,1
22706,3,0
22706,5,1
22706,6,1
22706,7,1
22706,29,1
22706,30,1
22706,31,0
22706,32,0
22706,33,0
22706,34,0
22706,35,0
22706,36,0
22706,37,0
22706,39,0
22706,40,0
22706,41,0
22706,49,1
22706,50,1
22706,52,1
22706,53,1
22706,54,1
22706,56,1
22706,57,1
22706,59,1
22706,60,1
22706,61,1
22706,63,1
22706,64,1
22706,65,1
22706,66,1
22706,67,1
22706,72,1
22706,73,1
22706,74,1
22706,82,1
22706,83,1
22706,84,1
22706,86,1
22706,87,1
22706,88,1
22706,90,1
22706,91,1
22706,92,1
22706,93,1
22706,147,1
22706,148,0
22706,149,0
22706,150,0
22706,194,0
22706,196,0
22706,197,0
22706,198,0
22706,200,0
22706,201,1
22706,202,0
22706,203,0
22714,1,1
22714,2,0
22714,3,1
22714,5,1
22714,6,1
22714,7,1
22714,49,1
22714,50,1
22714,52,1
22714,53,1
22714,54,1
22714,56,1
22714,57,1
22714,59,1
22714,60,1
22714,61,1
22714,63,1
22714,64,1
22714,65,1
22714,66,1
22714,67,1
22714,72,1
22714,73,1
22714,74,1
22714,82,1
22714,83,1
22714,84,1
22714,86,1
22714,87,1
22714,88,1
22714,90,1
22714,91,1
22714,92,1
22714,93,1
22714,147,1
22714,148,0
22714,149,0
22714,150,0
22714,194,0
22714,196,0
22714,197,0
22714,198,0
22714,200,0
22714,201,0
22714,202,0
22714,203,0
22719,1,1
22719,2,0
22719,3,1
22719,5,1
22719,6,1
22719,7,1
22719,29,1
22719,30,1
22719,31,0
22719,32,0
22719,33,0
22719,34,0
22719,35,0
22719,36,0
22719,37,0
22719,39,0
22719,40,0
22719,41,0
22719,49,0
22719,50,1
22719,52,1
22719,53,1
22719,54,1
22719,56,1
22719,57,1
22719,59,1
22719,60,1
22719,61,1
22719,63,1
22719,64,1
22719,65,1
22719,66,1
22719,67,1
22719,72,1
22719,73,1
22719,74,1
22719,82,1
22719,83,1
22719,84,1
22719,86,1
22719,87,1
22719,88,1
22719,90,1
22719,91,1
22719,92,1
22719,93,1
22719,147,1
22719,148,0
22719,149,0
22719,150,0
22719,194,0
22719,196,0
22719,197,0
22719,198,0
22719,200,0
22719,201,1
22719,202,0
22719,203,0
22721,1,1
22721,2,0
22721,3,1
22721,5,1
22721,6,1
22721,7,1
22721,29,1
22721,30,1
22721,31,0
22721,32,0
22721,33,0
22721,34,0
22721,35,0
22721,36,0
22721,37,0
22721,39,0
22721,40,0
22721,41,0
22721,49,1
22721,50,1
22721,52,1
22721,53,1
22721,54,1
22721,56,1
22721,57,1
22721,59,1
22721,60,1
22721,61,1
22721,63,1
22721,64,1
22721,65,1
22721,66,1
22721,67,1
22721,72,1
22721,73,1
22721,74,1
22721,82,1
22721,83,1
22721,84,1
22721,86,1
22721,87,1
22721,88,1
22721,90,1
22721,91,1
22721,92,1
22721,93,1
22721,147,1
22721,148,0
22721,149,0
22721,150,0
22721,194,0
22721,196,0
22721,197,0
22721,198,0
22721,200,0
22721,201,1
22721,202,0
22721,203,0
22725,1,1
22725,2,1
22725,3,0
22725,5,1
22725,6,1
22725,7,1
22725,72,1
22725,73,1
22725,74,1
22725,82,1
22725,83,1
22725,84,1
22725,90,1
22725,91,0
22725,92,0
22725,93,0
22725,147,1
22725,148,0
22725,149,0
22725,150,0
22725,194,0
22725,196,0
22725,197,0
22725,198,0
22725,200,0
22725,201,1
22725,202,0
22725,203,0
22730,1,1
22730,2,1
22730,3,0
22730,5,1
22730,6,1
22730,7,1
22730,49,1
22730,50,1
22730,52,1
22730,53,1
22730,54,1
22730,56,1
22730,57,1
22730,59,1
22730,60,1
22730,61,1
22730,63,1
22730,64,1
22730,65,1
22730,66,1
22730,67,1
22730,72,1
22730,73,1
22730,74,1
22730,82,1
22730,83,1
22730,84,1
22730,86,1
22730,87,1
22730,88,0
22730,90,1
22730,91,1
22730,92,1
22730,93,1
22730,147,0
22730,148,1
22730,149,0
22730,150,0
22730,152,1
22730,153,1
22730,154,0
22730,155,1
22730,157,0
22730,159,0
22730,160,0
22730,164,0
22730,170,0
22730,171,0
22730,172,0
22730,173,0
22730,174,0
22730,175,0
22730,176,0
22730,177,0
22730,178,0
22730,181,0
22730,182,0
22730,183,0
22730,184,0
22730,194,0
22730,196,0
22730,197,0
22730,198,0
22730,200,0
22730,201,1
22730,202,0
22730,203,0
22735,1,1
22735,2,0
22735,3,1
22735,5,1
22735,6,1
22735,7,1
22735,72,1
22735,73,1
22735,74,1
22735,82,1
22735,83,1
22735,84,1
22735,86,1
22735,87,1
22735,88,1
22735,90,1
22735,91,1
22735,92,1
22735,93,1
22735,147,1
22735,148,0
22735,149,0
22735,150,0
22735,194,0
22735,196,0
22735,197,0
22735,198,0
22735,200,0
22735,201,1
22735,202,0
22735,203,0
22741,1,1
22741,2,0
22741,3,1
22741,5,1
22741,6,1
22741,7,1
22741,49,1
22741,50,1
22741,52,1
22741,53,1
22741,54,1
22741,56,1
22741,57,1
22741,59,1
22741,60,1
22741,61,1
22741,63,1
22741,64,1
22741,65,1
22741,66,1
22741,67,1
22741,72,1
22741,73,1
22741,74,1
22741,82,1
22741,83,1
22741,84,1
22741,86,1
22741,87,1
22741,88,1
22741,90,1
22741,91,1
22741,92,1
22741,93,1
22741,147,1
22741,148,0
22741,149,0
22741,150,0
22741,194,0
22741,196,0
22741,197,0
22741,198,0
22741,200,0
22741,201,1
22741,202,0
22741,203,0
22743,1,1
22743,2,0
22743,3,1
22743,5,1
22743,6,1
22743,7,1
22743,56,1
22743,57,1
22743,59,1
22743,60,1
22743,61,1
22743,63,1
22743,64,1
22743,65,1
22743,66,1
22743,67,1
22743,72,1
22743,73,1
22743,74,1
22743,82,1
22743,83,1
22743,84,1
22743,86,1
22743,87,1
22743,88,1
22743,90,1
22743,91,1
22743,92,1
22743,93,1
22743,147,1
22743,148,0
22743,149,0
22743,150,0
22743,194,0
22743,196,0
22743,197,0
22743,198,0
22743,200,0
22743,201,0
22743,202,0
22743,203,0
22745,1,1
22745,2,1
22745,3,0
22745,5,1
22745,6,1
22745,7,1
22745,49,1
22745,50,1
22745,52,1
22745,53,1
22745,54,1
22745,56,1
22745,57,1
22745,59,1
22745,60,1
22745,61,1
22745,63,1
22745,64,1
22745,65,1
22745,66,1
22745,67,1
22745,72,1
22745,73,1
22745,74,1
22745,82,1
22745,83,1
22745,84,1
22745,86,1
22745,87,1
22745,88,1
22745,90,1
22745,91,1
22745,92,1
22745,93,1
22745,147,1
22745,148,0
22745,149,0
22745,150,0
22745,194,0
22745,196,0
22745,197,0
22745,198,0
22745,200,0
22745,201,1
22745,202,0
22745,203,0
22867,1,1
22867,2,0
22867,3,1
22867,5,1
22867,6,1
22867,7,1
22867,9,0
22867,10,0
22867,11,0
22867,12,1
22867,29,0
22867,30,0
22867,31,0
22867,32,0
22867,33,0
22867,34,0
22867,35,0
22867,36,0
22867,37,0
22867,39,1
22867,49,1
22867,50,1
22867,52,1
22867,53,1
22867,54,1
22867,56,1
22867,57,1
22867,59,1
22867,60,1
22867,61,1
22867,63,1
22867,64,1
22867,65,1
22867,66,1
22867,67,1
22867,72,1
22867,73,1
22867,74,1
22867,82,1
22867,83,1
22867,84,1
22867,86,1
22867,87,1
22867,88,1
22867,90,1
22867,91,0
22867,92,0
22867,93,0
22867,147,0
22867,148,1
22867,149,0
22867,150,0
22867,152,1
22867,153,1
22867,154,0
22867,155,1
22867,157,0
22867,159,0
22867,160,0
22867,164,0
22867,170,1
22867,171,0
22867,172,0
22867,173,0
22867,174,0
22867,175,0
22867,176,0
22867,177,0
22867,178,0
22867,181,0
22867,182,0
22867,183,0
22867,184,0
22867,194,0
22867,196,0
22867,197,0
22867,198,0
22867,200,0
22867,201,1
22867,202,0
22867,203,0
22869,1,1
22869,2,0
22869,3,1
22869,5,1
22869,6,1
22869,7,1
22869,72,1
22869,73,1
22869,74,1
22869,82,1
22869,83,1
22869,84,1
22869,86,1
22869,87,1
22869,88,1
22869,90,1
22869,91,1
22869,92,1
22869,93,1
22869,147,1
22869,148,0
22869,149,0
22869,150,0
22869,194,0
22869,196,0
22869,197,0
22869,198,0
22869,200,0
22869,201,1
22869,202,0
22869,203,0
22870,1,1
22870,2,0
22870,3,1
22870,5,1
22870,6,1
22870,7,1
22870,56,1
22870,57,1
22870,59,1
22870,60,1
22870,61,1
22870,63,1
22870,64,1
22870,65,1
22870,66,1
22870,67,1
22870,72,1
22870,73,1
22870,74,1
22870,82,1
22870,83,1
22870,84,1
22870,86,1
22870,87,1
22870,88,1
22870,90,1
22870,91,1
22870,92,1
22870,93,1
22870,147,1
22870,148,0
22870,149,0
22870,150,0
22870,194,0
22870,196,0
22870,197,0
22870,198,0
22870,200,0
22870,201,0
22870,202,0
22870,203,0
22876,1,1
22876,2,0
22876,3,1
22876,5,1
22876,6,1
22876,7,1
22876,49,1
22876,50,1
22876,52,1
22876,53,1
22876,54,1
22876,56,1
22876,57,1
22876,59,1
22876,60,1
22876,61,1
22876,63,1
22876,64,1
22876,65,1
22876,66,1
22876,67,1
22876,72,1
22876,73,1
22876,74,1
22876,82,1
22876,83,1
22876,84,1
22876,86,1
22876,87,1
22876,88,1
22876,90,1
22876,91,1
22876,92,1
22876,93,1
22876,147,1
22876,148,0
22876,149,0
22876,150,0
22876,194,0
22876,196,0
22876,197,0
22876,198,0
22876,200,0
22876,201,0
22876,202,0
22876,203,0
22877,1,1
22877,2,1
22877,3,1
22877,5,1
22877,6,1
22877,7,1
22877,9,1
22877,10,0
22877,11,0
22877,12,0
22877,29,1
22877,32,0
22877,33,0
22877,34,0
22877,35,0
22877,36,0
22877,37,0
22877,39,0
22877,40,0
22877,41,0
22877,49,1
22877,50,1
22877,52,1
22877,53,1
22877,54,1
22877,56,1
22877,57,1
22877,59,1
22877,60,1
22877,61,1
22877,63,1
22877,64,1
22877,65,1
22877,66,1
22877,67,1
22877,72,0
22877,73,1
22877,74,1
22877,82,1
22877,83,1
22877,84,1
22877,86,1
22877,87,1
22877,88,1
22877,90,1
22877,91,1
22877,92,1
22877,93,1
22877,147,0
22877,148,0
22877,149,1
22877,150,0
22877,152,1
22877,153,1
22877,154,0
22877,155,1
22877,157,1
22877,159,1
22877,160,0
22877,164,0
22877,170,0
22877,171,0
22877,172,0
22877,173,0
22877,174,0
22877,175,0
22877,176,0
22877,177,0
22877,178,0
22877,181,0
22877,182,0
22877,183,0
22877,184,0
22877,194,0
22877,196,0
22877,197,0
22877,198,0
22877,200,0
22877,201,1
22877,202,0
22877,203,0
22880,1,1
22880,2,0
22880,3,1
22880,5,1
22880,6,1
22880,7,1
22880,49,1
22880,50,1
22880,52,1
22880,53,1
22880,54,1
22880,56,1
22880,57,1
22880,59,1
22880,60,1
22880,61,1
22880,63,1
22880,64,1
22880,65,1
22880,66,1
22880,67,1
22880,72,1
22880,73,1
22880,74,1
22880,82,1
22880,83,1
22880,84,1
22880,86,1
22880,87,1
22880,88,1
22880,90,1
22880,91,1
22880,92,1
22880,93,1
22880,147,1
22880,148,0
22880,149,0
22880,150,0
22880,194,0
22880,196,0
22880,197,0
22880,198,0
22880,200,0
22880,201,1
22880,202,0
22880,203,0
22882,1,1
22882,2,0
22882,3,1
22882,5,1
22882,6,1
22882,7,1
22882,49,1
22882,50,1
22882,52,1
22882,53,1
22882,54,1
22882,56,1
22882,57,1
22882,59,1
22882,60,1
22882,61,1
22882,63,1
22882,64,1
22882,65,1
22882,66,1
22882,67,1
22882,72,1
22882,73,1
22882,74,1
22882,82,1
22882,83,1
22882,84,1
22882,86,1
22882,87,1
22882,88,1
22882,90,1
22882,91,1
22882,92,1
22882,93,1
22882,147,0
22882,148,1
22882,149,0
22882,150,0
22882,152,1
22882,153,1
22882,154,1
22882,155,0
22882,157,0
22882,159,0
22882,160,0
22882,164,0
22882,170,0
22882,171,0
22882,172,0
22882,173,0
22882,174,0
22882,175,0
22882,176,0
22882,177,0
22882,178,0
22882,181,0
22882,182,0
22882,183,0
22882,184,0
22882,194,1
22882,196,0
22882,197,0
22882,198,0
22882,200,0
22882,201,1
22882,202,0
22882,203,0
22887,1,1
22887,2,0
22887,3,1
22887,5,1
22887,6,1
22887,7,1
22887,29,0
22887,30,0
22887,31,0
22887,32,0
22887,33,0
22887,34,0
22887,35,0
22887,36,0
22887,37,0
22887,39,1
22887,49,1
22887,50,1
22887,52,1
22887,53,1
22887,54,1
22887,56,1
22887,57,1
22887,59,1
22887,60,1
22887,61,1
22887,63,1
22887,64,1
22887,65,1
22887,66,1
22887,67,1
22887,72,1
22887,73,1
22887,74,1
22887,82,1
22887,83,1
22887,84,1
22887,86,1
22887,87,1
22887,88,1
22887,90,1
22887,91,1
22887,92,1
22887,93,1
22887,147,1
22887,148,0
22887,149,0
22887,150,0
22887,194,0
22887,196,0
22887,197,0
22887,198,0
22887,200,0
22887,201,0
22887,202,0
22887,203,0
22888,1,1
22888,2,0
22888,3,1
22888,5,1
22888,6,1
22888,7,1
22888,49,1
22888,50,1
22888,52,1
22888,53,1
22888,54,1
22888,56,1
22888,57,1
22888,59,1
22888,60,1
22888,61,1
22888,63,1
22888,64,1
22888,65,1
22888,66,1
22888,67,1
22888,72,1
22888,73,1
22888,74,1
22888,82,1
22888,83,1
22888,84,1
22888,86,1
22888,87,1
22888,88,1
22888,90,1
22888,91,1
22888,92,1
22888,93,1
22888,147,1
22888,148,0
22888,149,0
22888,150,0
22888,194,1
22888,196,0
22888,197,0
22888,198,0
22888,200,0
22888,201,1
22888,202,0
22888,203,0
22889,1,1
22889,2,0
22889,3,1
22889,5,1
22889,6,1
22889,7,1
22889,49,1
22889,50,1
22889,52,1
22889,53,1
22889,54,1
22889,56,1
22889,57,1
22889,59,1
22889,60,1
22889,61,1
22889,63,1
22889,64,1
22889,65,1
22889,66,1
22889,67,1
22889,72,1
22889,73,1
22889,74,1
22889,82,1
22889,83,1
22889,84,1
22889,86,1
22889,87,1
22889,88,1
22889,90,1
22889,91,1
22889,92,1
22889,93,1
22889,147,1
22889,148,0
22889,149,0
22889,150,0
22889,194,0
22889,196,0
22889,197,0
22889,198,0
22889,200,0
22889,201,0
22889,202,0
22889,203,0
22890,1,1
22890,2,0
22890,3,1
22890,5,1
22890,6,1
22890,7,1
22890,72,1
22890,73,1
22890,74,1
22890,82,1
22890,83,1
22890,84,1
22890,90,1
22890,91,1
22890,92,1
22890,93,1
22890,147,1
22890,148,0
22890,149,0
22890,150,0
22890,194,0
22890,196,0
22890,197,0
22890,198,0
22890,200,0
22890,201,0
22890,202,0
22890,203,0
22897,1,1
22897,2,0
22897,3,1
22897,5,1
22897,6,1
22897,7,1
22897,9,0
22897,10,1
22897,11,0
22897,12,0
22897,29,0
22897,30,0
22897,31,0
22897,32,0
22897,33,0
22897,34,0
22897,35,1
22897,36,1
22897,37,0
22897,39,0
22897,40,0
22897,41,0
22897,49,1
22897,50,1
22897,52,1
22897,53,1
22897,54,1
22897,56,1
22897,57,1
22897,59,1
22897,60,1
22897,61,1
22897,63,1
22897,64,1
22897,65,1
22897,66,1
22897,67,1
22897,72,1
22897,73,1
22897,74,1
22897,82,1
22897,83,1
22897,84,1
22897,86,1
22897,87,1
22897,88,1
22897,90,1
22897,91,1
22897,92,1
22897,93,1
22897,147,1
22897,148,0
22897,149,0
22897,150,0
22897,194,0
22897,196,0
22897,197,0
22897,198,0
22897,200,0
22897,201,1
22897,202,0
22897,203,0
22899,1,1
22899,2,0
22899,3,1
22899,5,1
22899,6,1
22899,7,1
22899,49,0
22899,50,1
22899,52,1
22899,53,1
22899,54,1
22899,56,0
22899,57,0
22899,59,1
22899,60,1
22899,61,1
22899,63,1
22899,64,1
22899,65,1
22899,66,1
22899,67,1
22899,72,1
22899,73,1
22899,74,1
22899,82,1
22899,83,1
22899,84,1
22899,86,1
22899,87,1
22899,88,1
22899,90,1
22899,91,1
22899,92,1
22899,93,1
22899,147,1
22899,148,0
22899,149,0
22899,150,0
22899,194,0
22899,196,0
22899,197,0
22899,198,0
22899,200,0
22899,201,0
22899,202,0
22899,203,0
22906,1,1
22906,2,0
22906,3,1
22906,5,1
22906,6,1
22906,7,1
22906,49,1
22906,50,1
22906,52,1
22906,53,1
22906,54,1
22906,56,1
22906,57,1
22906,59,1
22906,60,1
22906,61,1
22906,63,1
22906,64,1
22906,65,1
22906,66,1
22906,67,1
22906,72,1
22906,73,1
22906,74,1
22906,82,1
22906,83,1
22906,84,1
22906,86,1
22906,87,1
22906,88,1
22906,90,1
22906,91,1
22906,92,1
22906,93,0
22906,147,1
22906,148,0
22906,149,0
22906,150,0
22906,194,0
22906,196,0
22906,197,0
22906,198,0
22906,200,0
22906,201,1
22906,202,0
22906,203,0
22908,1,1
22908,2,0
22908,3,1
22908,5,1
22908,6,1
22908,7,1
22908,29,1
22908,30,1
22908,31,0
22908,32,0
22908,33,0
22908,34,0
22908,35,0
22908,36,0
22908,37,0
22908,39,0
22908,40,0
22908,41,0
22908,49,1
22908,50,1
22908,52,1
22908,53,1
22908,54,1
22908,56,1
22908,57,1
22908,59,1
22908,60,1
22908,61,1
22908,63,1
22908,64,1
22908,65,1
22908,66,1
22908,67,1
22908,72,0
22908,73,1
22908,74,1
22908,82,1
22908,83,1
22908,84,1
22908,86,1
22908,87,1
22908,88,1
22908,90,1
22908,91,1
22908,92,1
22908,93,1
22908,147,1
22908,148,0
22908,149,0
22908,150,0
22908,194,0
22908,196,0
22908,197,0
22908,198,0
22908,200,0
22908,201,0
22908,202,0
22908,203,0
22996,1,1
22996,2,0
22996,3,1
22996,5,1
22996,6,1
22996,7,1
22996,9,0
22996,10,0
22996,11,1
22996,12,0
22996,29,1
22996,30,1
22996,31,0
22996,32,0
22996,33,0
22996,34,0
22996,35,0
22996,36,0
22996,37,0
22996,39,0
22996,40,0
22996,41,0
22996,49,0
22996,50,0
22996,52,0
22996,53,0
22996,54,1
22996,56,1
22996,57,1
22996,59,1
22996,60,1
22996,61,1
22996,63,0
22996,64,0
22996,65,1
22996,66,1
22996,67,1
22996,72,1
22996,73,1
22996,74,1
22996,82,1
22996,83,1
22996,84,1
22996,86,1
22996,87,1
22996,88,1
22996,90,1
22996,91,0
22996,92,0
22996,93,0
22996,147,0
22996,148,0
22996,149,0
22996,150,0
22996,152,1
22996,153,1
22996,154,1
22996,155,1
22996,157,1
22996,159,0
22996,160,1
22996,164,0
22996,170,1
22996,171,0
22996,172,0
22996,173,0
22996,174,0
22996,175,0
22996,176,0
22996,177,0
22996,178,0
22996,181,0
22996,182,0
22996,183,0
22996,184,0
22996,194,0
22996,196,1
22996,197,0
22996,198,0
22996,200,0
22996,201,1
22996,202,0
22996,203,0
23000,1,1
23000,2,0
23000,3,1
23000,5,1
23000,6,1
23000,7,1
23000,49,1
23000,50,1
23000,52,1
23000,53,1
23000,54,1
23000,56,1
23000,57,1
23000,59,1
23000,60,1
23000,61,1
23000,63,1
23000,64,1
23000,65,1
23000,66,1
23000,67,1
23000,72,1
23000,73,1
23000,74,1
23000,82,1
23000,83,1
23000,84,1
23000,86,1
23000,87,1
23000,88,1
23000,90,1
23000,91,1
23000,92,1
23000,93,0
23000,147,1
23000,148,0
23000,149,0
23000,150,0
23000,194,1
23000,196,0
23000,197,0
23000,198,0
23000,200,0
23000,201,1
23000,202,0
23000,203,0
23185,1,1
23185,2,0
23185,3,1
23185,5,1
23185,6,1
23185,7,1
23185,9,0
23185,10,1
23185,11,0
23185,12,0
23185,29,0
23185,30,0
23185,31,0
23185,32,1
23185,33,1
23185,34,0
23185,35,0
23185,36,0
23185,37,0
23185,39,0
23185,40,0
23185,41,0
23185,49,1
23185,50,1
23185,52,1
23185,53,1
23185,54,1
23185,56,1
23185,57,1
23185,59,1
23185,60,1
23185,61,1
23185,63,1
23185,64,1
23185,65,1
23185,66,1
23185,67,1
23185,72,1
23185,73,1
23185,74,1
23185,82,1
23185,83,1
23185,84,1
23185,86,1
23185,87,1
23185,88,1
23185,90,1
23185,91,1
23185,92,1
23185,93,1
23185,147,0
23185,148,0
23185,149,1
23185,150,0
23185,152,1
23185,153,1
23185,154,0
23185,155,1
23185,157,1
23185,159,1
23185,160,0
23185,164,0
23185,170,0
23185,171,0
23185,172,0
23185,173,0
23185,174,0
23185,175,0
23185,176,0
23185,177,0
23185,178,0
23185,181,0
23185,182,0
23185,183,0
23185,184,0
23185,194,1
23185,196,0
23185,197,0
23185,198,0
23185,200,0
23185,201,1
23185,202,0
23185,203,0
23187,1,1
23187,2,0
23187,3,1
23187,5,1
23187,6,1
23187,7,1
23187,29,0
23187,30,0
23187,31,0
23187,32,0
23187,33,0
23187,34,0
23187,35,1
23187,36,1
23187,37,0
23187,39,0
23187,40,0
23187,41,0
23187,49,1
23187,50,1
23187,52,1
23187,53,1
23187,54,1
23187,56,1
23187,57,1
23187,59,1
23187,60,1
23187,61,1
23187,63,1
23187,64,1
23187,65,1
23187,66,1
23187,67,1
23187,72,1
23187,73,1
23187,74,1
23187,82,1
23187,83,1
23187,84,1
23187,86,1
23187,87,1
23187,88,1
23187,90,1
23187,91,1
23187,92,1
23187,93,1
23187,147,0
23187,148,0
23187,149,1
23187,150,0
23187,152,0
23187,153,0
23187,154,0
23187,155,0
23187,157,0
23187,159,0
23187,160,0
23187,164,0
23187,170,1
23187,171,1
23187,172,1
23187,173,0
23187,174,1
23187,175,1
23187,176,0
23187,177,0
23187,178,0
23187,181,0
23187,182,0
23187,183,0
23187,184,0
23187,194,0
23187,196,0
23187,197,0
23187,198,0
23187,200,0
23187,201,1
23187,202,0
23187,203,0
23192,1,1
23192,2,0
23192,3,1
23192,5,1
23192,6,1
23192,7,1
23192,56,1
23192,57,1
23192,59,1
23192,60,1
23192,61,1
23192,63,1
23192,64,1
23192,65,1
23192,66,1
23192,67,1
23192,72,1
23192,73,1
23192,74,1
23192,82,1
23192,83,1
23192,84,1
23192,86,1
23192,87,1
23192,88,1
23192,90,1
23192,91,1
23192,92,1
23192,93,1
23192,147,1
23192,148,0
23192,149,0
23192,150,0
23192,194,0
23192,196,0
23192,197,0
23192,198,0
23192,200,0
23192,201,1
23192,202,0
23192,203,0
23200,1,1
23200,2,0
23200,3,1
23200,5,1
23200,6,1
23200,7,1
23200,9,0
23200,10,0
23200,11,0
23200,12,1
23200,29,0
23200,30,0
23200,31,0
23200,32,0
23200,33,0
23200,34,0
23200,35,0
23200,36,0
23200,37,0
23200,39,1
23200,49,1
23200,50,1
23200,52,1
23200,53,1
23200,54,1
23200,56,1
23200,57,1
23200,59,1
23200,60,1
23200,61,1
23200,63,1
23200,64,1
23200,65,1
23200,66,1
23200,67,1
23200,72,1
23200,73,1
23200,74,1
23200,82,1
23200,83,1
23200,84,1
23200,86,1
23200,87,1
23200,88,1
23200,90,1
23200,91,0
23200,92,0
23200,93,0
23200,147,0
23200,148,0
23200,149,1
23200,150,0
23200,152,1
23200,153,1
23200,154,0
23200,155,1
23200,157,1
23200,159,0
23200,160,1
23200,164,0
23200,170,0
23200,171,0
23200,172,0
23200,173,0
23200,174,0
23200,175,0
23200,176,0
23200,177,0
23200,178,0
23200,181,0
23200,182,0
23200,183,0
23200,184,0
23200,194,1
23200,196,0
23200,197,0
23200,198,0
23200,200,0
23200,201,1
23200,202,1
23200,203,0
23202,1,1
23202,2,0
23202,3,1
23202,5,1
23202,6,1
23202,7,1
23202,9,0
23202,10,1
23202,11,0
23202,12,0
23202,29,1
23202,30,1
23202,31,0
23202,32,0
23202,33,0
23202,34,0
23202,35,0
23202,36,0
23202,37,0
23202,39,0
23202,40,0
23202,41,0
23202,49,1
23202,50,1
23202,52,1
23202,53,1
23202,54,1
23202,56,1
23202,57,1
23202,59,1
23202,60,1
23202,61,1
23202,63,1
23202,64,1
23202,65,1
23202,66,1
23202,67,1
23202,72,1
23202,73,1
23202,74,1
23202,82,1
23202,83,1
23202,84,1
23202,86,1
23202,87,1
23202,88,1
23202,90,1
23202,91,1
23202,92,1
23202,93,1
23202,147,1
23202,148,0
23202,149,0
23202,150,0
23202,194,0
23202,196,0
23202,197,0
23202,198,0
23202,200,0
23202,201,1
23202,202,0
23202,203,0
23203,1,1
23203,2,1
23203,3,0
23203,5,1
23203,6,1
23203,7,1
23203,49,1
23203,50,1
23203,52,1
23203,53,1
23203,54,1
23203,56,1
23203,57,1
23203,59,1
23203,60,1
23203,61,1
23203,63,1
23203,64,1
23203,65,1
23203,66,1
23203,67,1
23203,72,1
23203,73,1
23203,74,1
23203,82,1
23203,83,1
23203,84,1
23203,86,1
23203,87,1
23203,88,1
23203,90,1
23203,91,1
23203,92,1
23203,93,1
23203,147,1
23203,148,0
23203,149,0
23203,150,0
23203,194,0
23203,196,0
23203,197,0
23203,198,0
23203,200,0
23203,201,0
23203,202,0
23203,203,0
23209,1,1
23209,2,1
23209,3,0
23209,5,1
23209,6,1
23209,7,1
23209,49,0
23209,50,0
23209,52,0
23209,53,1
23209,54,1
23209,56,0
23209,57,1
23209,59,1
23209,60,1
23209,61,1
23209,63,0
23209,64,1
23209,65,1
23209,66,1
23209,67,1
23209,72,1
23209,73,1
23209,74,1
23209,82,1
23209,83,0
23209,84,0
23209,86,1
23209,87,1
23209,88,1
23209,90,1
23209,91,1
23209,92,1
23209,93,1
23209,147,1
23209,148,0
23209,149,0
23209,150,0
23209,194,0
23209,196,0
23209,197,0
23209,198,0
23209,200,0
23209,201,1
23209,202,0
23209,203,0
23210,1,1
23210,2,0
23210,3,1
23210,5,1
23210,6,1
23210,7,1
23210,49,1
23210,50,1
23210,52,1
23210,53,1
23210,54,1
23210,56,1
23210,57,1
23210,59,1
23210,60,1
23210,61,1
23210,63,1
23210,64,1
23210,65,1
23210,66,1
23210,67,1
23210,72,0
23210,73,1
23210,74,1
23210,82,1
23210,83,1
23210,84,1
23210,86,1
23210,87,1
23210,88,1
23210,90,1
23210,91,1
23210,92,1
23210,93,1
23210,147,1
23210,148,0
23210,149,0
23210,150,0
23210,194,0
23210,196,0
23210,197,0
23210,198,0
23210,200,0
23210,201,1
23210,202,0
23210,203,0
23220,1,1
23220,2,1
23220,3,0
23220,5,1
23220,6,1
23220,7,1
23220,49,0
23220,50,1
23220,52,1
23220,53,1
23220,54,1
23220,56,1
23220,57,1
23220,59,1
23220,60,1
23220,61,1
23220,63,1
23220,64,1
23220,65,1
23220,66,1
23220,67,1
23220,72,1
23220,73,1
23220,74,1
23220,82,1
23220,83,1
23220,84,1
23220,86,1
23220,87,1
23220,88,1
23220,90,1
23220,91,1
23220,92,1
23220,93,1
23220,147,1
23220,148,0
23220,149,0
23220,150,0
23220,194,0
23220,196,0
23220,197,0
23220,198,0
23220,200,0
23220,201,0
23220,202,0
23220,203,0
23225,1,1
23225,2,0
23225,3,1
23225,5,1
23225,6,1
23225,7,1
23225,29,1
23225,30,0
23225,31,0
23225,32,0
23225,33,0
23225,34,0
23225,35,0
23225,36,0
23225,37,0
23225,39,0
23225,40,0
23225,41,0
23225,49,1
23225,50,1
23225,52,1
23225,53,1
23225,54,1
23225,56,1
23225,57,1
23225,59,1
23225,60,1
23225,61,1
23225,63,1
23225,64,1
23225,65,1
23225,66,1
23225,67,1
23225,72,1
23225,73,1
23225,74,1
23225,82,1
23225,83,1
23225,84,1
23225,86,1
23225,87,1
23225,88,1
23225,90,1
23225,91,1
23225,92,1
23225,93,1
23225,147,0
23225,148,1
23225,149,0
23225,150,0
23225,152,1
23225,153,1
23225,154,0
23225,155,1
23225,157,0
23225,159,0
23225,160,0
23225,164,0
23225,170,1
23225,171,0
23225,172,0
23225,173,0
23225,174,0
23225,175,0
23225,176,0
23225,177,0
23225,178,0
23225,181,0
23225,182,0
23225,183,0
23225,184,0
23225,194,0
23225,196,0
23225,197,0
23225,198,0
23225,200,0
23225,201,1
23225,202,0
23225,203,0
23226,1,1
23226,2,1
23226,3,0
23226,5,1
23226,6,1
23226,7,1
23226,9,0
23226,10,0
23226,11,1
23226,12,0
23226,29,1
23226,32,0
23226,33,0
23226,34,0
23226,35,0
23226,36,0
23226,37,0
23226,39,0
23226,40,0
23226,41,0
23226,49,1
23226,50,1
23226,52,1
23226,53,1
23226,54,1
23226,56,1
23226,57,1
23226,59,1
23226,60,1
23226,61,1
23226,63,1
23226,64,1
23226,65,1
23226,66,1
23226,67,1
23226,72,0
23226,73,1
23226,74,1
23226,82,1
23226,83,1
23226,84,1
23226,86,1
23226,87,1
23226,88,1
23226,90,1
23226,91,1
23226,92,1
23226,93,1
23226,147,1
23226,148,0
23226,149,0
23226,150,0
23226,194,0
23226,196,0
23226,197,0
23226,198,0
23226,200,0
23226,201,1
23226,202,0
23226,203,0
23228,1,1
23228,2,0
23228,3,1
23228,5,1
23228,6,1
23228,7,1
23228,49,1
23228,50,1
23228,52,1
23228,53,1
23228,54,1
23228,56,1
23228,57,1
23228,59,1
23228,60,1
23228,61,1
23228,63,0
23228,64,0
23228,65,0
23228,66,1
23228,67,1
23228,72,0
23228,73,1
23228,74,1
23228,82,1
23228,83,1
23228,84,0
23228,86,1
23228,87,1
23228,88,1
23228,90,1
23228,91,1
23228,92,1
23228,93,1
23228,147,1
23228,148,0
23228,149,0
23228,150,0
23228,194,0
23228,196,0
23228,197,0
23228,198,0
23228,200,0
23228,201,1
23228,202,0
23228,203,0
23232,1,1
23232,2,0
23232,3,1
23232,5,1
23232,6,1
23232,7,1
23232,9,1
23232,10,0
23232,11,0
23232,12,0
23232,29,0
23232,30,0
23232,31,0
23232,32,0
23232,33,0
23232,34,0
23232,35,0
23232,36,0
23232,37,0
23232,39,1
23232,56,1
23232,57,1
23232,59,1
23232,60,1
23232,61,1
23232,63,1
23232,64,1
23232,65,1
23232,66,1
23232,67,1
23232,72,1
23232,73,1
23232,74,1
23232,82,1
23232,83,1
23232,84,1
23232,86,1
23232,87,1
23232,88,1
23232,90,1
23232,91,1
23232,92,1
23232,93,1
23232,147,1
23232,148,0
23232,149,0
23232,150,0
23232,194,0
23232,196,0
23232,197,0
23232,198,0
23232,200,0
23232,201,0
23232,202,0
23232,203,0
23238,1,1
23238,2,0
23238,3,1
23238,5,1
23238,6,1
23238,7,1
23238,49,0
23238,50,0
23238,52,1
23238,53,1
23238,54,1
23238,56,0
23238,57,0
23238,59,1
23238,60,1
23238,61,1
23238,63,1
23238,64,1
23238,65,1
23238,66,1
23238,67,1
23238,72,1
23238,73,1
23238,74,1
23238,82,1
23238,83,1
23238,84,1
23238,86,1
23238,87,1
23238,88,1
23238,90,1
23238,91,1
23238,92,1
23238,93,1
23238,147,1
23238,148,0
23238,149,0
23238,150,0
23238,194,0
23238,196,1
23238,197,0
23238,198,0
23238,200,0
23238,201,1
23238,202,0
23238,203,0
23240,1,1
23240,2,1
23240,3,0
23240,5,1
23240,6,1
23240,7,1
23240,49,1
23240,50,1
23240,52,1
23240,53,1
23240,54,1
23240,56,1
23240,57,1
23240,59,1
23240,60,1
23240,61,1
23240,63,1
23240,64,1
23240,65,1
23240,66,1
23240,67,1
23240,72,0
23240,73,0
23240,74,0
23240,82,1
23240,83,1
23240,84,1
23240,86,1
23240,87,1
23240,88,1
23240,90,1
23240,91,1
23240,92,1
23240,93,1
23240,147,1
23240,148,0
23240,149,0
23240,150,0
23240,194,0
23240,196,1
23240,197,0
23240,198,0
23240,200,0
23240,201,0
23240,202,0
23240,203,0
23242,1,1
23242,2,0
23242,3,1
23242,5,1
23242,6,1
23242,7,1
23242,9,0
23242,10,0
23242,11,0
23242,12,1
23242,29,0
23242,30,0
23242,31,0
23242,32,0
23242,33,0
23242,34,0
23242,35,0
23242,36,0
23242,37,0
23242,39,1
23242,49,0
23242,50,0
23242,52,1
23242,53,1
23242,54,1
23242,56,0
23242,57,1
23242,59,1
23242,60,1
23242,61,1
23242,63,0
23242,64,0
23242,65,0
23242,66,0
23242,67,0
23242,72,0
23242,73,0
23242,74,1
23242,82,1
23242,83,1
23242,84,1
23242,86,1
23242,87,1
23242,88,1
23242,90,1
23242,91,1
23242,92,1
23242,93,1
23242,147,1
23242,148,0
23242,149,0
23242,150,0
23242,194,0
23242,196,0
23242,197,0
23242,198,0
23242,200,0
23242,201,1
23242,202,0
23242,203,0
23246,1,1
23246,2,0
23246,3,1
23246,5,1
23246,6,1
23246,7,1
23246,9,0
23246,10,1
23246,11,0
23246,12,0
23246,72,1
23246,73,1
23246,74,1
23246,82,1
23246,83,1
23246,84,1
23246,90,1
23246,91,1
23246,92,1
23246,93,0
23246,147,1
23246,148,0
23246,149,0
23246,150,0
23246,194,0
23246,196,0
23246,197,0
23246,198,0
23246,200,0
23246,201,1
23246,202,0
23246,203,0
23247,1,1
23247,2,0
23247,3,1
23247,5,1
23247,6,1
23247,7,1
23247,9,0
23247,10,1
23247,11,0
23247,12,0
23247,29,0
23247,30,0
23247,31,0
23247,32,0
23247,33,0
23247,34,0
23247,35,1
23247,39,0
23247,40,0
23247,41,0
23247,49,0
23247,50,1
23247,52,1
23247,53,1
23247,54,1
23247,56,1
23247,57,1
23247,59,1
23247,60,1
23247,61,1
23247,63,1
23247,64,1
23247,65,1
23247,66,1
23247,67,1
23247,72,1
23247,73,1
23247,74,1
23247,82,1
23247,83,1
23247,84,1
23247,86,1
23247,87,1
23247,88,1
23247,90,1
23247,91,1
23247,92,1
23247,93,1
23247,147,1
23247,148,0
23247,149,0
23247,150,0
23247,194,0
23247,196,0
23247,197,0
23247,198,0
23247,200,0
23247,201,1
23247,202,0
23247,203,0
23256,1,1
23256,2,0
23256,3,1
23256,5,1
23256,6,1
23256,7,1
23256,9,0
23256,10,1
23256,11,0
23256,12,0
23256,29,0
23256,30,0
23256,31,0
23256,32,0
23256,33,0
23256,34,0
23256,35,0
23256,36,0
23256,37,0
23256,39,1
23256,49,1
23256,50,1
23256,52,1
23256,53,1
23256,54,1
23256,56,1
23256,57,1
23256,59,1
23256,60,1
23256,61,1
23256,63,1
23256,64,1
23256,65,1
23256,66,1
23256,67,1
23256,72,1
23256,73,1
23256,74,1
23256,82,1
23256,83,1
23256,84,1
23256,86,1
23256,87,1
23256,88,1
23256,90,1
23256,91,1
23256,92,1
23256,93,1
23256,147,0
23256,148,1
23256,149,0
23256,150,0
23256,152,1
23256,153,1
23256,154,0
23256,155,1
23256,157,0
23256,159,0
23256,160,0
23256,164,0
23256,170,0
23256,171,0
23256,172,0
23256,173,0
23256,174,0
23256,175,0
23256,176,0
23256,177,0
23256,178,0
23256,181,0
23256,182,0
23256,183,0
23256,184,0
23256,194,1
23256,196,0
23256,197,0
23256,198,0
23256,200,0
23256,201,1
23256,202,0
23256,203,0
23267,1,1
23267,2,0
23267,3,1
23267,5,1
23267,6,1
23267,7,1
23267,9,0
23267,10,1
23267,11,0
23267,12,0
23267,29,0
23267,30,0
23267,31,0
23267,32,1
23267,35,0
23267,36,0
23267,37,0
23267,39,0
23267,40,0
23267,41,0
23267,49,1
23267,50,1
23267,52,1
23267,53,1
23267,54,1
23267,56,1
23267,57,1
23267,59,1
23267,60,1
23267,61,1
23267,63,1
23267,64,1
23267,65,1
23267,66,1
23267,67,1
23267,72,1
23267,73,1
23267,74,1
23267,82,1
23267,83,1
23267,84,1
23267,86,1
23267,87,1
23267,88,1
23267,90,1
23267,91,1
23267,92,1
23267,93,1
23267,147,0
23267,148,1
23267,149,0
23267,150,0
23267,152,1
23267,153,1
23267,154,0
23267,155,1
23267,157,0
23267,159,0
23267,160,0
23267,164,0
23267,170,0
23267,171,0
23267,172,0
23267,173,0
23267,174,0
23267,175,0
23267,176,0
23267,177,0
23267,178,0
23267,181,0
23267,182,0
23267,183,0
23267,184,0
23267,194,0
23267,196,1
23267,197,0
23267,198,0
23267,200,0
23267,201,1
23267,202,0
23267,203,0
23269,1,1
23269,2,0
23269,3,1
23269,5,1
23269,6,1
23269,7,1
23269,9,0
23269,10,1
23269,11,0
23269,12,0
23269,29,1
23269,30,1
23269,31,0
23269,32,0
23269,33,0
23269,34,0
23269,35,0
23269,36,0
23269,37,0
23269,39,0
23269,40,0
23269,41,0
23269,56,1
23269,57,1
23269,59,1
23269,60,1
23269,61,1
23269,63,1
23269,64,1
23269,65,1
23269,66,1
23269,67,1
23269,72,1
23269,73,1
23269,74,1
23269,82,1
23269,83,1
23269,84,1
23269,86,1
23269,87,1
23269,88,1
23269,90,1
23269,91,1
23269,92,1
23269,93,1
23269,147,1
23269,148,0
23269,149,0
23269,150,0
23269,194,0
23269,196,0
23269,197,0
23269,198,0
23269,200,0
23269,201,1
23269,202,0
23269,203,0
23271,1,1
23271,2,1
23271,3,0
23271,5,1
23271,6,1
23271,7,1
23271,49,1
23271,50,1
23271,52,1
23271,53,1
23271,54,1
23271,56,1
23271,57,1
23271,59,1
23271,60,1
23271,61,1
23271,63,1
23271,64,1
23271,65,1
23271,66,1
23271,67,1
23271,72,1
23271,73,1
23271,74,1
23271,82,1
23271,83,1
23271,84,1
23271,86,1
23271,87,1
23271,88,1
23271,90,1
23271,91,1
23271,92,1
23271,93,0
23271,147,0
23271,148,1
23271,149,0
23271,150,0
23271,152,1
23271,153,1
23271,154,1
23271,155,0
23271,157,0
23271,159,0
23271,160,0
23271,164,0
23271,170,0
23271,171,0
23271,172,0
23271,173,0
23271,174,0
23271,175,0
23271,176,0
23271,177,0
23271,178,0
23271,181,0
23271,182,0
23271,183,0
23271,184,0
23271,194,0
23271,196,0
23271,197,0
23271,198,0
23271,200,0
23271,201,1
23271,202,0
23271,203,0
23272,1,1
23272,2,0
23272,3,1
23272,5,1
23272,6,1
23272,7,1
23272,29,0
23272,30,0
23272,31,0
23272,32,0
23272,33,0
23272,34,0
23272,35,0
23272,36,0
23272,37,0
23272,39,1
23272,72,1
23272,73,1
23272,74,1
23272,82,1
23272,83,1
23272,84,1
23272,90,1
23272,91,1
23272,92,1
23272,93,1
23272,147,0
23272,148,1
23272,149,0
23272,150,0
23272,152,0
23272,153,0
23272,154,0
23272,155,0
23272,157,0
23272,159,0
23272,160,0
23272,164,0
23272,170,1
23272,171,1
23272,172,0
23272,173,0
23272,174,0
23272,175,1
23272,176,0
23272,177,0
23272,178,0
23272,181,0
23272,182,0
23272,183,0
23272,184,0
23272,194,1
23272,196,0
23272,197,0
23272,198,0
23272,200,0
23272,201,1
23272,202,0
23272,203,0
23275,1,1
23275,2,1
23275,3,0
23275,5,1
23275,6,1
23275,7,1
23275,49,1
23275,50,1
23275,52,1
23275,53,1
23275,54,1
23275,56,1
23275,57,1
23275,59,1
23275,60,1
23275,61,1
23275,63,1
23275,64,1
23275,65,1
23275,66,1
23275,67,1
23275,72,1
23275,73,1
23275,74,1
23275,82,1
23275,83,1
23275,84,1
23275,86,1
23275,87,1
23275,88,1
23275,90,1
23275,91,1
23275,92,1
23275,93,0
23275,147,1
23275,148,0
23275,149,0
23275,150,0
23275,194,0
23275,196,0
23275,197,0
23275,198,0
23275,200,0
23275,201,0
23275,202,0
23275,203,0
23278,1,1
23278,2,0
23278,3,1
23278,5,1
23278,6,1
23278,7,1
23278,9,0
23278,10,0
23278,11,1
23278,12,0
23278,29,0
23278,30,0
23278,31,0
23278,32,0
23278,33,0
23278,34,0
23278,35,0
23278,36,0
23278,37,0
23278,39,1
23278,49,1
23278,50,1
23278,52,1
23278,53,1
23278,54,1
23278,56,1
23278,57,1
23278,59,1
23278,60,1
23278,61,1
23278,63,1
23278,64,1
23278,65,1
23278,66,1
23278,67,1
23278,72,1
23278,73,1
23278,74,1
23278,82,1
23278,83,1
23278,84,1
23278,86,1
23278,87,1
23278,88,1
23278,90,1
23278,91,1
23278,92,0
23278,93,0
23278,147,1
23278,148,0
23278,149,0
23278,150,0
23278,194,0
23278,196,0
23278,197,0
23278,198,0
23278,200,0
23278,201,1
23278,202,0
23278,203,0
23283,1,1
23283,2,0
23283,3,1
23283,5,1
23283,6,1
23283,7,1
23283,9,1
23283,10,0
23283,11,0
23283,12,0
23283,29,0
23283,30,0
23283,31,0
23283,32,0
23283,33,0
23283,34,0
23283,35,0
23283,36,0
23283,37,0
23283,39,1
23283,49,1
23283,50,1
23283,52,1
23283,53,1
23283,54,1
23283,56,1
23283,57,1
23283,59,1
23283,60,1
23283,61,1
23283,63,1
23283,64,1
23283,65,1
23283,66,1
23283,67,1
23283,72,0
23283,73,1
23283,74,1
23283,82,1
23283,83,1
23283,84,1
23283,86,1
23283,87,1
23283,88,1
23283,90,1
23283,91,1
23283,92,1
23283,93,1
23283,147,0
23283,148,1
23283,149,0
23283,150,0
23283,152,1
23283,153,1
23283,154,0
23283,155,1
23283,157,1
23283,159,1
23283,160,0
23283,164,0
23283,170,0
23283,171,0
23283,172,0
23283,173,0
23283,174,0
23283,175,0
23283,176,0
23283,177,0
23283,178,0
23283,181,0
23283,182,0
23283,183,0
23283,184,0
23283,194,0
23283,196,0
23283,197,0
23283,198,0
23283,200,0
23283,201,1
23283,202,0
23283,203,0
23284,1,1
23284,2,0
23284,3,1
23284,5,1
23284,6,1
23284,7,1
23284,9,1
23284,10,0
23284,11,0
23284,12,0
23284,29,0
23284,30,0
23284,31,0
23284,32,0
23284,33,0
23284,34,0
23284,35,0
23284,36,0
23284,37,0
23284,39,1
23284,49,1
23284,50,1
23284,52,1
23284,53,1
23284,54,1
23284,56,1
23284,57,1
23284,59,1
23284,60,1
23284,61,1
23284,63,0
23284,64,1
23284,65,1
23284,66,1
23284,67,1
23284,72,1
23284,73,1
23284,74,1
23284,82,1
23284,83,1
23284,84,1
23284,86,1
23284,87,1
23284,88,1
23284,90,1
23284,91,1
23284,92,1
23284,93,1
23284,147,0
23284,148,1
23284,149,0
23284,150,0
23284,152,0
23284,153,0
23284,154,0
23284,155,0
23284,157,0
23284,159,0
23284,160,0
23284,164,0
23284,170,1
23284,171,0
23284,172,0
23284,173,0
23284,174,0
23284,175,0
23284,176,0
23284,177,1
23284,178,0
23284,181,0
23284,182,0
23284,183,0
23284,184,0
23284,194,0
23284,196,0
23284,197,0
23284,198,0
23284,200,0
23284,201,1
23284,202,0
23284,203,0
23285,1,1
23285,2,0
23285,3,1
23285,5,1
23285,6,1
23285,7,1
23285,29,1
23285,30,1
23285,31,0
23285,32,0
23285,33,0
23285,34,0
23285,35,0
23285,36,0
23285,37,0
23285,39,0
23285,40,0
23285,41,0
23285,49,1
23285,50,1
23285,52,1
23285,53,1
23285,54,1
23285,56,1
23285,57,1
23285,59,1
23285,60,1
23285,61,1
23285,63,1
23285,64,1
23285,65,1
23285,66,1
23285,67,1
23285,72,1
23285,73,1
23285,74,1
23285,82,1
23285,83,1
23285,84,1
23285,86,1
23285,87,1
23285,88,1
23285,90,1
23285,91,1
23285,92,1
23285,93,1
23285,147,1
23285,148,0
23285,149,0
23285,150,0
23285,194,0
23285,196,0
23285,197,0
23285,198,0
23285,200,0
23285,201,0
23285,202,0
23285,203,1
23288,1,1
23288,2,0
23288,3,1
23288,5,1
23288,6,1
23288,7,1
23288,49,1
23288,50,1
23288,52,1
23288,53,1
23288,54,1
23288,56,1
23288,57,1
23288,59,1
23288,60,1
23288,61,1
23288,63,1
23288,64,1
23288,65,1
23288,66,1
23288,67,1
23288,72,1
23288,73,1
23288,74,1
23288,82,1
23288,83,1
23288,84,1
23288,86,1
23288,87,1
23288,88,1
23288,90,1
23288,91,1
23288,92,1
23288,93,1
23288,147,1
23288,148,0
23288,149,0
23288,150,0
23288,194,0
23288,196,0
23288,197,0
23288,198,0
23288,200,0
23288,201,1
23288,202,0
23288,203,0
23289,1,1
23289,5,1
23289,6,1
23289,7,1
23289,147,1
23289,148,0
23289,149,0
23289,150,0
23289,194,0
23289,196,0
23289,197,0
23289,198,0
23289,200,0
23289,201,0
23289,202,0
23289,203,0
23469,1,1
23469,2,0
23469,3,1
23469,5,1
23469,6,1
23469,7,1
23469,29,0
23469,30,0
23469,31,0
23469,32,1
23469,33,0
23469,34,1
23469,35,0
23469,36,0
23469,37,0
23469,39,0
23469,40,0
23469,41,0
23469,49,1
23469,50,1
23469,52,1
23469,53,1
23469,54,1
23469,56,1
23469,57,1
23469,59,1
23469,60,1
23469,61,1
23469,63,0
23469,64,1
23469,65,1
23469,66,1
23469,67,1
23469,72,1
23469,73,1
23469,74,1
23469,82,1
23469,83,1
23469,84,1
23469,86,1
23469,87,1
23469,88,1
23469,90,1
23469,91,1
23469,92,0
23469,93,0
23469,147,1
23469,148,0
23469,149,0
23469,150,0
23469,194,0
23469,196,0
23469,197,0
23469,198,0
23469,200,0
23469,201,1
23469,202,0
23469,203,0
23474,1,1
23474,2,1
23474,3,0
23474,5,1
23474,6,1
23474,7,1
23474,29,0
23474,30,0
23474,31,0
23474,32,0
23474,33,0
23474,34,0
23474,35,1
23474,36,1
23474,37,0
23474,39,0
23474,40,0
23474,41,0
23474,72,1
23474,73,1
23474,74,1
23474,82,1
23474,83,1
23474,84,1
23474,90,1
23474,91,1
23474,92,1
23474,93,1
23474,147,0
23474,148,1
23474,149,0
23474,150,0
23474,152,1
23474,153,1
23474,154,1
23474,155,0
23474,157,0
23474,159,0
23474,160,0
23474,164,0
23474,170,0
23474,171,0
23474,172,0
23474,173,0
23474,174,0
23474,175,0
23474,176,0
23474,177,0
23474,178,0
23474,181,0
23474,182,0
23474,183,0
23474,184,0
23474,194,0
23474,196,0
23474,197,0
23474,198,0
23474,200,0
23474,201,1
23474,202,0
23474,203,0
23476,1,1
23476,2,0
23476,3,1
23476,5,1
23476,6,1
23476,7,1
23476,29,1
23476,32,0
23476,33,0
23476,34,0
23476,35,0
23476,36,0
23476,37,0
23476,39,0
23476,40,0
23476,41,0
23476,49,1
23476,50,1
23476,52,1
23476,53,1
23476,54,1
23476,56,1
23476,57,1
23476,59,1
23476,60,1
23476,61,1
23476,63,1
23476,64,1
23476,65,1
23476,66,1
23476,67,1
23476,72,1
23476,73,1
23476,74,1
23476,82,1
23476,83,1
23476,84,1
23476,86,1
23476,87,1
23476,88,1
23476,90,1
23476,91,1
23476,92,1
23476,93,1
23476,147,1
23476,148,0
23476,149,0
23476,150,0
23476,194,0
23476,196,0
23476,197,0
23476,198,0
23476,200,0
23476,201,1
23476,202,0
23476,203,0
23480,1,1
23480,2,0
23480,3,1
23480,5,1
23480,6,1
23480,7,1
23480,72,1
23480,73,1
23480,74,1
23480,82,1
23480,83,1
23480,84,1
23480,90,1
23480,91,1
23480,92,1
23480,93,1
23480,147,1
23480,148,0
23480,149,0
23480,150,0
23480,194,0
23480,196,0
23480,197,0
23480,198,0
23480,200,0
23480,201,0
23480,202,0
23480,203,0
23481,1,1
23481,2,0
23481,3,1
23481,5,1
23481,6,1
23481,7,1
23481,49,1
23481,50,1
23481,52,1
23481,53,1
23481,54,1
23481,56,1
23481,57,1
23481,59,1
23481,60,1
23481,61,1
23481,63,1
23481,64,1
23481,65,1
23481,66,1
23481,67,1
23481,72,1
23481,73,1
23481,74,1
23481,82,1
23481,83,1
23481,84,1
23481,86,1
23481,87,1
23481,88,1
23481,90,1
23481,91,1
23481,92,1
23481,93,1
23481,147,1
23481,148,0
23481,149,0
23481,150,0
23481,194,0
23481,196,0
23481,197,0
23481,198,0
23481,200,0
23481,201,1
23481,202,0
23481,203,0
23482,1,1
23482,2,0
23482,3,1
23482,5,1
23482,6,1
23482,7,1
23482,9,1
23482,10,0
23482,11,0
23482,12,0
23482,29,0
23482,30,0
23482,31,0
23482,32,0
23482,33,0
23482,34,0
23482,35,1
23482,36,1
23482,37,0
23482,39,0
23482,40,0
23482,41,0
23482,49,1
23482,50,1
23482,52,1
23482,53,1
23482,54,1
23482,56,1
23482,57,1
23482,59,1
23482,60,1
23482,61,1
23482,63,1
23482,64,1
23482,65,1
23482,66,1
23482,67,1
23482,72,1
23482,73,1
23482,74,1
23482,82,1
23482,83,1
23482,84,1
23482,86,1
23482,87,1
23482,88,1
23482,90,1
23482,91,1
23482,92,1
23482,93,1
23482,147,0
23482,148,1
23482,149,0
23482,150,0
23482,152,1
23482,153,1
23482,154,1
23482,155,0
23482,157,0
23482,159,0
23482,160,0
23482,164,0
23482,170,0
23482,171,0
23482,172,0
23482,173,0
23482,174,0
23482,175,0
23482,176,0
23482,177,0
23482,178,0
23482,181,0
23482,182,0
23482,183,0
23482,184,0
23482,194,0
23482,196,0
23482,197,0
23482,198,0
23482,200,0
23482,201,1
23482,202,0
23482,203,0
23483,1,1
23483,2,0
23483,3,1
23483,5,1
23483,6,1
23483,7,1
23483,9,1
23483,10,0
23483,11,0
23483,12,0
23483,49,1
23483,50,1
23483,52,1
23483,53,1
23483,54,1
23483,56,1
23483,57,1
23483,59,1
23483,60,1
23483,61,1
23483,63,1
23483,64,1
23483,65,1
23483,66,1
23483,67,1
23483,72,1
23483,73,1
23483,74,1
23483,82,1
23483,83,1
23483,84,1
23483,86,1
23483,87,1
23483,88,1
23483,90,1
23483,91,1
23483,92,0
23483,93,0
23483,147,1
23483,148,0
23483,149,0
23483,150,0
23483,194,0
23483,196,0
23483,197,0
23483,198,0
23483,200,0
23483,201,1
23483,202,0
23483,203,0
23495,1,1
23495,2,0
23495,3,1
23495,5,1
23495,6,1
23495,7,1
23495,49,1
23495,50,1
23495,52,1
23495,53,1
23495,54,1
23495,56,1
23495,57,1
23495,59,1
23495,60,1
23495,61,1
23495,63,1
23495,64,1
23495,65,1
23495,66,1
23495,67,1
23495,72,1
23495,73,1
23495,74,1
23495,82,1
23495,83,1
23495,84,1
23495,86,1
23495,87,1
23495,88,1
23495,90,1
23495,91,1
23495,92,1
23495,93,1
23495,147,1
23495,148,0
23495,149,0
23495,150,0
23495,194,1
23495,196,0
23495,197,0
23495,198,0
23495,200,0
23495,201,1
23495,202,0
23495,203,0
23496,1,1
23496,2,0
23496,3,1
23496,5,1
23496,6,1
23496,7,1
23496,29,1
23496,30,0
23496,31,1
23496,32,0
23496,33,0
23496,34,0
23496,35,0
23496,36,0
23496,37,0
23496,39,0
23496,40,0
23496,41,0
23496,49,1
23496,50,1
23496,52,1
23496,53,1
23496,54,1
23496,56,1
23496,57,1
23496,59,1
23496,60,1
23496,61,1
23496,63,1
23496,64,1
23496,65,1
23496,66,1
23496,67,1
23496,72,1
23496,73,1
23496,74,1
23496,82,1
23496,83,1
23496,84,1
23496,86,1
23496,87,1
23496,88,1
23496,90,1
23496,91,1
23496,92,1
23496,93,1
23496,147,1
23496,148,0
23496,149,0
23496,150,0
23496,194,0
23496,196,0
23496,197,0
23496,198,0
23496,200,0
23496,201,0
23496,202,0
23496,203,1
23499,1,1
23499,2,0
23499,3,1
23499,5,1
23499,6,1
23499,7,1
23499,9,0
23499,10,1
23499,11,0
23499,12,0
23499,29,0
23499,30,0
23499,31,0
23499,32,0
23499,33,0
23499,34,0
23499,35,0
23499,36,0
23499,37,0
23499,39,1
23499,49,1
23499,50,1
23499,52,1
23499,53,1
23499,54,1
23499,56,1
23499,57,1
23499,59,1
23499,60,1
23499,61,1
23499,63,1
23499,64,1
23499,65,1
23499,66,1
23499,67,1
23499,72,1
23499,73,1
23499,74,1
23499,82,1
23499,83,1
23499,84,1
23499,86,1
23499,87,1
23499,88,1
23499,90,1
23499,91,1
23499,92,1
23499,93,1
23499,147,0
23499,148,0
23499,149,1
23499,150,0
23499,152,1
23499,153,1
23499,154,0
23499,155,1
23499,157,1
23499,159,0
23499,160,1
23499,164,0
23499,170,0
23499,171,0
23499,172,0
23499,173,0
23499,174,0
23499,175,0
23499,176,0
23499,177,0
23499,178,0
23499,181,0
23499,182,0
23499,183,0
23499,184,0
23499,194,1
23499,196,1
23499,197,0
23499,198,0
23499,200,0
23499,201,1
23499,202,0
23499,203,0
23501,1,1
23501,2,0
23501,3,1
23501,5,1
23501,6,1
23501,7,1
23501,29,1
23501,30,0
23501,31,1
23501,32,0
23501,33,0
23501,34,0
23501,35,0
23501,36,0
23501,37,0
23501,39,0
23501,40,0
23501,41,0
23501,49,1
23501,50,1
23501,52,1
23501,53,1
23501,54,1
23501,56,1
23501,57,1
23501,59,1
23501,60,1
23501,61,1
23501,63,1
23501,64,1
23501,65,1
23501,66,1
23501,67,1
23501,72,1
23501,73,1
23501,74,1
23501,82,1
23501,83,1
23501,84,1
23501,86,1
23501,87,1
23501,88,1
23501,90,1
23501,91,1
23501,92,1
23501,93,1
23501,147,1
23501,148,0
23501,149,0
23501,150,0
23501,194,0
23501,196,0
23501,197,0
23501,198,0
23501,200,0
23501,201,1
23501,202,0
23501,203,0
23505,1,1
23505,2,1
23505,3,0
23505,5,1
23505,6,1
23505,7,1
23505,49,1
23505,50,1
23505,52,1
23505,53,1
23505,54,1
23505,56,1
23505,57,1
23505,59,1
23505,60,1
23505,61,1
23505,63,1
23505,64,1
23505,65,1
23505,66,1
23505,67,1
23505,72,1
23505,73,1
23505,74,1
23505,82,1
23505,83,1
23505,84,1
23505,86,1
23505,87,1
23505,88,1
23505,90,1
23505,91,1
23505,92,1
23505,93,1
23505,147,1
23505,148,0
23505,149,0
23505,150,0
23505,194,0
23505,196,0
23505,197,0
23505,198,0
23505,200,0
23505,201,0
23505,202,0
23505,203,0
23508,1,1
23508,2,0
23508,3,1
23508,5,1
23508,6,1
23508,7,1
23508,29,1
23508,30,1
23508,31,0
23508,32,0
23508,33,0
23508,34,0
23508,35,0
23508,36,0
23508,37,0
23508,39,0
23508,40,0
23508,41,0
23508,49,1
23508,50,1
23508,52,1
23508,53,1
23508,54,1
23508,56,1
23508,57,1
23508,59,1
23508,60,1
23508,61,1
23508,63,1
23508,64,1
23508,65,1
23508,66,1
23508,67,1
23508,72,1
23508,73,1
23508,74,1
23508,82,1
23508,83,1
23508,84,1
23508,86,1
23508,87,1
23508,88,1
23508,90,1
23508,91,1
23508,92,1
23508,93,1
23508,147,1
23508,148,0
23508,149,0
23508,150,0
23508,194,0
23508,196,0
23508,197,0
23508,198,0
23508,200,0
23508,201,1
23508,202,0
23508,203,1
23516,1,1
23516,2,0
23516,3,1
23516,5,1
23516,6,1
23516,7,1
23516,9,0
23516,10,0
23516,11,0
23516,12,1
23516,29,0
23516,30,0
23516,31,0
23516,32,0
23516,33,0
23516,34,0
23516,35,1
23516,36,0
23516,37,1
23516,39,0
23516,40,0
23516,41,0
23516,49,1
23516,50,1
23516,52,1
23516,53,1
23516,54,1
23516,56,1
23516,57,1
23516,59,1
23516,60,1
23516,61,1
23516,63,1
23516,64,1
23516,65,1
23516,66,1
23516,67,1
23516,72,1
23516,73,1
23516,74,1
23516,82,1
23516,83,1
23516,84,1
23516,86,1
23516,87,1
23516,88,1
23516,90,1
23516,91,1
23516,92,1
23516,93,1
23516,147,0
23516,148,1
23516,149,0
23516,150,0
23516,152,0
23516,153,0
23516,154,0
23516,155,0
23516,157,1
23516,159,1
23516,160,0
23516,164,0
23516,170,0
23516,171,0
23516,172,0
23516,173,0
23516,174,0
23516,175,0
23516,176,0
23516,177,0
23516,178,0
23516,181,0
23516,182,0
23516,183,0
23516,184,0
23516,194,0
23516,196,0
23516,197,0
23516,198,0
23516,200,0
23516,201,1
23516,202,1
23516,203,0
23517,1,1
23517,2,0
23517,3,1
23517,5,1
23517,6,1
23517,7,1
23517,29,1
23517,30,1
23517,31,0
23517,32,0
23517,33,0
23517,34,0
23517,35,0
23517,36,0
23517,37,0
23517,39,0
23517,40,0
23517,41,0
23517,72,0
23517,73,1
23517,74,1
23517,82,1
23517,83,1
23517,84,1
23517,86,1
23517,87,1
23517,88,1
23517,90,1
23517,91,1
23517,92,1
23517,93,1
23517,147,1
23517,148,0
23517,149,0
23517,150,0
23517,194,0
23517,196,0
23517,197,0
23517,198,0
23517,200,0
23517,201,1
23517,202,0
23517,203,0
23519,1,1
23519,2,1
23519,3,0
23519,5,1
23519,6,1
23519,7,1
23519,29,0
23519,30,0
23519,31,0
23519,32,0
23519,33,0
23519,34,0
23519,35,0
23519,36,0
23519,37,0
23519,39,1
23519,49,1
23519,50,1
23519,52,1
23519,53,1
23519,54,1
23519,56,1
23519,57,1
23519,59,1
23519,60,1
23519,61,1
23519,63,1
23519,64,1
23519,65,1
23519,66,1
23519,67,1
23519,72,1
23519,73,1
23519,74,1
23519,82,1
23519,83,1
23519,84,1
23519,86,1
23519,87,1
23519,88,1
23519,90,1
23519,91,1
23519,92,1
23519,93,1
23519,147,1
23519,148,0
23519,149,0
23519,150,0
23519,194,0
23519,196,0
23519,197,0
23519,198,0
23519,200,0
23519,201,0
23519,202,0
23519,203,0
23530,1,1
23530,2,0
23530,3,1
23530,5,1
23530,6,1
23530,7,1
23530,49,1
23530,50,1
23530,52,1
23530,53,1
23530,54,1
23530,56,1
23530,57,1
23530,59,1
23530,60,1
23530,61,1
23530,63,1
23530,64,1
23530,65,1
23530,66,1
23530,67,1
23530,72,1
23530,73,1
23530,74,1
23530,82,1
23530,83,1
23530,84,1
23530,86,1
23530,87,1
23530,88,1
23530,90,1
23530,91,1
23530,92,1
23530,93,0
23530,147,1
23530,148,0
23530,149,0
23530,150,0
23530,194,0
23530,196,0
23530,197,0
23530,198,0
23530,200,0
23530,201,1
23530,202,0
23530,203,0
23535,1,1
23535,2,0
23535,3,1
23535,5,1
23535,6,1
23535,7,1
23535,49,0
23535,50,1
23535,52,1
23535,53,1
23535,54,1
23535,56,1
23535,57,1
23535,59,1
23535,60,1
23535,61,1
23535,63,1
23535,64,1
23535,65,1
23535,66,1
23535,67,1
23535,72,1
23535,73,1
23535,74,1
23535,82,1
23535,83,1
23535,84,1
23535,86,1
23535,87,1
23535,88,1
23535,90,1
23535,91,1
23535,92,1
23535,93,0
23535,147,1
23535,148,0
23535,149,0
23535,150,0
23535,194,0
23535,196,0
23535,197,0
23535,198,0
23535,200,0
23535,201,1
23535,202,0
23535,203,0
23539,1,1
23539,2,1
23539,3,0
23539,5,1
23539,6,1
23539,7,1
23539,29,0
23539,30,0
23539,31,0
23539,32,0
23539,33,0
23539,34,0
23539,35,1
23539,39,0
23539,40,0
23539,41,0
23539,72,1
23539,73,1
23539,74,1
23539,82,1
23539,83,1
23539,84,1
23539,86,1
23539,87,1
23539,88,1
23539,90,1
23539,91,1
23539,92,1
23539,93,1
23539,147,1
23539,148,0
23539,149,0
23539,150,0
23539,194,0
23539,196,0
23539,197,0
23539,198,0
23539,200,0
23539,201,1
23539,202,0
23539,203,0
23545,1,1
23545,2,0
23545,3,1
23545,5,1
23545,6,1
23545,7,1
23545,49,1
23545,50,1
23545,52,1
23545,53,1
23545,54,1
23545,56,1
23545,57,1
23545,59,1
23545,60,1
23545,61,1
23545,63,1
23545,64,1
23545,65,1
23545,66,1
23545,67,1
23545,72,1
23545,73,1
23545,74,1
23545,82,1
23545,83,1
23545,84,1
23545,86,1
23545,87,1
23545,88,1
23545,90,1
23545,91,1
23545,92,1
23545,93,1
23545,147,1
23545,148,0
23545,149,0
23545,150,0
23545,194,0
23545,196,0
23545,197,0
23545,198,0
23545,200,0
23545,201,0
23545,202,0
23545,203,1
23546,1,1
23546,2,0
23546,3,1
23546,5,1
23546,6,1
23546,7,1
23546,72,1
23546,73,1
23546,74,1
23546,82,1
23546,83,1
23546,84,1
23546,86,1
23546,87,1
23546,88,1
23546,90,1
23546,91,1
23546,92,1
23546,93,1
23546,147,1
23546,148,0
23546,149,0
23546,150,0
23546,194,0
23546,196,0
23546,197,0
23546,198,0
23546,200,0
23546,201,1
23546,202,0
23546,203,0
23547,1,1
23547,2,0
23547,3,1
23547,5,1
23547,6,1
23547,7,1
23547,49,1
23547,50,1
23547,52,1
23547,53,1
23547,54,1
23547,56,1
23547,57,1
23547,59,1
23547,60,1
23547,61,1
23547,63,1
23547,64,1
23547,65,1
23547,66,1
23547,67,1
23547,72,1
23547,73,1
23547,74,1
23547,82,1
23547,83,1
23547,84,1
23547,86,1
23547,87,1
23547,88,1
23547,90,1
23547,91,1
23547,92,1
23547,93,1
23547,147,1
23547,148,0
23547,149,0
23547,150,0
23547,194,0
23547,196,0
23547,197,0
23547,198,0
23547,200,0
23547,201,0
23547,202,0
23547,203,0
23767,1,1
23767,2,0
23767,3,1
23767,5,1
23767,6,1
23767,7,1
23767,49,1
23767,50,1
23767,52,1
23767,53,1
23767,54,1
23767,56,1
23767,57,1
23767,59,1
23767,60,1
23767,61,1
23767,63,1
23767,64,1
23767,65,1
23767,66,1
23767,67,1
23767,72,1
23767,73,1
23767,74,1
23767,82,1
23767,83,1
23767,84,0
23767,86,1
23767,87,1
23767,88,1
23767,90,1
23767,91,1
23767,92,1
23767,93,1
23767,147,1
23767,148,0
23767,149,0
23767,150,0
23767,194,0
23767,196,0
23767,197,0
23767,198,0
23767,200,0
23767,201,1
23767,202,0
23767,203,0
23773,1,1
23773,2,0
23773,3,1
23773,5,1
23773,6,1
23773,7,1
23773,49,1
23773,50,1
23773,52,1
23773,53,1
23773,54,1
23773,56,1
23773,57,1
23773,59,1
23773,60,1
23773,61,1
23773,63,1
23773,64,1
23773,65,1
23773,66,1
23773,67,1
23773,72,1
23773,73,1
23773,74,1
23773,82,1
23773,83,1
23773,84,1
23773,86,1
23773,87,1
23773,88,1
23773,90,1
23773,91,1
23773,92,1
23773,93,0
23773,147,1
23773,148,0
23773,149,0
23773,150,0
23773,194,1
23773,196,1
23773,197,0
23773,198,0
23773,200,0
23773,201,1
23773,202,0
23773,203,0
23784,1,1
23784,2,0
23784,3,1
23784,5,1
23784,6,1
23784,7,1
23784,56,1
23784,57,1
23784,59,1
23784,60,1
23784,61,1
23784,63,0
23784,64,1
23784,65,1
23784,66,1
23784,67,1
23784,72,1
23784,73,1
23784,74,1
23784,82,1
23784,83,1
23784,84,1
23784,86,1
23784,87,1
23784,88,1
23784,90,1
23784,91,1
23784,92,1
23784,93,0
23784,147,1
23784,148,0
23784,149,0
23784,150,0
23784,194,0
23784,196,0
23784,197,0
23784,198,0
23784,200,0
23784,201,0
23784,202,0
23784,203,0
23788,1,1
23788,2,0
23788,3,1
23788,5,1
23788,6,1
23788,7,1
23788,49,1
23788,50,1
23788,52,1
23788,53,1
23788,54,1
23788,56,1
23788,57,1
23788,59,1
23788,60,1
23788,61,1
23788,63,1
23788,64,1
23788,65,1
23788,66,1
23788,67,1
23788,72,1
23788,73,1
23788,74,1
23788,82,1
23788,83,0
23788,84,0
23788,86,1
23788,87,1
23788,88,1
23788,90,1
23788,91,1
23788,92,1
23788,93,1
23788,147,1
23788,148,0
23788,149,0
23788,150,0
23788,194,0
23788,196,0
23788,197,0
23788,198,0
23788,200,0
23788,201,1
23788,202,0
23788,203,0
23792,1,1
23792,2,0
23792,3,1
23792,5,1
23792,6,1
23792,7,1
23792,29,1
23792,30,1
23792,31,0
23792,32,0
23792,33,0
23792,34,0
23792,35,0
23792,36,0
23792,37,0
23792,39,0
23792,40,0
23792,41,0
23792,56,1
23792,57,1
23792,59,1
23792,60,1
23792,61,1
23792,63,1
23792,64,1
23792,65,1
23792,66,1
23792,67,1
23792,72,0
23792,73,1
23792,74,1
23792,82,1
23792,83,1
23792,84,1
23792,86,1
23792,87,1
23792,88,1
23792,90,1
23792,91,1
23792,92,1
23792,93,1
23792,147,1
23792,148,0
23792,149,0
23792,150,0
23792,194,0
23792,196,0
23792,197,0
23792,198,0
23792,200,0
23792,201,0
23792,202,0
23792,203,0
23797,1,1
23797,2,0
23797,3,1
23797,5,1
23797,6,1
23797,7,1
23797,9,0
23797,10,1
23797,11,0
23797,12,0
23797,29,0
23797,30,0
23797,31,0
23797,32,0
23797,33,0
23797,34,0
23797,35,1
23797,36,1
23797,37,0
23797,39,0
23797,40,0
23797,41,0
23797,49,1
23797,50,1
23797,52,1
23797,53,1
23797,54,1
23797,56,1
23797,57,1
23797,59,1
23797,60,1
23797,61,1
23797,63,1
23797,64,1
23797,65,1
23797,66,1
23797,67,1
23797,72,1
23797,73,1
23797,74,1
23797,82,1
23797,83,1
23797,84,1
23797,86,1
23797,87,1
23797,88,1
23797,90,1
23797,91,1
23797,92,1
23797,93,1
23797,147,0
23797,148,1
23797,149,0
23797,150,0
23797,152,1
23797,153,1
23797,154,0
23797,155,1
23797,157,0
23797,159,0
23797,160,0
23797,164,0
23797,170,0
23797,171,0
23797,172,0
23797,173,0
23797,174,0
23797,175,0
23797,176,0
23797,177,0
23797,178,0
23797,181,0
23797,182,0
23797,183,0
23797,184,0
23797,194,1
23797,196,1
23797,197,0
23797,198,0
23797,200,0
23797,201,1
23797,202,0
23797,203,0
23801,1,1
23801,2,0
23801,3,1
23801,5,1
23801,6,1
23801,7,1
23801,29,1
23801,32,0
23801,33,0
23801,34,0
23801,35,0
23801,36,0
23801,37,0
23801,39,0
23801,40,0
23801,41,0
23801,49,1
23801,50,1
23801,52,1
23801,53,1
23801,54,1
23801,56,1
23801,57,1
23801,59,1
23801,60,1
23801,61,1
23801,63,1
23801,64,1
23801,65,1
23801,66,1
23801,67,1
23801,72,1
23801,73,1
23801,74,1
23801,82,1
23801,83,1
23801,84,1
23801,90,1
23801,91,1
23801,92,1
23801,93,1
23801,147,1
23801,148,0
23801,149,0
23801,150,0
23801,194,0
23801,196,0
23801,197,0
23801,198,0
23801,200,0
23801,201,1
23801,202,0
23801,203,0
23802,1,1
23802,2,0
23802,3,1
23802,5,1
23802,6,1
23802,7,1
23802,29,0
23802,30,0
23802,31,0
23802,32,0
23802,33,0
23802,34,0
23802,35,1
23802,36,0
23802,37,1
23802,39,0
23802,40,0
23802,41,0
23802,49,0
23802,50,1
23802,52,1
23802,53,1
23802,54,1
23802,56,1
23802,57,1
23802,59,1
23802,60,1
23802,61,1
23802,63,1
23802,64,1
23802,65,1
23802,66,1
23802,67,1
23802,72,1
23802,73,1
23802,74,1
23802,82,1
23802,83,1
23802,84,1
23802,86,1
23802,87,1
23802,88,1
23802,90,1
23802,91,1
23802,92,1
23802,93,1
23802,147,1
23802,148,0
23802,149,0
23802,150,0
23802,194,0
23802,196,0
23802,197,0
23802,198,0
23802,200,0
23802,201,1
23802,202,0
23802,203,0
23803,1,1
23803,2,0
23803,3,1
23803,5,1
23803,6,1
23803,7,1
23803,49,0
23803,50,1
23803,52,1
23803,53,1
23803,54,1
23803,56,0
23803,57,0
23803,59,1
23803,60,1
23803,61,1
23803,63,1
23803,64,1
23803,65,1
23803,66,1
23803,67,1
23803,72,1
23803,73,1
23803,74,1
23803,82,1
23803,83,1
23803,84,1
23803,86,1
23803,87,1
23803,88,1
23803,90,1
23803,91,1
23803,92,1
23803,93,1
23803,147,1
23803,148,0
23803,149,0
23803,150,0
23803,194,0
23803,196,0
23803,197,0
23803,198,0
23803,200,0
23803,201,0
23803,202,0
23803,203,0
23804,1,1
23804,2,1
23804,3,0
23804,5,1
23804,6,1
23804,7,1
23804,29,1
23804,30,1
23804,31,0
23804,32,0
23804,33,0
23804,34,0
23804,35,0
23804,36,0
23804,37,0
23804,39,0
23804,40,0
23804,41,0
23804,56,1
23804,57,1
23804,59,1
23804,60,1
23804,61,1
23804,63,1
23804,64,1
23804,65,1
23804,66,1
23804,67,1
23804,72,1
23804,73,1
23804,74,1
23804,82,1
23804,83,1
23804,84,1
23804,86,1
23804,87,1
23804,88,1
23804,90,1
23804,91,1
23804,92,1
23804,93,1
23804,147,1
23804,148,0
23804,149,0
23804,150,0
23804,194,0
23804,196,0
23804,197,0
23804,198,0
23804,200,0
23804,201,0
23804,202,0
23804,203,0
23805,1,1
23805,2,0
23805,3,1
23805,5,1
23805,6,1
23805,7,1
23805,49,0
23805,50,0
23805,52,1
23805,53,1
23805,54,1
23805,56,0
23805,57,1
23805,59,1
23805,60,1
23805,61,1
23805,63,1
23805,64,1
23805,65,1
23805,66,1
23805,67,1
23805,72,1
23805,73,1
23805,74,1
23805,82,1
23805,83,1
23805,84,1
23805,86,1
23805,87,1
23805,88,1
23805,90,1
23805,91,1
23805,92,1
23805,93,1
23805,147,1
23805,148,0
23805,149,0
23805,150,0
23805,194,0
23805,196,0
23805,197,0
23805,198,0
23805,200,0
23805,201,1
23805,202,0
23805,203,0
23808,1,1
23808,2,0
23808,3,1
23808,5,1
23808,6,1
23808,7,1
23808,49,1
23808,50,1
23808,52,1
23808,53,1
23808,54,1
23808,56,1
23808,57,1
23808,59,1
23808,60,1
23808,61,1
23808,63,1
23808,64,1
23808,65,1
23808,66,1
23808,67,1
23808,72,0
23808,73,1
23808,74,1
23808,82,1
23808,83,1
23808,84,1
23808,86,1
23808,87,1
23808,88,1
23808,90,1
23808,91,1
23808,92,1
23808,93,1
23808,147,1
23808,148,0
23808,149,0
23808,150,0
23808,194,0
23808,196,0
23808,197,0
23808,198,0
23808,200,0
23808,201,1
23808,202,0
23808,203,0
23812,1,1
23812,5,1
23812,6,1
23812,7,1
23812,29,0
23812,30,0
23812,31,0
23812,32,0
23812,33,0
23812,34,0
23812,35,0
23812,36,0
23812,37,0
23812,39,1
23812,49,1
23812,50,1
23812,52,1
23812,53,1
23812,54,1
23812,56,1
23812,57,1
23812,59,1
23812,60,1
23812,61,1
23812,63,1
23812,64,1
23812,65,1
23812,66,1
23812,67,1
23812,72,1
23812,73,1
23812,74,1
23812,82,1
23812,83,1
23812,84,1
23812,86,1
23812,87,1
23812,88,1
23812,90,1
23812,91,1
23812,92,1
23812,93,1
23812,147,1
23812,148,0
23812,149,0
23812,150,0
23812,194,0
23812,196,0
23812,197,0
23812,198,0
23812,200,0
23812,201,0
23812,202,0
23812,203,0
23817,1,1
23817,2,0
23817,3,1
23817,5,1
23817,6,1
23817,7,1
23817,72,1
23817,73,1
23817,74,1
23817,82,1
23817,83,1
23817,84,1
23817,86,1
23817,87,1
23817,88,1
23817,90,1
23817,91,1
23817,92,1
23817,93,1
23817,147,1
23817,148,0
23817,149,0
23817,150,0
23817,194,1
23817,196,0
23817,197,0
23817,198,0
23817,200,0
23817,201,1
23817,202,0
23817,203,0
23819,1,1
23819,2,0
23819,3,1
23819,5,1
23819,6,1
23819,7,1
23819,147,1
23819,148,0
23819,149,0
23819,150,0
23819,194,0
23819,196,0
23819,197,0
23819,198,0
23819,200,0
23819,201,0
23819,202,0
23819,203,0
23825,1,1
23825,2,0
23825,3,1
23825,5,1
23825,6,1
23825,7,1
23825,29,1
23825,32,0
23825,33,0
23825,34,0
23825,35,0
23825,36,0
23825,37,0
23825,39,0
23825,40,0
23825,41,0
23825,49,1
23825,50,1
23825,52,1
23825,53,1
23825,54,1
23825,56,1
23825,57,1
23825,59,1
23825,60,1
23825,61,1
23825,63,1
23825,64,1
23825,65,1
23825,66,1
23825,67,1
23825,72,1
23825,73,1
23825,74,1
23825,82,1
23825,83,1
23825,84,1
23825,86,1
23825,87,1
23825,88,1
23825,90,1
23825,91,1
23825,92,1
23825,93,1
23825,147,0
23825,148,1
23825,149,0
23825,150,0
23825,152,1
23825,153,1
23825,154,0
23825,155,0
23825,157,0
23825,159,0
23825,160,0
23825,164,0
23825,170,1
23825,171,0
23825,172,0
23825,173,0
23825,174,0
23825,175,0
23825,176,0
23825,177,0
23825,178,0
23825,181,0
23825,182,0
23825,183,0
23825,184,0
23825,194,0
23825,196,0
23825,197,0
23825,198,0
23825,200,0
23825,201,1
23825,202,0
23825,203,0
23826,1,1
23826,2,0
23826,3,1
23826,5,1
23826,6,1
23826,7,1
23826,72,1
23826,73,1
23826,74,1
23826,82,1
23826,83,1
23826,84,1
23826,86,1
23826,87,1
23826,88,1
23826,90,1
23826,91,1
23826,92,1
23826,93,1
23826,147,1
23826,148,0
23826,149,0
23826,150,0
23826,194,0
23826,196,0
23826,197,0
23826,198,0
23826,200,0
23826,201,1
23826,202,0
23826,203,0
23828,1,1
23828,2,1
23828,3,0
23828,5,1
23828,6,1
23828,7,1
23828,9,1
23828,10,0
23828,11,0
23828,12,0
23828,29,0
23828,30,0
23828,31,0
23828,32,0
23828,33,0
23828,34,0
23828,35,1
23828,36,1
23828,37,0
23828,39,0
23828,40,0
23828,41,0
23828,49,1
23828,50,1
23828,52,1
23828,53,1
23828,54,1
23828,56,1
23828,57,1
23828,59,1
23828,60,1
23828,61,1
23828,63,1
23828,64,1
23828,65,1
23828,66,1
23828,67,1
23828,72,1
23828,73,1
23828,74,1
23828,82,1
23828,83,1
23828,84,1
23828,86,1
23828,87,1
23828,88,1
23828,90,1
23828,91,1
23828,92,1
23828,93,1
23828,147,0
23828,148,1
23828,149,0
23828,150,0
23828,152,1
23828,153,1
23828,154,1
23828,155,0
23828,157,0
23828,159,0
23828,160,0
23828,164,0
23828,170,0
23828,171,0
23828,172,0
23828,173,0
23828,174,0
23828,175,0
23828,176,0
23828,177,0
23828,178,0
23828,181,0
23828,182,0
23828,183,0
23828,184,0
23828,194,0
23828,196,0
23828,197,0
23828,198,0
23828,200,0
23828,201,1
23828,202,1
23828,203,0
23829,1,1
23829,2,0
23829,3,1
23829,5,1
23829,6,1
23829,7,1
23829,9,0
23829,10,1
23829,11,0
23829,12,0
23829,29,0
23829,30,0
23829,31,0
23829,32,0
23829,33,0
23829,34,0
23829,35,1
23829,36,1
23829,37,0
23829,39,0
23829,40,0
23829,41,0
23829,49,1
23829,50,1
23829,52,1
23829,53,1
23829,54,1
23829,56,1
23829,57,1
23829,59,1
23829,60,1
23829,61,1
23829,63,1
23829,64,1
23829,65,1
23829,66,1
23829,67,1
23829,72,1
23829,73,1
23829,74,1
23829,82,1
23829,83,1
23829,84,1
23829,86,1
23829,87,1
23829,88,1
23829,90,1
23829,91,1
23829,92,1
23829,93,1
23829,147,0
23829,148,1
23829,149,0
23829,150,0
23829,152,1
23829,153,1
23829,154,1
23829,155,0
23829,157,0
23829,159,0
23829,160,0
23829,164,0
23829,170,0
23829,171,0
23829,172,0
23829,173,0
23829,174,0
23829,175,0
23829,176,0
23829,177,0
23829,178,0
23829,181,0
23829,182,0
23829,183,0
23829,184,0
23829,194,0
23829,196,0
23829,197,0
23829,198,0
23829,200,0
23829,201,0
23829,202,0
23829,203,0
23832,1,1
23832,2,0
23832,3,1
23832,5,1
23832,6,1
23832,7,1
23832,49,1
23832,50,1
23832,52,1
23832,53,1
23832,54,1
23832,56,1
23832,57,1
23832,59,1
23832,60,1
23832,61,1
23832,63,1
23832,64,1
23832,65,1
23832,66,1
23832,67,1
23832,72,1
23832,73,1
23832,74,1
23832,82,1
23832,83,1
23832,84,1
23832,86,1
23832,87,1
23832,88,1
23832,90,1
23832,91,1
23832,92,1
23832,93,1
23832,147,1
23832,148,0
23832,149,0
23832,150,0
23832,194,0
23832,196,0
23832,197,0
23832,198,0
23832,200,0
23832,201,1
23832,202,0
23832,203,0
23835,1,1
23835,2,0
23835,3,1
23835,5,1
23835,6,1
23835,7,1
23835,49,1
23835,50,1
23835,52,1
23835,53,1
23835,54,1
23835,56,1
23835,57,1
23835,59,1
23835,60,1
23835,61,1
23835,63,1
23835,64,1
23835,65,1
23835,66,1
23835,67,1
23835,72,1
23835,73,1
23835,74,1
23835,82,1
23835,83,1
23835,84,1
23835,86,1
23835,87,1
23835,88,1
23835,90,1
23835,91,1
23835,92,1
23835,93,1
23835,147,1
23835,148,0
23835,149,0
23835,150,0
23835,194,0
23835,196,0
23835,197,0
23835,198,0
23835,200,0
23835,201,1
23835,202,0
23835,203,0
23838,1,1
23838,2,0
23838,3,1
23838,5,1
23838,6,1
23838,7,1
23838,49,1
23838,50,1
23838,52,1
23838,53,1
23838,54,1
23838,56,1
23838,57,1
23838,59,1
23838,60,1
23838,61,1
23838,63,1
23838,64,1
23838,65,1
23838,66,1
23838,67,1
23838,72,1
23838,73,1
23838,74,1
23838,82,1
23838,83,1
23838,84,1
23838,86,1
23838,87,1
23838,88,1
23838,90,1
23838,91,1
23838,92,1
23838,93,1
23838,147,1
23838,148,0
23838,149,0
23838,150,0
23838,194,0
23838,196,0
23838,197,0
23838,198,0
23838,200,0
23838,201,1
23838,202,0
23838,203,0
23839,1,1
23839,2,0
23839,3,1
23839,5,1
23839,6,1
23839,7,1
23839,82,1
23839,83,1
23839,84,1
23839,90,1
23839,91,1
23839,92,1
23839,93,1
23839,147,1
23839,148,0
23839,149,0
23839,150,0
23839,194,0
23839,196,0
23839,197,0
23839,198,0
23839,200,0
23839,201,1
23839,202,0
23839,203,0
23841,1,1
23841,2,0
23841,3,1
23841,5,1
23841,6,1
23841,7,1
23841,29,1
23841,32,0
23841,33,0
23841,34,0
23841,35,0
23841,36,0
23841,37,0
23841,39,0
23841,40,0
23841,41,0
23841,72,1
23841,73,1
23841,74,1
23841,82,1
23841,83,1
23841,84,1
23841,86,1
23841,87,1
23841,88,1
23841,90,1
23841,91,1
23841,92,1
23841,93,1
23841,147,1
23841,148,0
23841,149,0
23841,150,0
23841,194,0
23841,196,0
23841,197,0
23841,198,0
23841,200,0
23841,201,1
23841,202,0
23841,203,0
23842,1,1
23842,2,0
23842,3,1
23842,5,1
23842,6,1
23842,7,1
23842,29,1
23842,30,1
23842,31,0
23842,32,0
23842,33,0
23842,34,0
23842,35,0
23842,36,0
23842,37,0
23842,39,0
23842,40,0
23842,41,0
23842,49,1
23842,50,1
23842,52,1
23842,53,1
23842,54,1
23842,56,1
23842,57,1
23842,59,1
23842,60,1
23842,61,1
23842,63,1
23842,64,1
23842,65,1
23842,66,1
23842,67,1
23842,72,1
23842,73,1
23842,74,1
23842,82,1
23842,83,1
23842,84,1
23842,86,1
23842,87,1
23842,88,1
23842,90,1
23842,91,1
23842,92,1
23842,93,1
23842,147,1
23842,148,0
23842,149,0
23842,150,0
23842,194,0
23842,196,0
23842,197,0
23842,198,0
23842,200,0
23842,201,1
23842,202,1
23842,203,0
23843,1,1
23843,2,1
23843,3,0
23843,5,1
23843,6,1
23843,7,1
23843,9,0
23843,10,1
23843,11,0
23843,12,0
23843,49,1
23843,50,1
23843,52,1
23843,53,1
23843,54,1
23843,56,1
23843,57,1
23843,59,1
23843,60,1
23843,61,1
23843,63,1
23843,64,1
23843,65,1
23843,66,1
23843,67,1
23843,72,1
23843,73,1
23843,74,1
23843,82,1
23843,83,1
23843,84,1
23843,86,1
23843,87,0
23843,88,0
23843,90,1
23843,91,1
23843,92,1
23843,93,1
23843,147,0
23843,148,1
23843,149,0
23843,150,0
23843,152,1
23843,153,1
23843,154,0
23843,155,1
23843,157,0
23843,159,0
23843,160,0
23843,164,0
23843,170,0
23843,171,0
23843,172,0
23843,173,0
23843,174,0
23843,175,0
23843,176,0
23843,177,0
23843,178,0
23843,181,0
23843,182,0
23843,183,0
23843,184,0
23843,194,0
23843,196,0
23843,197,0
23843,198,0
23843,200,0
23843,201,1
23843,202,0
23843,203,0
23845,1,1
23845,2,1
23845,3,0
23845,5,1
23845,6,1
23845,7,1
23845,49,1
23845,50,1
23845,52,1
23845,53,1
23845,54,1
23845,56,1
23845,57,1
23845,59,1
23845,60,1
23845,61,1
23845,63,1
23845,64,1
23845,65,1
23845,66,1
23845,67,1
23845,72,1
23845,73,1
23845,74,1
23845,82,1
23845,83,1
23845,84,1
23845,86,1
23845,87,1
23845,88,1
23845,90,1
23845,91,1
23845,92,1
23845,93,1
23845,147,1
23845,148,0
23845,149,0
23845,150,0
23845,194,0
23845,196,0
23845,197,0
23845,198,0
23845,200,0
23845,201,1
23845,202,0
23845,203,0
23846,1,1
23846,2,0
23846,3,1
23846,5,1
23846,6,1
23846,7,1
23846,49,1
23846,50,1
23846,52,1
23846,53,1
23846,54,1
23846,56,1
23846,57,1
23846,59,1
23846,60,1
23846,61,1
23846,63,1
23846,64,1
23846,65,1
23846,66,1
23846,67,1
23846,72,1
23846,73,1
23846,74,1
23846,82,1
23846,83,1
23846,84,1
23846,90,1
23846,91,1
23846,92,1
23846,93,1
23846,147,1
23846,148,0
23846,149,0
23846,150,0
23846,194,0
23846,196,0
23846,197,0
23846,198,0
23846,200,0
23846,201,1
23846,202,0
23846,203,0
23847,1,1
23847,2,1
23847,3,0
23847,5,1
23847,6,1
23847,7,1
23847,29,1
23847,30,1
23847,31,0
23847,32,0
23847,33,0
23847,34,0
23847,35,0
23847,36,0
23847,37,0
23847,39,0
23847,40,0
23847,41,0
23847,72,1
23847,73,1
23847,74,1
23847,82,1
23847,83,1
23847,84,1
23847,86,1
23847,87,1
23847,88,1
23847,90,1
23847,91,1
23847,92,1
23847,93,0
23847,147,1
23847,148,0
23847,149,0
23847,150,0
23847,194,0
23847,196,0
23847,197,0
23847,198,0
23847,200,0
23847,201,1
23847,202,0
23847,203,1
23848,1,1
23848,2,0
23848,3,1
23848,5,1
23848,6,1
23848,7,1
23848,29,1
23848,32,0
23848,33,0
23848,34,0
23848,35,0
23848,36,0
23848,37,0
23848,39,0
23848,40,0
23848,41,0
23848,49,1
23848,50,1
23848,52,1
23848,53,1
23848,54,1
23848,56,1
23848,57,1
23848,59,1
23848,60,1
23848,61,1
23848,63,1
23848,64,1
23848,65,1
23848,66,1
23848,67,1
23848,72,1
23848,73,1
23848,74,1
23848,82,1
23848,83,1
23848,84,1
23848,86,1
23848,87,1
23848,88,1
23848,90,1
23848,91,1
23848,92,1
23848,93,1
23848,147,1
23848,148,0
23848,149,0
23848,150,0
23848,194,0
23848,196,0
23848,197,0
23848,198,0
23848,200,0
23848,201,0
23848,202,1
23848,203,0
23849,1,1
23849,2,0
23849,3,1
23849,5,1
23849,6,1
23849,7,1
23849,49,1
23849,50,1
23849,52,1
23849,53,1
23849,54,1
23849,56,1
23849,57,1
23849,59,1
23849,60,1
23849,61,1
23849,63,1
23849,64,1
23849,65,1
23849,66,1
23849,67,1
23849,72,0
23849,73,0
23849,74,1
23849,82,1
23849,83,1
23849,84,1
23849,86,1
23849,87,1
23849,88,1
23849,90,1
23849,91,1
23849,92,1
23849,93,1
23849,147,0
23849,148,1
23849,149,0
23849,150,0
23849,152,1
23849,153,1
23849,154,1
23849,155,0
23849,157,0
23849,159,0
23849,160,0
23849,164,0
23849,170,0
23849,171,0
23849,172,0
23849,173,0
23849,174,0
23849,175,0
23849,176,0
23849,177,0
23849,178,0
23849,181,0
23849,182,0
23849,183,0
23849,184,0
23849,194,0
23849,196,0
23849,197,0
23849,198,0
23849,200,0
23849,201,0
23849,202,0
23849,203,0
23850,1,1
23850,2,0
23850,3,1
23850,5,1
23850,6,1
23850,7,1
23850,72,1
23850,73,1
23850,74,1
23850,82,1
23850,83,1
23850,84,1
23850,86,1
23850,87,1
23850,88,1
23850,90,1
23850,91,1
23850,92,1
23850,93,1
23850,147,1
23850,148,0
23850,149,0
23850,150,0
23850,194,0
23850,196,0
23850,197,0
23850,198,0
23850,200,0
23850,201,1
23850,202,0
23850,203,0
23854,1,1
23854,2,0
23854,3,1
23854,5,1
23854,6,1
23854,7,1
23854,9,0
23854,10,0
23854,11,1
23854,12,0
23854,29,0
23854,30,0
23854,31,0
23854,32,0
23854,33,0
23854,34,0
23854,35,0
23854,36,0
23854,37,0
23854,39,1
23854,49,1
23854,50,1
23854,52,1
23854,53,1
23854,54,1
23854,56,1
23854,57,1
23854,59,1
23854,60,1
23854,61,1
23854,63,1
23854,64,1
23854,65,1
23854,66,1
23854,67,1
23854,72,0
23854,73,1
23854,74,1
23854,82,1
23854,83,1
23854,84,1
23854,86,1
23854,87,1
23854,88,1
23854,90,1
23854,91,1
23854,92,1
23854,93,1
23854,147,0
23854,148,0
23854,149,1
23854,150,0
23854,152,0
23854,153,0
23854,154,0
23854,155,0
23854,157,1
23854,159,0
23854,160,0
23854,164,0
23854,170,1
23854,171,0
23854,172,0
23854,173,0
23854,174,0
23854,175,0
23854,176,0
23854,177,0
23854,178,0
23854,181,0
23854,182,0
23854,183,0
23854,184,0
23854,194,1
23854,196,1
23854,197,0
23854,198,0
23854,200,0
23854,201,1
23854,202,0
23854,203,0
23855,1,1
23855,2,0
23855,3,1
23855,5,1
23855,6,1
23855,7,1
23855,49,1
23855,50,1
23855,52,1
23855,53,1
23855,54,1
23855,56,1
23855,57,1
23855,59,1
23855,60,1
23855,61,1
23855,63,1
23855,64,1
23855,65,1
23855,66,1
23855,67,1
23855,72,1
23855,73,1
23855,74,1
23855,82,1
23855,83,1
23855,84,1
23855,86,1
23855,87,1
23855,88,1
23855,90,1
23855,91,1
23855,92,1
23855,93,1
23855,147,1
23855,148,0
23855,149,0
23855,150,0
23855,194,0
23855,196,0
23855,197,0
23855,198,0
23855,200,0
23855,201,1
23855,202,0
23855,203,1
23857,1,1
23857,2,0
23857,3,1
23857,5,1
23857,6,1
23857,7,1
23857,9,1
23857,10,0
23857,11,0
23857,12,0
23857,29,1
23857,32,0
23857,33,0
23857,34,0
23857,35,0
23857,36,0
23857,37,0
23857,39,0
23857,40,0
23857,41,0
23857,49,1
23857,50,1
23857,52,1
23857,53,1
23857,54,1
23857,56,1
23857,57,1
23857,59,1
23857,60,1
23857,61,1
23857,63,1
23857,64,1
23857,65,1
23857,66,1
23857,67,1
23857,72,1
23857,73,1
23857,74,1
23857,82,1
23857,83,1
23857,84,1
23857,86,1
23857,87,1
23857,88,1
23857,90,1
23857,91,1
23857,92,1
23857,93,1
23857,147,0
23857,148,1
23857,149,0
23857,150,0
23857,152,1
23857,153,0
23857,154,0
23857,155,0
23857,157,0
23857,159,0
23857,160,0
23857,164,0
23857,170,0
23857,171,0
23857,172,0
23857,173,0
23857,174,0
23857,175,0
23857,176,0
23857,177,0
23857,178,0
23857,181,0
23857,182,0
23857,183,0
23857,184,0
23857,194,0
23857,196,0
23857,197,0
23857,198,0
23857,200,0
23857,201,1
23857,202,0
23857,203,0
23860,1,1
23860,2,0
23860,3,1
23860,5,1
23860,6,1
23860,7,1
23860,9,0
23860,10,1
23860,11,0
23860,12,0
23860,29,1
23860,32,0
23860,33,0
23860,34,0
23860,35,0
23860,36,0
23860,37,0
23860,39,0
23860,40,0
23860,41,0
23860,72,1
23860,73,1
23860,74,1
23860,82,1
23860,83,1
23860,84,1
23860,86,1
23860,87,1
23860,88,1
23860,90,1
23860,91,1
23860,92,1
23860,93,1
23860,147,1
23860,148,0
23860,149,0
23860,150,0
23860,194,0
23860,196,0
23860,197,0
23860,198,0
23860,200,0
23860,201,1
23860,202,0
23860,203,0
23863,1,1
23863,2,0
23863,3,1
23863,5,1
23863,6,1
23863,7,1
23863,9,0
23863,10,0
23863,11,1
23863,12,0
23863,49,0
23863,50,1
23863,52,1
23863,53,1
23863,54,1
23863,56,1
23863,57,1
23863,59,1
23863,60,1
23863,61,1
23863,63,1
23863,64,1
23863,65,1
23863,66,1
23863,67,1
23863,72,1
23863,73,1
23863,74,1
23863,82,1
23863,83,1
23863,84,1
23863,86,1
23863,87,1
23863,88,1
23863,90,1
23863,91,1
23863,92,1
23863,93,1
23863,147,1
23863,148,0
23863,149,0
23863,150,0
23863,194,0
23863,196,0
23863,197,0
23863,198,0
23863,200,0
23863,201,1
23863,202,0
23863,203,0
23866,1,1
23866,2,0
23866,3,1
23866,5,1
23866,6,1
23866,7,1
23866,49,1
23866,50,1
23866,52,1
23866,53,1
23866,54,1
23866,56,1
23866,57,1
23866,59,1
23866,60,1
23866,61,1
23866,63,1
23866,64,1
23866,65,1
23866,66,1
23866,67,1
23866,72,1
23866,73,1
23866,74,1
23866,82,1
23866,83,1
23866,84,1
23866,90,1
23866,91,1
23866,92,1
23866,93,1
23866,147,1
23866,148,0
23866,149,0
23866,150,0
23866,194,0
23866,196,0
23866,197,0
23866,198,0
23866,200,0
23866,201,1
23866,202,0
23866,203,0
23867,1,1
23867,2,0
23867,3,1
23867,5,1
23867,6,1
23867,7,1
23867,29,1
23867,32,0
23867,33,0
23867,34,0
23867,35,0
23867,36,0
23867,37,0
23867,39,0
23867,40,0
23867,41,0
23867,49,1
23867,50,1
23867,52,1
23867,53,1
23867,54,1
23867,56,1
23867,57,1
23867,59,1
23867,60,1
23867,61,1
23867,63,1
23867,64,1
23867,65,1
23867,66,1
23867,67,1
23867,72,1
23867,73,1
23867,74,1
23867,82,1
23867,83,1
23867,84,1
23867,86,1
23867,87,1
23867,88,1
23867,90,1
23867,91,1
23867,92,1
23867,93,1
23867,147,1
23867,148,0
23867,149,0
23867,150,0
23867,194,0
23867,196,0
23867,197,0
23867,198,0
23867,200,0
23867,201,1
23867,202,0
23867,203,0
23869,1,1
23869,2,0
23869,3,1
23869,5,1
23869,6,1
23869,7,1
23869,9,0
23869,10,1
23869,11,0
23869,12,0
23869,147,1
23869,148,0
23869,149,0
23869,150,0
23869,194,0
23869,196,0
23869,197,0
23869,198,0
23869,200,0
23869,201,1
23869,202,0
23869,203,0
23870,1,1
23870,2,1
23870,3,0
23870,5,1
23870,6,1
23870,7,1
23870,9,1
23870,10,0
23870,11,0
23870,12,0
23870,29,0
23870,30,0
23870,31,0
23870,32,0
23870,33,0
23870,34,0
23870,35,1
23870,36,1
23870,37,0
23870,39,0
23870,40,0
23870,41,0
23870,49,1
23870,50,1
23870,52,1
23870,53,1
23870,54,1
23870,56,1
23870,57,1
23870,59,1
23870,60,1
23870,61,1
23870,63,1
23870,64,1
23870,65,1
23870,66,1
23870,67,1
23870,72,0
23870,73,1
23870,74,1
23870,82,1
23870,83,1
23870,84,1
23870,86,1
23870,87,1
23870,88,1
23870,90,1
23870,91,1
23870,92,1
23870,93,1
23870,147,1
23870,148,0
23870,149,0
23870,150,0
23870,194,0
23870,196,0
23870,197,0
23870,198,0
23870,200,0
23870,201,1
23870,202,0
23870,203,0
23871,1,1
23871,2,1
23871,3,0
23871,5,1
23871,6,1
23871,7,1
23871,9,0
23871,10,0
23871,11,1
23871,12,0
23871,29,0
23871,30,0
23871,31,0
23871,32,0
23871,33,0
23871,34,0
23871,35,0
23871,36,0
23871,37,0
23871,39,1
23871,49,1
23871,50,1
23871,52,1
23871,53,1
23871,54,1
23871,56,1
23871,57,1
23871,59,1
23871,60,1
23871,61,1
23871,63,1
23871,64,1
23871,65,1
23871,66,1
23871,67,1
23871,72,1
23871,73,1
23871,74,1
23871,82,1
23871,83,1
23871,84,1
23871,86,1
23871,87,1
23871,88,1
23871,90,1
23871,91,1
23871,92,1
23871,93,1
23871,147,0
23871,148,0
23871,149,1
23871,150,0
23871,152,1
23871,153,1
23871,154,0
23871,155,1
23871,157,1
23871,159,0
23871,160,1
23871,164,0
23871,170,0
23871,171,0
23871,172,0
23871,173,0
23871,174,0
23871,175,0
23871,176,0
23871,177,0
23871,178,0
23871,181,0
23871,182,0
23871,183,0
23871,184,0
23871,194,1
23871,196,1
23871,197,0
23871,198,0
23871,200,0
23871,201,1
23871,202,0
23871,203,0
23872,1,1
23872,2,0
23872,3,1
23872,5,1
23872,6,1
23872,7,1
23872,9,1
23872,10,0
23872,11,0
23872,12,0
23872,29,0
23872,30,0
23872,31,0
23872,32,1
23872,33,0
23872,34,1
23872,35,0
23872,36,0
23872,37,0
23872,39,0
23872,40,0
23872,41,0
23872,49,1
23872,50,1
23872,52,1
23872,53,1
23872,54,1
23872,56,1
23872,57,1
23872,59,1
23872,60,1
23872,61,1
23872,63,1
23872,64,1
23872,65,1
23872,66,1
23872,67,1
23872,72,1
23872,73,1
23872,74,1
23872,82,1
23872,83,1
23872,84,1
23872,86,1
23872,87,1
23872,88,1
23872,90,1
23872,91,1
23872,92,1
23872,93,1
23872,147,0
23872,148,1
23872,149,0
23872,150,0
23872,152,1
23872,153,1
23872,154,1
23872,155,0
23872,157,0
23872,159,0
23872,160,0
23872,164,0
23872,170,0
23872,171,0
23872,172,0
23872,173,0
23872,174,0
23872,175,0
23872,176,0
23872,177,0
23872,178,0
23872,181,0
23872,182,0
23872,183,0
23872,184,0
23872,194,0
23872,196,0
23872,197,0
23872,198,0
23872,200,0
23872,201,1
23872,202,0
23872,203,0
23873,1,1
23873,2,0
23873,3,1
23873,5,1
23873,6,1
23873,7,1
23873,9,0
23873,10,0
23873,11,0
23873,12,0
23873,29,0
23873,30,0
23873,31,0
23873,32,0
23873,33,0
23873,34,0
23873,35,0
23873,36,0
23873,37,0
23873,39,1
23873,49,1
23873,50,1
23873,52,1
23873,53,1
23873,54,1
23873,56,1
23873,57,1
23873,59,1
23873,60,1
23873,61,1
23873,63,1
23873,64,1
23873,65,1
23873,66,1
23873,67,1
23873,72,1
23873,73,1
23873,74,1
23873,82,1
23873,83,1
23873,84,1
23873,86,1
23873,87,1
23873,88,1
23873,90,1
23873,91,1
23873,92,1
23873,93,1
23873,147,1
23873,148,0
23873,149,0
23873,150,0
23873,194,1
23873,196,1
23873,197,0
23873,198,0
23873,200,0
23873,201,1
23873,202,0
23873,203,0
23874,1,1
23874,5,1
23874,6,1
23874,7,1
23874,147,1
23874,148,0
23874,149,0
23874,150,0
23874,194,0
23874,196,0
23874,197,0
23874,198,0
23874,200,0
23874,201,0
23874,202,0
23874,203,0
23876,1,1
23876,5,1
23876,6,1
23876,7,1
23876,9,0
23876,10,1
23876,11,0
23876,12,0
23876,29,1
23876,32,0
23876,33,0
23876,34,0
23876,35,0
23876,36,0
23876,37,0
23876,39,0
23876,40,0
23876,41,0
23876,49,1
23876,50,1
23876,52,1
23876,53,1
23876,54,1
23876,56,1
23876,57,1
23876,59,1
23876,60,1
23876,61,1
23876,63,1
23876,64,1
23876,65,1
23876,66,1
23876,67,1
23876,72,1
23876,73,1
23876,74,1
23876,82,1
23876,83,1
23876,84,1
23876,86,1
23876,87,1
23876,88,1
23876,90,1
23876,91,1
23876,92,1
23876,93,1
23876,147,1
23876,148,0
23876,149,0
23876,150,0
23876,194,0
23876,196,0
23876,197,0
23876,198,0
23876,200,0
23876,201,1
23876,202,0
23876,203,0
23882,1,1
23882,2,1
23882,3,0
23882,5,1
23882,6,1
23882,7,1
23882,49,1
23882,50,1
23882,52,1
23882,53,1
23882,54,1
23882,56,1
23882,57,1
23882,59,1
23882,60,1
23882,61,1
23882,63,1
23882,64,1
23882,65,1
23882,66,1
23882,67,1
23882,72,1
23882,73,1
23882,74,1
23882,82,1
23882,83,0
23882,84,0
23882,86,0
23882,87,0
23882,88,0
23882,90,1
23882,91,1
23882,92,1
23882,93,0
23882,147,1
23882,148,0
23882,149,0
23882,150,0
23882,194,0
23882,196,0
23882,197,0
23882,198,0
23882,200,0
23882,201,1
23882,202,0
23882,203,0
23883,1,1
23883,2,0
23883,3,0
23883,5,1
23883,6,1
23883,7,1
23883,9,0
23883,10,0
23883,11,1
23883,12,0
23883,49,1
23883,50,1
23883,52,1
23883,53,1
23883,54,1
23883,56,1
23883,57,1
23883,59,1
23883,60,1
23883,61,1
23883,63,1
23883,64,1
23883,65,1
23883,66,1
23883,67,1
23883,72,1
23883,73,1
23883,74,1
23883,82,1
23883,83,1
23883,84,1
23883,86,1
23883,87,1
23883,88,1
23883,90,1
23883,91,1
23883,92,1
23883,93,1
23883,147,0
23883,148,1
23883,149,0
23883,150,0
23883,152,0
23883,153,0
23883,154,0
23883,155,0
23883,157,0
23883,159,0
23883,160,0
23883,164,0
23883,170,1
23883,171,0
23883,172,0
23883,173,0
23883,174,0
23883,175,0
23883,176,0
23883,177,0
23883,178,0
23883,181,0
23883,182,0
23883,183,0
23883,184,0
23883,194,0
23883,196,0
23883,197,0
23883,198,0
23883,200,0
23883,201,1
23883,202,0
23883,203,0
23888,1,1
23888,2,0
23888,3,1
23888,5,1
23888,6,1
23888,7,1
23888,9,0
23888,10,1
23888,11,0
23888,12,0
23888,49,1
23888,50,1
23888,52,1
23888,53,1
23888,54,1
23888,56,1
23888,57,1
23888,59,1
23888,60,1
23888,61,1
23888,63,1
23888,64,1
23888,65,1
23888,66,1
23888,67,1
23888,72,1
23888,73,1
23888,74,1
23888,82,1
23888,83,1
23888,84,1
23888,86,1
23888,87,1
23888,88,1
23888,90,1
23888,91,1
23888,92,1
23888,93,1
23888,147,0
23888,148,0
23888,149,1
23888,150,0
23888,152,1
23888,153,1
23888,154,1
23888,155,1
23888,157,1
23888,159,1
23888,160,0
23888,164,0
23888,170,0
23888,171,0
23888,172,0
23888,173,0
23888,174,0
23888,175,0
23888,176,0
23888,177,0
23888,178,0
23888,181,0
23888,182,0
23888,183,0
23888,184,0
23888,194,0
23888,196,0
23888,197,0
23888,198,0
23888,200,0
23888,201,1
23888,202,0
23888,203,0
23894,1,1
23894,2,0
23894,3,1
23894,5,1
23894,6,1
23894,7,1
23894,49,1
23894,50,1
23894,52,1
23894,53,1
23894,54,1
23894,56,1
23894,57,1
23894,59,1
23894,60,1
23894,61,1
23894,63,1
23894,64,1
23894,65,1
23894,66,1
23894,67,1
23894,72,1
23894,73,1
23894,74,1
23894,82,1
23894,83,1
23894,84,1
23894,86,1
23894,87,1
23894,88,1
23894,90,1
23894,91,1
23894,92,1
23894,93,1
23894,147,1
23894,148,0
23894,149,0
23894,150,0
23894,194,1
23894,196,1
23894,197,0
23894,198,0
23894,200,0
23894,201,1
23894,202,0
23894,203,0
23895,1,1
23895,2,0
23895,3,1
23895,5,1
23895,6,1
23895,7,1
23895,29,0
23895,30,0
23895,31,0
23895,32,0
23895,33,0
23895,34,0
23895,35,1
23895,36,0
23895,37,1
23895,39,0
23895,40,0
23895,41,0
23895,49,0
23895,50,1
23895,52,1
23895,53,1
23895,54,1
23895,56,1
23895,57,1
23895,59,1
23895,60,1
23895,61,1
23895,63,0
23895,64,1
23895,65,1
23895,66,1
23895,67,1
23895,72,1
23895,73,1
23895,74,1
23895,82,1
23895,83,1
23895,84,1
23895,86,1
23895,87,1
23895,88,1
23895,90,1
23895,91,1
23895,92,1
23895,93,1
23895,147,1
23895,148,0
23895,149,0
23895,150,0
23895,194,0
23895,196,0
23895,197,0
23895,198,0
23895,200,0
23895,201,1
23895,202,0
23895,203,0
24131,1,1
24131,2,1
24131,3,0
24131,5,1
24131,6,1
24131,7,1
24131,9,0
24131,10,0
24131,11,1
24131,12,0
24131,29,1
24131,30,1
24131,31,0
24131,32,0
24131,33,0
24131,34,0
24131,35,0
24131,36,0
24131,37,0
24131,39,0
24131,40,0
24131,41,0
24131,49,1
24131,50,1
24131,52,1
24131,53,1
24131,54,1
24131,56,1
24131,57,1
24131,59,1
24131,60,1
24131,61,1
24131,63,1
24131,64,1
24131,65,1
24131,66,1
24131,67,1
24131,72,1
24131,73,1
24131,74,1
24131,82,1
24131,83,1
24131,84,1
24131,86,1
24131,87,1
24131,88,1
24131,90,1
24131,91,1
24131,92,1
24131,93,0
24131,147,0
24131,148,0
24131,149,0
24131,150,1
24131,152,1
24131,153,1
24131,154,0
24131,155,1
24131,157,1
24131,159,0
24131,160,0
24131,164,0
24131,170,0
24131,171,0
24131,172,0
24131,173,0
24131,174,0
24131,175,0
24131,176,0
24131,177,0
24131,178,0
24131,181,0
24131,182,0
24131,183,0
24131,184,0
24131,194,0
24131,196,0
24131,197,0
24131,198,0
24131,200,0
24131,201,0
24131,202,0
24131,203,0
24133,1,1
24133,2,0
24133,3,1
24133,5,1
24133,6,1
24133,7,1
24133,29,0
24133,30,0
24133,31,0
24133,32,0
24133,33,0
24133,34,0
24133,35,0
24133,36,0
24133,37,0
24133,39,1
24133,49,1
24133,50,1
24133,52,1
24133,53,1
24133,54,1
24133,56,1
24133,57,1
24133,59,1
24133,60,1
24133,61,1
24133,63,1
24133,64,1
24133,65,1
24133,66,1
24133,67,1
24133,72,1
24133,73,1
24133,74,1
24133,82,1
24133,83,1
24133,84,1
24133,86,1
24133,87,1
24133,88,1
24133,90,1
24133,91,1
24133,92,1
24133,93,1
24133,147,1
24133,148,0
24133,149,0
24133,150,0
24133,194,1
24133,196,0
24133,197,0
24133,198,0
24133,200,0
24133,201,1
24133,202,0
24133,203,0
24135,1,1
24135,2,0
24135,3,1
24135,5,1
24135,6,1
24135,7,1
24135,9,0
24135,10,1
24135,11,0
24135,12,0
24135,49,0
24135,50,1
24135,52,1
24135,53,1
24135,54,1
24135,56,0
24135,57,1
24135,59,1
24135,60,1
24135,61,1
24135,63,1
24135,64,1
24135,65,1
24135,66,1
24135,67,1
24135,72,1
24135,73,1
24135,74,1
24135,82,1
24135,83,1
24135,84,1
24135,86,1
24135,87,1
24135,88,1
24135,90,1
24135,91,1
24135,92,1
24135,93,1
24135,147,1
24135,148,0
24135,149,0
24135,150,0
24135,194,0
24135,196,0
24135,197,0
24135,198,0
24135,200,0
24135,201,1
24135,202,0
24135,203,0
24139,1,1
24139,5,1
24139,6,1
24139,7,1
24139,49,1
24139,50,1
24139,52,1
24139,53,1
24139,54,1
24139,56,1
24139,57,1
24139,59,1
24139,60,1
24139,61,1
24139,63,1
24139,64,1
24139,65,1
24139,66,1
24139,67,1
24139,72,1
24139,73,1
24139,74,1
24139,82,1
24139,83,1
24139,84,1
24139,86,1
24139,87,1
24139,88,1
24139,90,1
24139,91,1
24139,92,1
24139,93,1
24139,147,1
24139,148,0
24139,149,0
24139,150,0
24139,194,0
24139,196,0
24139,197,0
24139,198,0
24139,200,0
24139,201,1
24139,202,0
24139,203,0
24146,1,1
24146,2,0
24146,3,1
24146,5,1
24146,6,1
24146,7,1
24146,49,1
24146,50,1
24146,52,1
24146,53,1
24146,54,1
24146,56,1
24146,57,1
24146,59,1
24146,60,1
24146,61,1
24146,63,1
24146,64,1
24146,65,1
24146,66,1
24146,67,1
24146,72,1
24146,73,1
24146,74,1
24146,82,1
24146,83,1
24146,84,1
24146,86,1
24146,87,1
24146,88,1
24146,90,1
24146,91,1
24146,92,1
24146,93,1
24146,147,1
24146,148,0
24146,149,0
24146,150,0
24146,194,0
24146,196,0
24146,197,0
24146,198,0
24146,200,0
24146,201,1
24146,202,0
24146,203,0
24147,1,1
24147,2,0
24147,3,1
24147,5,1
24147,6,1
24147,7,1
24147,49,1
24147,50,1
24147,52,1
24147,53,1
24147,54,1
24147,56,1
24147,57,1
24147,59,1
24147,60,1
24147,61,1
24147,63,1
24147,64,1
24147,65,1
24147,66,1
24147,67,1
24147,72,1
24147,73,1
24147,74,1
24147,82,1
24147,83,1
24147,84,1
24147,86,1
24147,87,1
24147,88,1
24147,90,1
24147,91,1
24147,92,1
24147,93,1
24147,147,1
24147,148,0
24147,149,0
24147,150,0
24147,194,0
24147,196,0
24147,197,0
24147,198,0
24147,200,0
24147,201,1
24147,202,0
24147,203,0
24149,1,1
24149,2,0
24149,3,1
24149,5,1
24149,6,1
24149,7,1
24149,9,0
24149,10,1
24149,11,0
24149,12,0
24149,29,0
24149,30,0
24149,31,0
24149,32,0
24149,33,0
24149,34,0
24149,35,0
24149,36,0
24149,37,0
24149,39,1
24149,49,0
24149,50,1
24149,52,1
24149,53,1
24149,54,1
24149,56,1
24149,57,1
24149,59,1
24149,60,1
24149,61,1
24149,63,1
24149,64,1
24149,65,1
24149,66,1
24149,67,1
24149,72,1
24149,73,1
24149,74,1
24149,82,1
24149,83,1
24149,84,1
24149,86,1
24149,87,1
24149,88,1
24149,90,1
24149,91,1
24149,92,1
24149,93,1
24149,147,0
24149,148,1
24149,149,0
24149,150,0
24149,152,1
24149,153,1
24149,154,0
24149,155,1
24149,157,0
24149,159,0
24149,160,0
24149,164,0
24149,170,0
24149,171,0
24149,172,0
24149,173,0
24149,174,0
24149,175,0
24149,176,0
24149,177,0
24149,178,0
24149,181,0
24149,182,0
24149,183,0
24149,184,0
24149,194,1
24149,196,0
24149,197,0
24149,198,0
24149,200,0
24149,201,1
24149,202,0
24149,203,0
24150,1,1
24150,2,0
24150,3,1
24150,5,1
24150,6,1
24150,7,1
24150,29,1
24150,30,0
24150,31,1
24150,32,0
24150,33,0
24150,34,0
24150,35,0
24150,36,0
24150,37,0
24150,39,0
24150,40,0
24150,41,0
24150,72,1
24150,73,1
24150,74,1
24150,82,1
24150,83,1
24150,84,1
24150,86,1
24150,87,1
24150,88,1
24150,90,1
24150,91,1
24150,92,1
24150,93,1
24150,147,1
24150,148,0
24150,149,0
24150,150,0
24150,194,0
24150,196,0
24150,197,0
24150,198,0
24150,200,0
24150,201,0
24150,202,0
24150,203,0
24153,1,1
24153,5,1
24153,6,1
24153,7,1
24153,9,0
24153,10,1
24153,11,0
24153,12,0
24153,29,0
24153,30,0
24153,31,0
24153,32,1
24153,33,0
24153,34,1
24153,35,0
24153,36,0
24153,37,0
24153,39,0
24153,40,0
24153,41,0
24153,49,1
24153,50,1
24153,52,1
24153,53,1
24153,54,1
24153,56,1
24153,57,1
24153,59,1
24153,60,1
24153,61,1
24153,63,1
24153,64,1
24153,65,1
24153,66,1
24153,67,1
24153,72,1
24153,73,1
24153,74,1
24153,82,1
24153,83,1
24153,84,1
24153,86,1
24153,87,1
24153,88,1
24153,90,1
24153,91,1
24153,92,1
24153,93,0
24153,147,0
24153,148,1
24153,149,0
24153,150,0
24153,152,1
24153,153,1
24153,154,0
24153,155,1
24153,157,0
24153,159,0
24153,160,0
24153,164,0
24153,170,0
24153,171,0
24153,172,0
24153,173,0
24153,174,0
24153,175,0
24153,176,0
24153,177,0
24153,178,0
24153,181,0
24153,182,0
24153,183,0
24153,184,0
24153,194,0
24153,196,0
24153,197,0
24153,198,0
24153,200,0
24153,201,1
24153,202,1
24153,203,0
24156,1,1
24156,2,0
24156,3,1
24156,5,1
24156,6,1
24156,7,1
24156,9,0
24156,10,1
24156,11,0
24156,12,0
24156,29,1
24156,30,0
24156,31,1
24156,32,0
24156,33,0
24156,34,0
24156,35,0
24156,36,0
24156,37,0
24156,39,0
24156,40,0
24156,41,0
24156,49,1
24156,50,1
24156,52,1
24156,53,1
24156,54,1
24156,56,1
24156,57,1
24156,59,1
24156,60,1
24156,61,1
24156,63,1
24156,64,1
24156,65,1
24156,66,1
24156,67,1
24156,72,1
24156,73,1
24156,74,1
24156,82,1
24156,83,1
24156,84,1
24156,86,1
24156,87,1
24156,88,1
24156,90,1
24156,91,1
24156,92,0
24156,93,0
24156,147,0
24156,148,1
24156,149,0
24156,150,0
24156,152,1
24156,153,0
24156,154,0
24156,155,0
24156,157,0
24156,159,0
24156,160,0
24156,164,0
24156,170,0
24156,171,0
24156,172,0
24156,173,0
24156,174,0
24156,175,0
24156,176,0
24156,177,0
24156,178,0
24156,181,0
24156,182,0
24156,183,0
24156,184,0
24156,194,0
24156,196,0
24156,197,0
24156,198,0
24156,200,0
24156,201,1
24156,202,0
24156,203,0
24162,1,1
24162,2,0
24162,3,1
24162,5,1
24162,6,1
24162,7,1
24162,9,0
24162,10,0
24162,11,1
24162,12,0
24162,29,0
24162,30,0
24162,31,0
24162,32,0
24162,33,0
24162,34,0
24162,35,0
24162,36,0
24162,37,0
24162,39,1
24162,49,1
24162,50,1
24162,52,1
24162,53,1
24162,54,1
24162,56,1
24162,57,1
24162,59,1
24162,60,1
24162,61,1
24162,63,1
24162,64,1
24162,65,1
24162,66,1
24162,67,1
24162,72,1
24162,73,1
24162,74,1
24162,82,1
24162,83,1
24162,84,1
24162,86,1
24162,87,1
24162,88,1
24162,90,1
24162,91,1
24162,92,1
24162,93,1
24162,147,1
24162,148,0
24162,149,0
24162,150,0
24162,194,0
24162,196,0
24162,197,0
24162,198,0
24162,200,0
24162,201,1
24162,202,0
24162,203,0
24163,1,1
24163,2,0
24163,3,1
24163,5,1
24163,6,1
24163,7,1
24163,49,1
24163,50,1
24163,52,1
24163,53,1
24163,54,1
24163,56,1
24163,57,1
24163,59,1
24163,60,1
24163,61,1
24163,63,1
24163,64,1
24163,65,1
24163,66,1
24163,67,1
24163,72,1
24163,73,1
24163,74,1
24163,82,1
24163,83,1
24163,84,1
24163,86,1
24163,87,1
24163,88,1
24163,90,1
24163,91,1
24163,92,1
24163,93,0
24163,147,1
24163,148,0
24163,149,0
24163,150,0
24163,194,0
24163,196,0
24163,197,0
24163,198,1
24163,200,0
24163,201,1
24163,202,0
24163,203,0
24170,1,1
24170,2,0
24170,3,1
24170,5,1
24170,6,1
24170,7,1
24170,49,0
24170,50,1
24170,52,1
24170,53,1
24170,54,1
24170,56,1
24170,57,1
24170,59,1
24170,60,1
24170,61,1
24170,63,0
24170,64,1
24170,65,1
24170,66,1
24170,67,1
24170,72,1
24170,73,1
24170,74,1
24170,82,1
24170,83,1
24170,84,1
24170,86,1
24170,87,1
24170,88,1
24170,90,1
24170,91,1
24170,92,0
24170,93,0
24170,147,1
24170,148,0
24170,149,0
24170,150,0
24170,194,0
24170,196,0
24170,197,0
24170,198,0
24170,200,0
24170,201,1
24170,202,0
24170,203,0
24177,1,1
24177,2,0
24177,3,1
24177,5,1
24177,6,1
24177,7,1
24177,29,0
24177,30,0
24177,31,0
24177,32,0
24177,33,0
24177,34,0
24177,35,1
24177,36,1
24177,37,0
24177,39,0
24177,40,0
24177,41,0
24177,49,0
24177,50,0
24177,52,0
24177,53,1
24177,54,1
24177,56,0
24177,57,0
24177,59,1
24177,60,1
24177,61,1
24177,63,1
24177,64,1
24177,65,1
24177,66,1
24177,67,1
24177,72,1
24177,73,1
24177,74,1
24177,82,1
24177,83,1
24177,84,1
24177,86,1
24177,87,1
24177,88,1
24177,90,1
24177,91,1
24177,92,1
24177,93,1
24177,147,1
24177,148,0
24177,149,0
24177,150,0
24177,194,0
24177,196,0
24177,197,0
24177,198,0
24177,200,0
24177,201,0
24177,202,0
24177,203,0
24179,1,1
24179,2,0
24179,3,1
24179,5,1
24179,6,1
24179,7,1
24179,9,0
24179,10,1
24179,11,0
24179,12,0
24179,29,1
24179,30,1
24179,31,0
24179,32,0
24179,33,0
24179,34,0
24179,35,0
24179,36,0
24179,37,0
24179,39,0
24179,40,0
24179,41,0
24179,49,1
24179,50,1
24179,52,1
24179,53,1
24179,54,1
24179,56,1
24179,57,1
24179,59,1
24179,60,1
24179,61,1
24179,63,1
24179,64,1
24179,65,1
24179,66,1
24179,67,1
24179,72,1
24179,73,1
24179,74,1
24179,82,1
24179,83,1
24179,84,1
24179,86,1
24179,87,1
24179,88,1
24179,90,1
24179,91,1
24179,92,1
24179,93,1
24179,147,1
24179,148,0
24179,149,0
24179,150,0
24179,194,0
24179,196,0
24179,197,0
24179,198,0
24179,200,0
24179,201,1
24179,202,0
24179,203,0
24190,1,1
24190,2,0
24190,3,1
24190,5,1
24190,6,1
24190,7,1
24190,56,1
24190,57,1
24190,59,1
24190,60,1
24190,61,1
24190,63,1
24190,64,1
24190,65,1
24190,66,1
24190,67,1
24190,72,1
24190,73,1
24190,74,1
24190,82,1
24190,83,1
24190,84,1
24190,86,1
24190,87,1
24190,88,1
24190,90,1
24190,91,1
24190,92,1
24190,93,1
24190,147,1
24190,148,0
24190,149,0
24190,150,0
24190,194,0
24190,196,0
24190,197,0
24190,198,0
24190,200,0
24190,201,1
24190,202,0
24190,203,0
24191,1,1
24191,2,0
24191,3,1
24191,5,1
24191,6,1
24191,7,1
24191,9,0
24191,10,1
24191,11,0
24191,12,0
24191,29,0
24191,30,0
24191,31,0
24191,32,1
24191,33,0
24191,34,1
24191,35,0
24191,36,0
24191,37,0
24191,39,0
24191,40,0
24191,41,0
24191,49,1
24191,50,1
24191,52,1
24191,53,1
24191,54,1
24191,56,1
24191,57,1
24191,59,1
24191,60,1
24191,61,1
24191,63,1
24191,64,1
24191,65,1
24191,66,1
24191,67,1
24191,72,1
24191,73,1
24191,74,1
24191,82,1
24191,83,1
24191,84,1
24191,86,1
24191,87,1
24191,88,1
24191,90,1
24191,91,1
24191,92,1
24191,93,1
24191,147,1
24191,148,0
24191,149,0
24191,150,0
24191,194,0
24191,196,0
24191,197,0
24191,198,0
24191,200,0
24191,201,1
24191,202,0
24191,203,0
24192,1,1
24192,2,0
24192,3,1
24192,5,1
24192,6,1
24192,7,1
24192,49,1
24192,50,1
24192,52,1
24192,53,1
24192,54,1
24192,56,1
24192,57,1
24192,59,1
24192,60,1
24192,61,1
24192,63,1
24192,64,1
24192,65,1
24192,66,1
24192,67,1
24192,72,1
24192,73,1
24192,74,1
24192,82,1
24192,83,1
24192,84,1
24192,86,1
24192,87,1
24192,88,1
24192,90,1
24192,91,1
24192,92,1
24192,93,0
24192,147,1
24192,148,0
24192,149,0
24192,150,0
24192,194,0
24192,196,0
24192,197,0
24192,198,0
24192,200,0
24192,201,1
24192,202,0
24192,203,0
24193,1,1
24193,5,1
24193,6,1
24193,7,1
24193,49,1
24193,50,1
24193,52,1
24193,53,1
24193,54,1
24193,56,1
24193,57,1
24193,59,1
24193,60,1
24193,61,1
24193,63,1
24193,64,1
24193,65,1
24193,66,1
24193,67,1
24193,72,1
24193,73,1
24193,74,1
24193,82,1
24193,83,1
24193,84,1
24193,86,1
24193,87,1
24193,88,1
24193,90,1
24193,91,0
24193,92,0
24193,93,0
24193,147,1
24193,148,0
24193,149,0
24193,150,0
24193,194,0
24193,196,0
24193,197,0
24193,198,0
24193,200,0
24193,201,1
24193,202,0
24193,203,0
24282,1,1
24282,2,0
24282,3,1
24282,5,1
24282,6,1
24282,7,1
24282,49,1
24282,50,1
24282,52,1
24282,53,1
24282,54,1
24282,56,1
24282,57,1
24282,59,1
24282,60,1
24282,61,1
24282,63,1
24282,64,1
24282,65,1
24282,66,1
24282,67,1
24282,72,1
24282,73,1
24282,74,1
24282,82,1
24282,83,1
24282,84,1
24282,86,1
24282,87,1
24282,88,1
24282,90,1
24282,91,1
24282,92,1
24282,93,1
24282,147,1
24282,148,0
24282,149,0
24282,150,0
24282,194,0
24282,196,0
24282,197,0
24282,198,0
24282,200,0
24282,201,1
24282,202,0
24282,203,0
24289,1,1
24289,2,0
24289,3,1
24289,5,1
24289,6,1
24289,7,1
24289,9,0
24289,10,0
24289,11,1
24289,12,0
24289,29,0
24289,30,0
24289,31,0
24289,32,1
24289,35,0
24289,36,0
24289,37,0
24289,39,0
24289,40,0
24289,41,0
24289,49,1
24289,50,1
24289,52,1
24289,53,1
24289,54,1
24289,56,1
24289,57,1
24289,59,1
24289,60,1
24289,61,1
24289,63,1
24289,64,1
24289,65,1
24289,66,1
24289,67,1
24289,72,0
24289,73,1
24289,74,1
24289,82,1
24289,83,1
24289,84,1
24289,86,1
24289,87,1
24289,88,1
24289,90,1
24289,91,1
24289,92,1
24289,93,1
24289,147,0
24289,148,1
24289,149,0
24289,150,0
24289,152,1
24289,153,1
24289,154,0
24289,155,1
24289,157,0
24289,159,0
24289,160,0
24289,164,0
24289,170,0
24289,171,0
24289,172,0
24289,173,0
24289,174,0
24289,175,0
24289,176,0
24289,177,0
24289,178,0
24289,181,0
24289,182,0
24289,183,0
24289,184,0
24289,194,0
24289,196,0
24289,197,0
24289,198,0
24289,200,0
24289,201,1
24289,202,0
24289,203,0
24291,1,1
24291,2,0
24291,3,1
24291,5,1
24291,6,1
24291,7,1
24291,49,1
24291,50,1
24291,52,1
24291,53,1
24291,54,1
24291,56,1
24291,57,1
24291,59,1
24291,60,1
24291,61,1
24291,63,1
24291,64,1
24291,65,1
24291,66,1
24291,67,1
24291,72,1
24291,73,1
24291,74,1
24291,82,1
24291,83,1
24291,84,1
24291,86,1
24291,87,1
24291,88,0
24291,90,1
24291,91,1
24291,92,1
24291,93,1
24291,147,1
24291,148,0
24291,149,0
24291,150,0
24291,194,0
24291,196,0
24291,197,0
24291,198,0
24291,200,0
24291,201,1
24291,202,0
24291,203,0
24294,1,1
24294,2,1
24294,3,0
24294,5,1
24294,6,1
24294,7,1
24294,49,1
24294,50,1
24294,52,1
24294,53,1
24294,54,1
24294,56,1
24294,57,1
24294,59,1
24294,60,1
24294,61,1
24294,63,1
24294,64,1
24294,65,1
24294,66,1
24294,67,1
24294,72,1
24294,73,1
24294,74,1
24294,82,1
24294,83,1
24294,84,1
24294,86,1
24294,87,1
24294,88,1
24294,90,1
24294,91,1
24294,92,1
24294,93,0
24294,147,1
24294,148,0
24294,149,0
24294,150,0
24294,194,0
24294,196,0
24294,197,0
24294,198,0
24294,200,0
24294,201,1
24294,202,0
24294,203,0
24295,1,1
24295,2,0
24295,3,1
24295,5,1
24295,6,1
24295,7,1
24295,49,1
24295,50,1
24295,52,1
24295,53,1
24295,54,1
24295,56,1
24295,57,1
24295,59,1
24295,60,1
24295,61,1
24295,63,1
24295,64,1
24295,65,1
24295,66,1
24295,67,1
24295,72,1
24295,73,1
24295,74,1
24295,82,1
24295,83,1
24295,84,1
24295,86,1
24295,87,1
24295,88,1
24295,90,1
24295,91,1
24295,92,1
24295,93,1
24295,147,1
24295,148,0
24295,149,0
24295,150,0
24295,194,0
24295,196,0
24295,197,0
24295,198,0
24295,200,0
24295,201,0
24295,202,0
24295,203,0
24296,1,1
24296,2,0
24296,3,1
24296,5,1
24296,6,1
24296,7,1
24296,29,1
24296,30,1
24296,31,0
24296,32,0
24296,33,0
24296,34,0
24296,35,0
24296,36,0
24296,37,0
24296,39,0
24296,40,0
24296,41,0
24296,49,0
24296,50,0
24296,52,0
24296,53,0
24296,54,0
24296,56,0
24296,57,0
24296,59,1
24296,60,1
24296,61,1
24296,63,1
24296,64,1
24296,65,1
24296,66,1
24296,67,1
24296,72,1
24296,73,1
24296,74,1
24296,82,1
24296,83,1
24296,84,1
24296,86,1
24296,87,1
24296,88,1
24296,90,1
24296,91,1
24296,92,1
24296,93,1
24296,147,1
24296,148,0
24296,149,0
24296,150,0
24296,194,0
24296,196,0
24296,197,0
24296,198,0
24296,200,0
24296,201,0
24296,202,0
24296,203,0
24302,1,1
24302,2,0
24302,3,1
24302,5,1
24302,6,1
24302,7,1
24302,56,1
24302,57,1
24302,59,1
24302,60,1
24302,61,1
24302,63,1
24302,64,1
24302,65,1
24302,66,1
24302,67,1
24302,72,1
24302,73,1
24302,74,1
24302,82,1
24302,83,1
24302,84,1
24302,86,1
24302,87,1
24302,88,1
24302,90,1
24302,91,1
24302,92,1
24302,93,0
24302,147,1
24302,148,0
24302,149,0
24302,150,0
24302,194,0
24302,196,0
24302,197,0
24302,198,0
24302,200,0
24302,201,1
24302,202,0
24302,203,0
24312,1,1
24312,2,0
24312,3,1
24312,5,1
24312,6,1
24312,7,1
24312,49,1
24312,50,1
24312,52,1
24312,53,1
24312,54,1
24312,56,1
24312,57,1
24312,59,1
24312,60,1
24312,61,1
24312,63,1
24312,64,1
24312,65,1
24312,66,1
24312,67,1
24312,72,0
24312,73,0
24312,74,0
24312,82,1
24312,83,1
24312,84,1
24312,86,1
24312,87,1
24312,88,1
24312,90,1
24312,91,1
24312,92,1
24312,93,1
24312,147,1
24312,148,0
24312,149,0
24312,150,0
24312,194,0
24312,196,1
24312,197,0
24312,198,0
24312,200,0
24312,201,0
24312,202,0
24312,203,0
24313,1,1
24313,2,0
24313,3,1
24313,5,1
24313,6,1
24313,7,1
24313,29,1
24313,30,1
24313,31,0
24313,32,0
24313,33,0
24313,34,0
24313,35,0
24313,36,0
24313,37,0
24313,39,0
24313,40,0
24313,41,0
24313,56,1
24313,57,1
24313,59,1
24313,60,1
24313,61,1
24313,63,1
24313,64,1
24313,65,1
24313,66,1
24313,67,1
24313,72,1
24313,73,1
24313,74,1
24313,82,1
24313,83,1
24313,84,1
24313,86,1
24313,87,1
24313,88,1
24313,90,1
24313,91,1
24313,92,1
24313,93,1
24313,147,1
24313,148,0
24313,149,0
24313,150,0
24313,194,0
24313,196,0
24313,197,0
24313,198,0
24313,200,0
24313,201,1
24313,202,0
24313,203,0
24320,1,1
24320,2,0
24320,3,1
24320,5,1
24320,6,1
24320,7,1
24320,49,1
24320,50,1
24320,52,1
24320,53,1
24320,54,1
24320,56,1
24320,57,1
24320,59,1
24320,60,1
24320,61,1
24320,63,1
24320,64,1
24320,65,1
24320,66,1
24320,67,1
24320,72,1
24320,73,1
24320,74,1
24320,82,1
24320,83,1
24320,84,1
24320,86,1
24320,87,1
24320,88,1
24320,90,1
24320,91,1
24320,92,1
24320,93,1
24320,147,1
24320,148,0
24320,149,0
24320,150,0
24320,194,0
24320,196,0
24320,197,0
24320,198,0
24320,200,0
24320,201,1
24320,202,0
24320,203,0
24325,1,1
24325,2,0
24325,3,1
24325,5,1
24325,6,1
24325,7,1
24325,9,1
24325,10,0
24325,11,0
24325,12,0
24325,29,0
24325,30,0
24325,31,0
24325,32,0
24325,33,0
24325,34,0
24325,35,0
24325,36,0
24325,37,0
24325,39,1
24325,49,1
24325,50,1
24325,52,1
24325,53,1
24325,54,1
24325,56,1
24325,57,1
24325,59,1
24325,60,1
24325,61,1
24325,63,1
24325,64,1
24325,65,1
24325,66,1
24325,67,1
24325,72,1
24325,73,1
24325,74,1
24325,82,1
24325,83,1
24325,84,1
24325,86,1
24325,87,1
24325,88,1
24325,90,1
24325,91,1
24325,92,1
24325,93,1
24325,147,0
24325,148,0
24325,149,1
24325,150,0
24325,152,0
24325,153,0
24325,154,0
24325,155,0
24325,157,0
24325,159,0
24325,160,0
24325,164,0
24325,170,1
24325,171,0
24325,172,0
24325,173,0
24325,174,0
24325,175,0
24325,176,0
24325,177,1
24325,178,1
24325,181,0
24325,182,0
24325,183,0
24325,184,0
24325,194,1
24325,196,0
24325,197,0
24325,198,0
24325,200,0
24325,201,1
24325,202,0
24325,203,0
24330,1,1
24330,2,0
24330,3,1
24330,5,1
24330,6,1
24330,7,1
24330,49,0
24330,50,0
24330,52,0
24330,53,0
24330,54,1
24330,56,0
24330,57,1
24330,59,1
24330,60,1
24330,61,1
24330,63,1
24330,64,1
24330,65,1
24330,66,1
24330,67,1
24330,72,1
24330,73,1
24330,74,1
24330,82,1
24330,83,1
24330,84,1
24330,86,1
24330,87,1
24330,88,1
24330,90,1
24330,91,1
24330,92,1
24330,93,1
24330,147,1
24330,148,0
24330,149,0
24330,150,0
24330,194,1
24330,196,0
24330,197,0
24330,198,0
24330,200,0
24330,201,1
24330,202,0
24330,203,0
24333,1,1
24333,2,0
24333,3,1
24333,5,1
24333,6,1
24333,7,1
24333,49,1
24333,50,1
24333,52,1
24333,53,1
24333,54,1
24333,56,1
24333,57,1
24333,59,1
24333,60,1
24333,61,1
24333,63,1
24333,64,1
24333,65,1
24333,66,1
24333,67,1
24333,72,1
24333,73,1
24333,74,1
24333,82,1
24333,83,1
24333,84,1
24333,86,1
24333,87,1
24333,88,1
24333,90,1
24333,91,1
24333,92,1
24333,93,1
24333,147,1
24333,148,0
24333,149,0
24333,150,0
24333,194,0
24333,196,0
24333,197,0
24333,198,0
24333,200,0
24333,201,1
24333,202,0
24333,203,0
24335,1,1
24335,2,0
24335,3,1
24335,5,1
24335,6,1
24335,7,1
24335,72,1
24335,73,1
24335,74,1
24335,82,1
24335,83,1
24335,84,1
24335,90,1
24335,91,1
24335,92,1
24335,93,1
24335,147,1
24335,148,0
24335,149,0
24335,150,0
24335,194,0
24335,196,0
24335,197,0
24335,198,0
24335,200,0
24335,201,1
24335,202,0
24335,203,0
24336,1,1
24336,2,0
24336,3,1
24336,5,1
24336,6,1
24336,7,1
24336,9,1
24336,10,0
24336,11,0
24336,12,0
24336,29,0
24336,30,0
24336,31,0
24336,32,0
24336,33,0
24336,34,0
24336,35,0
24336,36,0
24336,37,0
24336,39,1
24336,147,1
24336,148,0
24336,149,0
24336,150,0
24336,194,0
24336,196,0
24336,197,0
24336,198,0
24336,200,0
24336,201,1
24336,202,0
24336,203,0
24342,1,1
24342,2,1
24342,3,0
24342,5,1
24342,6,1
24342,7,1
24342,56,1
24342,57,1
24342,59,1
24342,60,1
24342,61,1
24342,63,1
24342,64,1
24342,65,1
24342,66,1
24342,67,1
24342,72,1
24342,73,1
24342,74,1
24342,82,1
24342,83,1
24342,84,1
24342,86,1
24342,87,1
24342,88,1
24342,90,1
24342,91,1
24342,92,1
24342,93,1
24342,147,1
24342,148,0
24342,149,0
24342,150,0
24342,194,0
24342,196,0
24342,197,0
24342,198,0
24342,200,0
24342,201,1
24342,202,0
24342,203,0
24344,1,1
24344,2,0
24344,3,1
24344,5,1
24344,6,1
24344,7,1
24344,29,1
24344,30,1
24344,31,0
24344,32,0
24344,33,0
24344,34,0
24344,35,0
24344,36,0
24344,37,0
24344,39,0
24344,40,0
24344,41,0
24344,49,1
24344,50,1
24344,52,1
24344,53,1
24344,54,1
24344,56,1
24344,57,1
24344,59,1
24344,60,1
24344,61,1
24344,63,1
24344,64,1
24344,65,1
24344,66,1
24344,67,1
24344,72,1
24344,73,1
24344,74,1
24344,82,1
24344,83,1
24344,84,1
24344,86,1
24344,87,1
24344,88,1
24344,90,1
24344,91,1
24344,92,1
24344,93,1
24344,147,1
24344,148,0
24344,149,0
24344,150,0
24344,194,0
24344,196,0
24344,197,0
24344,198,0
24344,200,0
24344,201,1
24344,202,0
24344,203,0
24347,1,1
24347,2,0
24347,3,1
24347,5,1
24347,6,1
24347,7,1
24347,72,1
24347,73,1
24347,74,1
24347,82,1
24347,83,1
24347,84,1
24347,86,1
24347,87,1
24347,88,1
24347,90,1
24347,91,1
24347,92,1
24347,93,1
24347,147,1
24347,148,0
24347,149,0
24347,150,0
24347,194,0
24347,196,0
24347,197,0
24347,198,0
24347,200,0
24347,201,0
24347,202,0
24347,203,0
24348,1,1
24348,2,0
24348,3,1
24348,5,1
24348,6,1
24348,7,1
24348,9,0
24348,10,0
24348,11,1
24348,12,0
24348,147,1
24348,148,0
24348,149,0
24348,150,0
24348,194,0
24348,196,0
24348,197,0
24348,198,0
24348,200,0
24348,201,0
24348,202,0
24348,203,0
24354,1,1
24354,2,0
24354,3,1
24354,5,1
24354,6,1
24354,7,1
24354,29,1
24354,30,1
24354,31,0
24354,32,0
24354,33,0
24354,34,0
24354,35,0
24354,36,0
24354,37,0
24354,39,0
24354,40,0
24354,41,0
24354,56,1
24354,57,1
24354,59,1
24354,60,1
24354,61,1
24354,63,1
24354,64,1
24354,65,1
24354,66,1
24354,67,1
24354,72,1
24354,73,1
24354,74,1
24354,82,1
24354,83,1
24354,84,1
24354,86,1
24354,87,1
24354,88,1
24354,90,1
24354,91,1
24354,92,1
24354,93,1
24354,147,1
24354,148,0
24354,149,0
24354,150,0
24354,194,0
24354,196,0
24354,197,0
24354,198,0
24354,200,0
24354,201,1
24354,202,0
24354,203,0
24355,1,1
24355,2,0
24355,3,1
24355,5,1
24355,6,1
24355,7,1
24355,29,0
24355,30,0
24355,31,0
24355,32,0
24355,33,0
24355,34,0
24355,35,0
24355,36,0
24355,37,0
24355,39,1
24355,49,0
24355,50,1
24355,52,1
24355,53,1
24355,54,1
24355,56,1
24355,57,1
24355,59,1
24355,60,1
24355,61,1
24355,63,1
24355,64,1
24355,65,1
24355,66,1
24355,67,1
24355,72,1
24355,73,1
24355,74,1
24355,82,1
24355,83,1
24355,84,1
24355,86,1
24355,87,1
24355,88,1
24355,90,1
24355,91,1
24355,92,1
24355,93,1
24355,147,0
24355,148,1
24355,149,0
24355,150,0
24355,152,0
24355,153,0
24355,154,0
24355,155,0
24355,157,0
24355,159,0
24355,160,0
24355,164,0
24355,170,1
24355,171,1
24355,172,0
24355,173,0
24355,174,1
24355,175,0
24355,176,0
24355,177,0
24355,178,0
24355,181,0
24355,182,0
24355,183,0
24355,184,0
24355,194,0
24355,196,0
24355,197,0
24355,198,0
24355,200,0
24355,201,0
24355,202,0
24355,203,0
24361,1,1
24361,2,0
24361,3,1
24361,5,1
24361,6,1
24361,7,1
24361,9,1
24361,10,0
24361,11,0
24361,12,0
24361,29,1
24361,30,1
24361,31,0
24361,32,0
24361,33,0
24361,34,0
24361,35,0
24361,36,0
24361,37,0
24361,39,0
24361,40,0
24361,41,0
24361,49,1
24361,50,1
24361,52,1
24361,53,1
24361,54,1
24361,56,1
24361,57,1
24361,59,1
24361,60,1
24361,61,1
24361,63,1
24361,64,1
24361,65,1
24361,66,1
24361,67,1
24361,72,1
24361,73,1
24361,74,1
24361,82,1
24361,83,1
24361,84,1
24361,86,1
24361,87,1
24361,88,1
24361,90,1
24361,91,1
24361,92,1
24361,93,1
24361,147,1
24361,148,0
24361,149,0
24361,150,0
24361,194,0
24361,196,0
24361,197,0
24361,198,0
24361,200,0
24361,201,1
24361,202,0
24361,203,0
24362,1,1
24362,2,0
24362,3,1
24362,5,1
24362,6,1
24362,7,1
24362,49,0
24362,50,1
24362,52,1
24362,53,1
24362,54,1
24362,56,1
24362,57,1
24362,59,1
24362,60,1
24362,61,1
24362,63,1
24362,64,1
24362,65,1
24362,66,1
24362,67,1
24362,72,1
24362,73,1
24362,74,1
24362,82,1
24362,83,1
24362,84,1
24362,86,1
24362,87,1
24362,88,1
24362,90,1
24362,91,1
24362,92,1
24362,93,1
24362,147,1
24362,148,0
24362,149,0
24362,150,0
24362,194,0
24362,196,0
24362,197,0
24362,198,0
24362,200,0
24362,201,0
24362,202,0
24362,203,0
24363,1,1
24363,2,0
24363,3,1
24363,5,1
24363,6,1
24363,7,1
24363,72,1
24363,73,1
24363,74,1
24363,82,1
24363,83,1
24363,84,1
24363,90,1
24363,91,1
24363,92,1
24363,93,0
24363,147,1
24363,148,0
24363,149,0
24363,150,0
24363,194,0
24363,196,0
24363,197,0
24363,198,0
24363,200,0
24363,201,0
24363,202,0
24363,203,0
24364,1,1
24364,2,1
24364,3,0
24364,5,1
24364,6,1
24364,7,1
24364,9,1
24364,10,0
24364,11,0
24364,12,0
24364,29,0
24364,30,0
24364,31,0
24364,32,0
24364,33,0
24364,34,0
24364,35,1
24364,39,0
24364,40,0
24364,41,0
24364,49,1
24364,50,1
24364,52,1
24364,53,1
24364,54,1
24364,56,1
24364,57,1
24364,59,1
24364,60,1
24364,61,1
24364,63,1
24364,64,1
24364,65,1
24364,66,1
24364,67,1
24364,72,0
24364,73,1
24364,74,1
24364,82,1
24364,83,1
24364,84,1
24364,86,1
24364,87,1
24364,88,1
24364,90,1
24364,91,1
24364,92,1
24364,93,1
24364,147,1
24364,148,0
24364,149,0
24364,150,0
24364,194,0
24364,196,0
24364,197,0
24364,198,0
24364,200,0
24364,201,0
24364,202,0
24364,203,0
24365,1,1
24365,2,1
24365,3,0
24365,5,1
24365,6,1
24365,7,1
24365,9,0
24365,10,1
24365,11,0
24365,12,0
24365,29,0
24365,30,0
24365,31,0
24365,32,0
24365,33,0
24365,34,0
24365,35,1
24365,36,1
24365,37,0
24365,39,0
24365,40,0
24365,41,0
24365,72,1
24365,73,1
24365,74,1
24365,82,1
24365,83,1
24365,84,1
24365,90,1
24365,91,1
24365,92,1
24365,93,1
24365,147,1
24365,148,0
24365,149,0
24365,150,0
24365,194,0
24365,196,0
24365,197,0
24365,198,0
24365,200,0
24365,201,1
24365,202,0
24365,203,0
24369,1,1
24369,2,0
24369,3,1
24369,5,1
24369,6,1
24369,7,1
24369,29,1
24369,30,1
24369,31,0
24369,32,0
24369,33,0
24369,34,0
24369,35,0
24369,36,0
24369,37,0
24369,39,0
24369,40,0
24369,41,0
24369,49,1
24369,50,1
24369,52,1
24369,53,1
24369,54,1
24369,56,1
24369,57,1
24369,59,1
24369,60,1
24369,61,1
24369,63,1
24369,64,1
24369,65,1
24369,66,1
24369,67,1
24369,72,0
24369,73,1
24369,74,1
24369,82,1
24369,83,1
24369,84,1
24369,86,1
24369,87,1
24369,88,1
24369,90,1
24369,91,1
24369,92,1
24369,93,0
24369,147,1
24369,148,0
24369,149,0
24369,150,0
24369,194,0
24369,196,0
24369,197,0
24369,198,0
24369,200,0
24369,201,0
24369,202,0
24369,203,0
24373,1,1
24373,2,0
24373,3,1
24373,5,1
24373,6,1
24373,7,1
24373,72,1
24373,73,1
24373,74,1
24373,82,1
24373,83,1
24373,84,1
24373,90,1
24373,91,1
24373,92,1
24373,93,1
24373,147,0
24373,148,1
24373,149,0
24373,150,0
24373,152,0
24373,153,0
24373,154,0
24373,155,0
24373,157,0
24373,159,0
24373,160,0
24373,164,0
24373,170,1
24373,171,1
24373,172,1
24373,173,0
24373,174,1
24373,175,0
24373,176,0
24373,177,0
24373,178,0
24373,181,0
24373,182,0
24373,183,0
24373,184,0
24373,194,0
24373,196,0
24373,197,0
24373,198,0
24373,200,0
24373,201,1
24373,202,1
24373,203,0
24375,1,1
24375,2,0
24375,3,1
24375,5,1
24375,6,1
24375,7,1
24375,29,0
24375,30,0
24375,31,0
24375,32,1
24375,33,0
24375,34,1
24375,35,0
24375,36,0
24375,37,0
24375,39,0
24375,40,0
24375,41,0
24375,49,1
24375,50,1
24375,52,1
24375,53,1
24375,54,1
24375,56,1
24375,57,1
24375,59,1
24375,60,1
24375,61,1
24375,63,1
24375,64,1
24375,65,1
24375,66,1
24375,67,1
24375,72,1
24375,73,1
24375,74,1
24375,82,1
24375,83,1
24375,84,1
24375,86,1
24375,87,1
24375,88,1
24375,90,1
24375,91,1
24375,92,1
24375,93,1
24375,147,1
24375,148,0
24375,149,0
24375,150,0
24375,194,0
24375,196,0
24375,197,0
24375,198,0
24375,200,0
24375,201,1
24375,202,0
24375,203,0
24377,1,1
24377,2,0
24377,3,1
24377,5,1
24377,6,1
24377,7,1
24377,49,1
24377,50,1
24377,52,1
24377,53,1
24377,54,1
24377,56,1
24377,57,1
24377,59,1
24377,60,1
24377,61,1
24377,63,1
24377,64,1
24377,65,1
24377,66,1
24377,67,1
24377,72,1
24377,73,1
24377,74,1
24377,82,1
24377,83,1
24377,84,1
24377,86,1
24377,87,1
24377,88,1
24377,90,1
24377,91,1
24377,92,1
24377,93,1
24377,147,1
24377,148,0
24377,149,0
24377,150,0
24377,194,0
24377,196,0
24377,197,0
24377,198,0
24377,200,0
24377,201,1
24377,202,0
24377,203,0
24379,1,1
24379,2,0
24379,3,1
24379,5,1
24379,6,1
24379,7,1
24379,49,0
24379,50,1
24379,52,1
24379,53,1
24379,54,1
24379,56,1
24379,57,1
24379,59,1
24379,60,1
24379,61,1
24379,63,1
24379,64,1
24379,65,1
24379,66,1
24379,67,1
24379,72,1
24379,73,1
24379,74,1
24379,82,1
24379,83,1
24379,84,1
24379,86,1
24379,87,1
24379,88,1
24379,90,1
24379,91,1
24379,92,1
24379,93,1
24379,147,1
24379,148,0
24379,149,0
24379,150,0
24379,194,0
24379,196,0
24379,197,0
24379,198,0
24379,200,0
24379,201,1
24379,202,0
24379,203,0
24640,1,1
24640,2,0
24640,3,1
24640,5,1
24640,6,1
24640,7,1
24640,29,1
24640,30,0
24640,31,1
24640,32,0
24640,33,0
24640,34,0
24640,35,0
24640,36,0
24640,37,0
24640,39,0
24640,40,0
24640,41,0
24640,49,1
24640,50,1
24640,52,1
24640,53,1
24640,54,1
24640,56,1
24640,57,1
24640,59,1
24640,60,1
24640,61,1
24640,63,1
24640,64,1
24640,65,1
24640,66,1
24640,67,1
24640,72,1
24640,73,1
24640,74,1
24640,82,1
24640,83,1
24640,84,1
24640,86,1
24640,87,1
24640,88,1
24640,90,1
24640,91,1
24640,92,1
24640,93,1
24640,147,1
24640,148,0
24640,149,0
24640,150,0
24640,194,0
24640,196,0
24640,197,0
24640,198,0
24640,200,0
24640,201,0
24640,202,0
24640,203,0
24766,1,1
24766,2,1
24766,3,0
24766,5,1
24766,6,1
24766,7,1
24766,49,1
24766,50,1
24766,52,1
24766,53,1
24766,54,1
24766,56,1
24766,57,1
24766,59,1
24766,60,1
24766,61,1
24766,63,1
24766,64,1
24766,65,1
24766,66,1
24766,67,1
24766,72,1
24766,73,1
24766,74,1
24766,82,1
24766,83,1
24766,84,1
24766,86,1
24766,87,1
24766,88,1
24766,90,1
24766,91,1
24766,92,1
24766,93,1
24766,147,1
24766,148,0
24766,149,0
24766,150,0
24766,194,0
24766,196,0
24766,197,0
24766,198,0
24766,200,0
24766,201,0
24766,202,0
24766,203,0
24770,1,1
24770,2,1
24770,3,0
24770,5,1
24770,6,1
24770,7,1
24770,9,1
24770,10,0
24770,11,0
24770,12,0
24770,49,1
24770,50,1
24770,52,1
24770,53,1
24770,54,1
24770,56,1
24770,57,1
24770,59,1
24770,60,1
24770,61,1
24770,63,1
24770,64,1
24770,65,1
24770,66,1
24770,67,1
24770,72,1
24770,73,1
24770,74,1
24770,82,1
24770,83,1
24770,84,1
24770,86,1
24770,87,1
24770,88,1
24770,90,1
24770,91,1
24770,92,1
24770,93,1
24770,147,0
24770,148,0
24770,149,1
24770,150,0
24770,152,1
24770,153,1
24770,154,1
24770,155,1
24770,157,0
24770,159,0
24770,160,0
24770,164,0
24770,170,0
24770,171,0
24770,172,0
24770,173,0
24770,174,0
24770,175,0
24770,176,0
24770,177,0
24770,178,0
24770,181,0
24770,182,0
24770,183,0
24770,184,0
24770,194,0
24770,196,0
24770,197,0
24770,198,0
24770,200,0
24770,201,1
24770,202,0
24770,203,1
24840,1,1
24840,2,0
24840,3,1
24840,5,1
24840,6,1
24840,7,1
24840,29,1
24840,30,1
24840,31,0
24840,32,0
24840,33,0
24840,34,0
24840,35,0
24840,36,0
24840,37,0
24840,39,0
24840,40,0
24840,41,0
24840,49,1
24840,50,1
24840,52,1
24840,53,1
24840,54,1
24840,56,1
24840,57,1
24840,59,1
24840,60,1
24840,61,1
24840,63,1
24840,64,1
24840,65,1
24840,66,1
24840,67,1
24840,72,1
24840,73,1
24840,74,1
24840,82,1
24840,83,1
24840,84,1
24840,86,1
24840,87,1
24840,88,1
24840,90,1
24840,91,1
24840,92,1
24840,93,1
24840,147,1
24840,148,0
24840,149,0
24840,150,0
24840,194,0
24840,196,0
24840,197,0
24840,198,0
24840,200,0
24840,201,1
24840,202,1
24840,203,0
25040,1,1
25040,2,0
25040,3,1
25040,5,1
25040,6,1
25040,7,1
25040,72,1
25040,73,1
25040,74,1
25040,82,1
25040,83,1
25040,84,1
25040,86,1
25040,87,1
25040,88,1
25040,90,1
25040,91,1
25040,92,1
25040,93,1
25040,147,1
25040,148,0
25040,149,0
25040,150,0
25040,194,0
25040,196,0
25040,197,0
25040,198,0
25040,200,0
25040,201,0
25040,202,0
25040,203,0
25041,1,1
25041,2,0
25041,3,1
25041,5,1
25041,6,1
25041,7,1
25041,9,0
25041,10,1
25041,11,0
25041,12,0
25041,49,1
25041,50,1
25041,52,1
25041,53,1
25041,54,1
25041,56,1
25041,57,1
25041,59,1
25041,60,1
25041,61,1
25041,63,1
25041,64,1
25041,65,1
25041,66,1
25041,67,1
25041,72,1
25041,73,1
25041,74,1
25041,82,1
25041,83,1
25041,84,1
25041,86,1
25041,87,1
25041,88,1
25041,90,1
25041,91,1
25041,92,1
25041,93,1
25041,147,0
25041,148,1
25041,149,0
25041,150,0
25041,152,1
25041,153,1
25041,154,1
25041,155,0
25041,157,0
25041,159,0
25041,160,0
25041,164,0
25041,170,0
25041,171,0
25041,172,0
25041,173,0
25041,174,0
25041,175,0
25041,176,0
25041,177,0
25041,178,0
25041,181,0
25041,182,0
25041,183,0
25041,184,0
25041,194,0
25041,196,0
25041,197,0
25041,198,0
25041,200,0
25041,201,1
25041,202,0
25041,203,0
25043,1,1
25043,2,0
25043,3,1
25043,5,1
25043,6,1
25043,7,1
25043,49,1
25043,50,1
25043,52,1
25043,53,1
25043,54,1
25043,56,1
25043,57,1
25043,59,1
25043,60,1
25043,61,1
25043,63,1
25043,64,1
25043,65,1
25043,66,1
25043,67,1
25043,72,1
25043,73,1
25043,74,1
25043,82,1
25043,83,1
25043,84,1
25043,86,1
25043,87,1
25043,88,1
25043,90,1
25043,91,1
25043,92,1
25043,93,1
25043,147,1
25043,148,0
25043,149,0
25043,150,0
25043,194,0
25043,196,0
25043,197,0
25043,198,0
25043,200,0
25043,201,1
25043,202,0
25043,203,0
25047,1,1
25047,2,1
25047,3,0
25047,5,1
25047,6,1
25047,7,1
25047,49,0
25047,50,0
25047,52,1
25047,53,1
25047,54,1
25047,56,1
25047,57,1
25047,59,1
25047,60,1
25047,61,1
25047,63,1
25047,64,1
25047,65,1
25047,66,1
25047,67,1
25047,72,0
25047,73,0
25047,74,0
25047,82,1
25047,83,1
25047,84,1
25047,86,1
25047,87,1
25047,88,1
25047,90,0
25047,91,0
25047,92,0
25047,93,0
25047,147,1
25047,148,0
25047,149,0
25047,150,0
25047,194,0
25047,196,0
25047,197,0
25047,198,0
25047,200,0
25047,201,0
25047,202,0
25047,203,0
25048,1,1
25048,2,1
25048,3,0
25048,5,1
25048,6,1
25048,7,1
25048,49,1
25048,50,1
25048,52,1
25048,53,1
25048,54,1
25048,56,1
25048,57,1
25048,59,1
25048,60,1
25048,61,1
25048,63,1
25048,64,1
25048,65,1
25048,66,1
25048,67,1
25048,72,1
25048,73,1
25048,74,1
25048,82,1
25048,83,1
25048,84,1
25048,86,1
25048,87,1
25048,88,1
25048,90,1
25048,91,1
25048,92,1
25048,93,0
25048,147,1
25048,148,0
25048,149,0
25048,150,0
25048,194,0
25048,196,0
25048,197,0
25048,198,0
25048,200,0
25048,201,1
25048,202,0
25048,203,0
25050,1,1
25050,2,0
25050,3,1
25050,5,1
25050,6,1
25050,7,1
25050,29,1
25050,32,0
25050,33,0
25050,34,0
25050,35,0
25050,36,0
25050,37,0
25050,39,0
25050,40,0
25050,41,0
25050,49,1
25050,50,1
25050,52,1
25050,53,1
25050,54,1
25050,56,1
25050,57,1
25050,59,1
25050,60,1
25050,61,1
25050,63,1
25050,64,1
25050,65,1
25050,66,1
25050,67,1
25050,72,1
25050,73,1
25050,74,1
25050,82,1
25050,83,1
25050,84,1
25050,86,1
25050,87,1
25050,88,1
25050,90,1
25050,91,1
25050,92,1
25050,93,1
25050,147,1
25050,148,0
25050,149,0
25050,150,0
25050,194,0
25050,196,0
25050,197,0
25050,198,0
25050,200,0
25050,201,1
25050,202,0
25050,203,0
25051,1,1
25051,2,0
25051,3,1
25051,5,1
25051,6,1
25051,7,1
25051,9,1
25051,10,0
25051,11,0
25051,12,0
25051,29,0
25051,30,0
25051,31,0
25051,32,0
25051,33,0
25051,34,0
25051,35,1
25051,36,1
25051,37,0
25051,39,0
25051,40,0
25051,41,0
25051,49,1
25051,50,1
25051,52,1
25051,53,1
25051,54,1
25051,56,1
25051,57,1
25051,59,1
25051,60,1
25051,61,1
25051,63,1
25051,64,1
25051,65,1
25051,66,1
25051,67,1
25051,72,1
25051,73,1
25051,74,1
25051,82,1
25051,83,1
25051,84,1
25051,86,1
25051,87,1
25051,88,1
25051,90,1
25051,91,1
25051,92,1
25051,93,1
25051,147,0
25051,148,1
25051,149,0
25051,150,0
25051,152,1
25051,153,1
25051,154,0
25051,155,1
25051,157,0
25051,159,0
25051,160,0
25051,164,0
25051,170,0
25051,171,0
25051,172,0
25051,173,0
25051,174,0
25051,175,0
25051,176,0
25051,177,0
25051,178,0
25051,181,0
25051,182,0
25051,183,0
25051,184,0
25051,194,0
25051,196,0
25051,197,0
25051,198,0
25051,200,0
25051,201,1
25051,202,0
25051,203,1
25053,1,1
25053,2,0
25053,3,1
25053,5,1
25053,6,1
25053,7,1
25053,29,1
25053,30,1
25053,31,0
25053,32,0
25053,33,0
25053,34,0
25053,35,0
25053,36,0
25053,37,0
25053,39,0
25053,40,0
25053,41,0
25053,49,1
25053,50,1
25053,52,1
25053,53,1
25053,54,1
25053,56,1
25053,57,1
25053,59,1
25053,60,1
25053,61,1
25053,63,1
25053,64,1
25053,65,1
25053,66,1
25053,67,1
25053,72,0
25053,73,1
25053,74,1
25053,82,1
25053,83,1
25053,84,1
25053,86,1
25053,87,1
25053,88,1
25053,90,1
25053,91,1
25053,92,1
25053,93,1
25053,147,1
25053,148,0
25053,149,0
25053,150,0
25053,194,0
25053,196,0
25053,197,0
25053,198,0
25053,200,0
25053,201,1
25053,202,0
25053,203,0
25054,1,1
25054,2,0
25054,3,1
25054,49,1
25054,50,1
25054,52,1
25054,53,1
25054,54,1
25054,56,1
25054,57,1
25054,59,1
25054,60,1
25054,61,1
25054,63,1
25054,64,1
25054,65,1
25054,66,1
25054,67,1
25054,72,0
25054,73,0
25054,74,1
25054,82,1
25054,83,1
25054,84,1
25054,86,1
25054,87,1
25054,88,1
25054,90,1
25054,91,1
25054,92,1
25054,93,1
25054,147,1
25054,148,0
25054,149,0
25054,150,0
25056,1,1
25056,2,1
25056,3,0
25056,5,1
25056,6,1
25056,7,1
25056,49,1
25056,50,1
25056,52,1
25056,53,1
25056,54,1
25056,56,1
25056,57,1
25056,59,1
25056,60,1
25056,61,1
25056,63,1
25056,64,1
25056,65,1
25056,66,1
25056,67,1
25056,72,0
25056,73,1
25056,74,1
25056,82,1
25056,83,1
25056,84,1
25056,86,1
25056,87,1
25056,88,1
25056,90,1
25056,91,1
25056,92,1
25056,93,1
25056,147,1
25056,148,0
25056,149,0
25056,150,0
25056,194,0
25056,196,0
25056,197,0
25056,198,0
25056,200,0
25056,201,1
25056,202,0
25056,203,0
25061,1,1
25061,2,0
25061,3,1
25061,5,1
25061,6,1
25061,7,1
25061,29,0
25061,30,0
25061,31,0
25061,32,0
25061,33,0
25061,34,0
25061,35,1
25061,36,1
25061,37,0
25061,39,0
25061,40,0
25061,41,0
25061,49,1
25061,50,1
25061,52,1
25061,53,1
25061,54,1
25061,56,1
25061,57,1
25061,59,1
25061,60,1
25061,61,1
25061,63,1
25061,64,1
25061,65,1
25061,66,1
25061,67,1
25061,72,0
25061,73,1
25061,74,1
25061,76,1
25061,77,1
25061,78,1
25061,79,1
25061,80,1
25061,82,1
25061,83,1
25061,84,1
25061,86,1
25061,87,1
25061,88,1
25061,90,1
25061,91,0
25061,92,0
25061,93,0
25061,147,1
25061,148,0
25061,149,0
25061,150,0
25061,194,0
25061,196,0
25061,197,0
25061,198,0
25061,200,0
25061,201,1
25061,202,0
25061,203,0
25068,1,1
25068,2,0
25068,3,1
25068,5,1
25068,6,1
25068,7,1
25068,49,1
25068,50,1
25068,52,1
25068,53,1
25068,54,1
25068,56,1
25068,57,1
25068,59,1
25068,60,1
25068,61,1
25068,63,1
25068,64,1
25068,65,1
25068,66,1
25068,67,1
25068,72,0
25068,73,1
25068,74,1
25068,82,1
25068,83,1
25068,84,1
25068,86,1
25068,87,1
25068,88,1
25068,90,1
25068,91,1
25068,92,0
25068,93,0
25068,147,1
25068,148,0
25068,149,0
25068,150,0
25068,194,0
25068,196,0
25068,197,0
25068,198,0
25068,200,0
25068,201,1
25068,202,0
25068,203,0
25074,1,1
25074,2,0
25074,3,1
25074,5,1
25074,6,1
25074,7,1
25074,9,0
25074,10,1
25074,11,0
25074,12,0
25074,29,0
25074,30,0
25074,31,0
25074,32,0
25074,33,0
25074,34,0
25074,35,0
25074,36,0
25074,37,0
25074,39,1
25074,49,1
25074,50,1
25074,52,1
25074,53,1
25074,54,1
25074,56,1
25074,57,1
25074,59,1
25074,60,1
25074,61,1
25074,63,1
25074,64,1
25074,65,1
25074,66,1
25074,67,1
25074,72,1
25074,73,1
25074,74,1
25074,82,1
25074,83,1
25074,84,1
25074,86,1
25074,87,1
25074,88,1
25074,90,1
25074,91,1
25074,92,1
25074,93,1
25074,147,0
25074,148,0
25074,149,0
25074,150,1
25074,152,1
25074,153,1
25074,154,1
25074,155,0
25074,157,0
25074,159,0
25074,160,0
25074,164,0
25074,170,1
25074,171,1
25074,172,0
25074,173,0
25074,174,1
25074,175,1
25074,176,0
25074,177,0
25074,178,0
25074,181,0
25074,182,0
25074,183,0
25074,184,0
25074,194,1
25074,196,1
25074,197,0
25074,198,0
25074,200,0
25074,201,1
25074,202,0
25074,203,0
25078,1,1
25078,2,0
25078,3,1
25078,5,1
25078,6,1
25078,7,1
25078,29,0
25078,30,0
25078,31,0
25078,32,1
25078,33,0
25078,34,1
25078,35,0
25078,36,0
25078,37,0
25078,39,0
25078,40,0
25078,41,0
25078,72,1
25078,73,1
25078,74,1
25078,82,1
25078,83,1
25078,84,1
25078,90,1
25078,91,1
25078,92,1
25078,93,1
25078,147,1
25078,148,0
25078,149,0
25078,150,0
25078,194,0
25078,196,0
25078,197,0
25078,198,0
25078,200,0
25078,201,1
25078,202,0
25078,203,0
25079,1,1
25079,2,0
25079,3,1
25079,5,1
25079,6,1
25079,7,1
25079,49,1
25079,50,1
25079,52,1
25079,53,1
25079,54,1
25079,56,1
25079,57,1
25079,59,1
25079,60,1
25079,61,1
25079,63,1
25079,64,1
25079,65,1
25079,66,1
25079,67,1
25079,72,1
25079,73,1
25079,74,1
25079,82,1
25079,83,1
25079,84,1
25079,86,1
25079,87,1
25079,88,1
25079,90,1
25079,91,1
25079,92,1
25079,93,1
25079,147,1
25079,148,0
25079,149,0
25079,150,0
25079,194,0
25079,196,0
25079,197,0
25079,198,0
25079,200,0
25079,201,0
25079,202,0
25079,203,0
25083,1,1
25083,2,0
25083,3,1
25083,5,1
25083,6,1
25083,7,1
25083,29,1
25083,30,1
25083,31,0
25083,32,0
25083,33,0
25083,34,0
25083,35,0
25083,36,0
25083,37,0
25083,39,0
25083,40,0
25083,41,0
25083,147,1
25083,148,0
25083,149,0
25083,150,0
25083,194,0
25083,196,0
25083,197,0
25083,198,0
25083,200,0
25083,201,0
25083,202,0
25083,203,0
25091,1,1
25091,2,1
25091,3,0
25091,5,1
25091,6,1
25091,7,1
25091,9,1
25091,10,0
25091,11,0
25091,12,0
25091,29,1
25091,32,0
25091,33,0
25091,34,0
25091,35,0
25091,36,0
25091,37,0
25091,39,0
25091,40,0
25091,41,0
25091,72,1
25091,73,1
25091,74,1
25091,82,1
25091,83,1
25091,84,1
25091,86,1
25091,87,1
25091,88,1
25091,90,1
25091,91,1
25091,92,1
25091,93,1
25091,147,1
25091,148,0
25091,149,0
25091,150,0
25091,194,0
25091,196,0
25091,197,0
25091,198,0
25091,200,0
25091,201,0
25091,202,0
25091,203,0
25099,1,1
25099,2,1
25099,3,0
25099,5,1
25099,6,1
25099,7,1
25099,9,1
25099,10,0
25099,11,0
25099,12,0
25099,29,1
25099,30,1
25099,31,0
25099,32,0
25099,33,0
25099,34,0
25099,35,0
25099,36,0
25099,37,0
25099,39,0
25099,40,0
25099,41,0
25099,49,1
25099,50,1
25099,52,1
25099,53,1
25099,54,1
25099,56,1
25099,57,1
25099,59,1
25099,60,1
25099,61,1
25099,63,1
25099,64,1
25099,65,1
25099,66,1
25099,67,1
25099,72,1
25099,73,1
25099,74,1
25099,82,1
25099,83,1
25099,84,1
25099,86,1
25099,87,1
25099,88,1
25099,90,1
25099,91,1
25099,92,1
25099,93,1
25099,147,1
25099,148,0
25099,149,0
25099,150,0
25099,194,0
25099,196,0
25099,197,0
25099,198,0
25099,200,0
25099,201,1
25099,202,0
25099,203,0
25100,1,1
25100,2,0
25100,3,1
25100,5,1
25100,6,1
25100,7,1
25100,9,0
25100,10,0
25100,11,0
25100,12,0
25100,29,1
25100,32,0
25100,33,0
25100,34,0
25100,35,0
25100,36,0
25100,37,0
25100,39,0
25100,40,0
25100,41,0
25100,49,1
25100,50,1
25100,52,1
25100,53,1
25100,54,1
25100,56,0
25100,57,1
25100,59,1
25100,60,1
25100,61,1
25100,63,1
25100,64,1
25100,65,1
25100,66,1
25100,67,1
25100,72,1
25100,73,1
25100,74,1
25100,82,1
25100,83,1
25100,84,1
25100,86,1
25100,87,1
25100,88,1
25100,90,1
25100,91,1
25100,92,1
25100,93,1
25100,147,1
25100,148,0
25100,149,0
25100,150,0
25100,194,1
25100,196,1
25100,197,0
25100,198,0
25100,200,0
25100,201,1
25100,202,0
25100,203,0
25106,1,1
25106,2,0
25106,3,1
25106,5,1
25106,6,1
25106,7,1
25106,49,0
25106,50,0
25106,52,0
25106,53,0
25106,54,1
25106,56,0
25106,57,0
25106,59,1
25106,60,1
25106,61,1
25106,63,0
25106,64,0
25106,65,0
25106,66,0
25106,67,0
25106,72,1
25106,73,1
25106,74,1
25106,82,1
25106,83,1
25106,84,0
25106,86,1
25106,87,1
25106,88,1
25106,90,1
25106,91,1
25106,92,1
25106,93,0
25106,147,1
25106,148,0
25106,149,0
25106,150,0
25106,194,1
25106,196,0
25106,197,0
25106,198,0
25106,200,0
25106,201,1
25106,202,0
25106,203,0
25109,1,1
25109,2,0
25109,3,1
25109,5,1
25109,6,1
25109,7,1
25109,29,1
25109,30,1
25109,31,0
25109,32,0
25109,33,0
25109,34,0
25109,35,0
25109,36,0
25109,37,0
25109,39,0
25109,40,0
25109,41,0
25109,147,1
25109,148,0
25109,149,0
25109,150,0
25109,194,0
25109,196,0
25109,197,0
25109,198,0
25109,200,0
25109,201,0
25109,202,0
25109,203,0
25110,1,1
25110,2,0
25110,3,1
25110,5,1
25110,6,1
25110,7,1
25110,49,1
25110,50,1
25110,52,1
25110,53,1
25110,54,1
25110,56,1
25110,57,1
25110,59,1
25110,60,1
25110,61,1
25110,63,1
25110,64,1
25110,65,1
25110,66,1
25110,67,1
25110,72,1
25110,73,1
25110,74,1
25110,82,1
25110,83,1
25110,84,1
25110,86,1
25110,87,1
25110,88,1
25110,90,1
25110,91,1
25110,92,1
25110,93,1
25110,147,0
25110,148,1
25110,149,0
25110,150,0
25110,152,1
25110,153,1
25110,154,1
25110,155,0
25110,157,0
25110,159,0
25110,160,0
25110,164,0
25110,170,0
25110,171,0
25110,172,0
25110,173,0
25110,174,0
25110,175,0
25110,176,0
25110,177,0
25110,178,0
25110,181,0
25110,182,0
25110,183,0
25110,184,0
25110,194,0
25110,196,0
25110,197,0
25110,198,0
25110,200,0
25110,201,1
25110,202,0
25110,203,0
25112,1,1
25112,2,1
25112,3,0
25112,5,1
25112,6,1
25112,7,1
25112,29,1
25112,30,1
25112,31,0
25112,32,0
25112,33,0
25112,34,0
25112,35,0
25112,36,0
25112,37,0
25112,39,0
25112,40,0
25112,41,0
25112,49,1
25112,50,1
25112,52,1
25112,53,1
25112,54,1
25112,56,1
25112,57,1
25112,59,1
25112,60,1
25112,61,1
25112,63,1
25112,64,1
25112,65,1
25112,66,1
25112,67,1
25112,72,1
25112,73,1
25112,74,1
25112,82,1
25112,83,1
25112,84,1
25112,86,1
25112,87,1
25112,88,1
25112,90,1
25112,91,1
25112,92,1
25112,93,1
25112,147,0
25112,148,0
25112,149,1
25112,150,0
25112,152,1
25112,153,1
25112,154,0
25112,155,1
25112,157,1
25112,159,0
25112,160,1
25112,164,0
25112,170,1
25112,171,0
25112,172,0
25112,173,0
25112,174,0
25112,175,0
25112,176,0
25112,177,0
25112,178,0
25112,181,0
25112,182,0
25112,183,0
25112,184,0
25112,194,0
25112,196,0
25112,197,0
25112,198,0
25112,200,0
25112,201,1
25112,202,0
25112,203,0
25116,1,1
25116,2,0
25116,3,1
25116,5,1
25116,6,1
25116,7,1
25116,9,0
25116,10,1
25116,11,0
25116,12,0
25116,29,0
25116,30,0
25116,31,0
25116,32,1
25116,33,0
25116,34,1
25116,35,0
25116,36,0
25116,37,0
25116,39,0
25116,40,0
25116,41,0
25116,72,1
25116,73,1
25116,74,1
25116,82,1
25116,83,1
25116,84,1
25116,86,1
25116,87,1
25116,88,1
25116,90,1
25116,91,1
25116,92,1
25116,93,1
25116,147,1
25116,148,0
25116,149,0
25116,150,0
25116,194,0
25116,196,0
25116,197,0
25116,198,0
25116,200,0
25116,201,0
25116,202,0
25116,203,0
25118,1,1
25118,2,0
25118,3,1
25118,5,1
25118,6,1
25118,7,1
25118,49,1
25118,50,1
25118,52,1
25118,53,1
25118,54,1
25118,56,0
25118,57,1
25118,59,1
25118,60,1
25118,61,1
25118,63,1
25118,64,1
25118,65,1
25118,66,1
25118,67,1
25118,72,1
25118,73,1
25118,74,1
25118,82,1
25118,83,1
25118,84,1
25118,86,1
25118,87,1
25118,88,1
25118,90,1
25118,91,1
25118,92,1
25118,93,1
25118,147,1
25118,148,0
25118,149,0
25118,150,0
25118,194,0
25118,196,0
25118,197,0
25118,198,0
25118,200,0
25118,201,1
25118,202,0
25118,203,0
25120,1,1
25120,2,0
25120,3,1
25120,5,1
25120,6,1
25120,7,1
25120,72,1
25120,73,1
25120,74,1
25120,82,1
25120,83,1
25120,84,1
25120,86,1
25120,87,1
25120,88,1
25120,90,1
25120,91,1
25120,92,1
25120,93,0
25120,147,1
25120,148,0
25120,149,0
25120,150,0
25120,194,1
25120,196,0
25120,197,0
25120,198,0
25120,200,0
25120,201,1
25120,202,0
25120,203,0
25124,1,1
25124,2,0
25124,3,1
25124,5,1
25124,6,1
25124,7,1
25124,29,0
25124,30,0
25124,31,0
25124,32,0
25124,33,0
25124,34,0
25124,35,0
25124,36,0
25124,37,0
25124,39,1
25124,49,1
25124,50,1
25124,52,1
25124,53,1
25124,54,1
25124,56,1
25124,57,1
25124,59,1
25124,60,1
25124,61,1
25124,63,1
25124,64,1
25124,65,1
25124,66,1
25124,67,1
25124,72,1
25124,73,1
25124,74,1
25124,82,1
25124,83,1
25124,84,1
25124,86,1
25124,87,1
25124,88,1
25124,90,1
25124,91,1
25124,92,1
25124,93,1
25124,147,1
25124,148,0
25124,149,0
25124,150,0
25124,194,0
25124,196,0
25124,197,0
25124,198,0
25124,200,0
25124,201,1
25124,202,0
25124,203,0
25125,1,1
25125,2,1
25125,3,0
25125,5,1
25125,6,1
25125,7,1
25125,56,1
25125,57,1
25125,59,1
25125,60,1
25125,61,1
25125,63,1
25125,64,1
25125,65,1
25125,66,1
25125,67,1
25125,72,1
25125,73,1
25125,74,1
25125,82,1
25125,83,1
25125,84,1
25125,86,1
25125,87,1
25125,88,1
25125,90,1
25125,91,1
25125,92,1
25125,93,1
25125,147,1
25125,148,0
25125,149,0
25125,150,0
25125,194,0
25125,196,0
25125,197,0
25125,198,0
25125,200,0
25125,201,1
25125,202,0
25125,203,0
25126,1,1
25126,2,0
25126,3,1
25126,5,1
25126,6,1
25126,7,1
25126,72,1
25126,73,1
25126,74,1
25126,82,1
25126,83,1
25126,84,1
25126,86,1
25126,87,1
25126,88,1
25126,90,1
25126,91,1
25126,92,1
25126,93,1
25126,147,1
25126,148,0
25126,149,0
25126,150,0
25126,194,0
25126,196,0
25126,197,0
25126,198,0
25126,200,0
25126,201,1
25126,202,0
25126,203,0
25127,1,1
25127,2,0
25127,3,1
25127,5,1
25127,6,1
25127,7,1
25127,49,1
25127,50,1
25127,52,1
25127,53,1
25127,54,1
25127,56,1
25127,57,1
25127,59,1
25127,60,1
25127,61,1
25127,63,1
25127,64,1
25127,65,1
25127,66,1
25127,67,1
25127,72,1
25127,73,1
25127,74,1
25127,82,1
25127,83,1
25127,84,1
25127,86,1
25127,87,1
25127,88,1
25127,90,1
25127,91,1
25127,92,1
25127,93,0
25127,147,1
25127,148,0
25127,149,0
25127,150,0
25127,194,0
25127,196,0
25127,197,0
25127,198,0
25127,200,0
25127,201,0
25127,202,0
25127,203,1
25128,1,1
25128,2,0
25128,3,1
25128,5,1
25128,6,1
25128,7,1
25128,72,1
25128,73,1
25128,74,1
25128,82,1
25128,83,1
25128,84,1
25128,86,1
25128,87,1
25128,88,1
25128,90,1
25128,91,1
25128,92,1
25128,93,1
25128,147,1
25128,148,0
25128,149,0
25128,150,0
25128,194,0
25128,196,0
25128,197,0
25128,198,0
25128,200,0
25128,201,0
25128,202,0
25128,203,0
25129,1,1
25129,2,1
25129,3,0
25129,5,1
25129,6,1
25129,7,1
25129,72,1
25129,73,1
25129,74,1
25129,82,1
25129,83,1
25129,84,1
25129,90,1
25129,91,1
25129,92,1
25129,93,1
25129,147,1
25129,148,0
25129,149,0
25129,150,0
25129,194,0
25129,196,0
25129,197,0
25129,198,0
25129,200,0
25129,201,1
25129,202,0
25129,203,0
25131,1,1
25131,2,1
25131,3,0
25131,5,1
25131,6,1
25131,7,1
25131,49,1
25131,50,1
25131,52,1
25131,53,1
25131,54,1
25131,56,0
25131,57,1
25131,59,1
25131,60,1
25131,61,1
25131,63,1
25131,64,1
25131,65,1
25131,66,1
25131,67,1
25131,72,1
25131,73,1
25131,74,1
25131,82,1
25131,83,1
25131,84,1
25131,86,1
25131,87,1
25131,88,1
25131,90,1
25131,91,1
25131,92,1
25131,93,1
25131,147,1
25131,148,0
25131,149,0
25131,150,0
25131,194,0
25131,196,0
25131,197,0
25131,198,0
25131,200,0
25131,201,0
25131,202,0
25131,203,0
25133,1,1
25133,2,1
25133,3,0
25133,5,1
25133,6,1
25133,7,1
25133,29,0
25133,30,0
25133,31,0
25133,32,0
25133,33,0
25133,34,0
25133,35,1
25133,36,1
25133,37,0
25133,39,0
25133,40,0
25133,41,0
25133,49,0
25133,50,0
25133,52,0
25133,53,0
25133,54,1
25133,56,0
25133,57,1
25133,59,1
25133,60,1
25133,61,1
25133,63,0
25133,64,0
25133,65,1
25133,66,1
25133,67,1
25133,72,1
25133,73,1
25133,74,1
25133,82,1
25133,83,1
25133,84,1
25133,86,1
25133,87,1
25133,88,1
25133,90,1
25133,91,0
25133,92,0
25133,93,0
25133,147,0
25133,148,1
25133,149,0
25133,150,0
25133,152,1
25133,153,1
25133,154,0
25133,155,1
25133,157,0
25133,159,0
25133,160,0
25133,164,0
25133,170,0
25133,171,0
25133,172,0
25133,173,0
25133,174,0
25133,175,0
25133,176,0
25133,177,0
25133,178,0
25133,181,0
25133,182,0
25133,183,0
25133,184,0
25133,194,0
25133,196,0
25133,197,0
25133,198,0
25133,200,0
25133,201,1
25133,202,0
25133,203,0
25227,1,1
25227,2,0
25227,3,1
25227,5,1
25227,6,1
25227,7,1
25227,29,1
25227,30,0
25227,31,1
25227,32,0
25227,33,0
25227,34,0
25227,35,0
25227,36,0
25227,37,0
25227,39,0
25227,40,0
25227,41,0
25227,49,1
25227,50,1
25227,52,1
25227,53,1
25227,54,1
25227,56,1
25227,57,1
25227,59,1
25227,60,1
25227,61,1
25227,63,1
25227,64,1
25227,65,1
25227,66,1
25227,67,1
25227,72,1
25227,73,1
25227,74,1
25227,82,1
25227,83,1
25227,84,1
25227,86,1
25227,87,1
25227,88,1
25227,90,1
25227,91,1
25227,92,1
25227,93,1
25227,147,1
25227,148,0
25227,149,0
25227,150,0
25227,194,0
25227,196,0
25227,197,0
25227,198,0
25227,200,0
25227,201,1
25227,202,0
25227,203,0
25245,1,1
25245,2,0
25245,3,1
25245,5,1
25245,6,1
25245,7,1
25245,29,1
25245,30,1
25245,31,0
25245,32,0
25245,33,0
25245,34,0
25245,35,0
25245,36,0
25245,37,0
25245,39,0
25245,40,0
25245,41,0
25245,49,1
25245,50,1
25245,52,1
25245,53,1
25245,54,1
25245,56,1
25245,57,1
25245,59,1
25245,60,1
25245,61,1
25245,63,0
25245,64,1
25245,65,1
25245,66,1
25245,67,1
25245,72,1
25245,73,1
25245,74,1
25245,82,1
25245,83,1
25245,84,1
25245,86,1
25245,87,1
25245,88,1
25245,90,1
25245,91,1
25245,92,1
25245,93,1
25245,147,1
25245,148,0
25245,149,0
25245,150,0
25245,194,0
25245,196,0
25245,197,0
25245,198,0
25245,200,0
25245,201,1
25245,202,0
25245,203,0
25248,1,1
25248,2,0
25248,3,1
25248,5,1
25248,6,1
25248,7,1
25248,29,1
25248,30,1
25248,31,0
25248,32,0
25248,33,0
25248,34,0
25248,35,0
25248,36,0
25248,37,0
25248,39,0
25248,40,0
25248,41,0
25248,49,1
25248,50,1
25248,52,1
25248,53,1
25248,54,1
25248,56,1
25248,57,1
25248,59,1
25248,60,1
25248,61,1
25248,63,1
25248,64,1
25248,65,1
25248,66,1
25248,67,1
25248,72,1
25248,73,1
25248,74,1
25248,82,1
25248,83,1
25248,84,1
25248,86,1
25248,87,1
25248,88,1
25248,90,1
25248,91,1
25248,92,1
25248,93,1
25248,147,1
25248,148,0
25248,149,0
25248,150,0
25248,194,0
25248,196,0
25248,197,0
25248,198,0
25248,200,0
25248,201,1
25248,202,0
25248,203,0
25250,1,1
25250,2,1
25250,3,0
25250,5,1
25250,6,1
25250,7,1
25250,29,1
25250,30,0
25250,31,1
25250,32,0
25250,33,0
25250,34,0
25250,35,0
25250,36,0
25250,37,0
25250,39,0
25250,40,0
25250,41,0
25250,49,1
25250,50,1
25250,52,1
25250,53,1
25250,54,1
25250,56,1
25250,57,1
25250,59,1
25250,60,1
25250,61,1
25250,63,1
25250,64,1
25250,65,1
25250,66,1
25250,67,1
25250,72,1
25250,73,1
25250,74,1
25250,82,1
25250,83,1
25250,84,1
25250,86,1
25250,87,1
25250,88,1
25250,90,1
25250,91,1
25250,92,1
25250,93,1
25250,147,1
25250,148,0
25250,149,0
25250,150,0
25250,194,0
25250,196,0
25250,197,0
25250,198,0
25250,200,0
25250,201,1
25250,202,0
25250,203,0
25251,1,1
25251,2,0
25251,3,1
25251,5,1
25251,6,1
25251,7,1
25251,29,1
25251,30,1
25251,31,0
25251,32,0
25251,33,0
25251,34,0
25251,35,0
25251,36,0
25251,37,0
25251,39,0
25251,40,0
25251,41,0
25251,49,1
25251,50,1
25251,52,1
25251,53,1
25251,54,1
25251,56,1
25251,57,1
25251,59,1
25251,60,1
25251,61,1
25251,63,1
25251,64,1
25251,65,1
25251,66,1
25251,67,1
25251,72,1
25251,73,1
25251,74,1
25251,82,1
25251,83,1
25251,84,1
25251,86,1
25251,87,1
25251,88,1
25251,90,1
25251,91,1
25251,92,1
25251,93,1
25251,147,1
25251,148,0
25251,149,0
25251,150,0
25251,194,0
25251,196,0
25251,197,0
25251,198,0
25251,200,0
25251,201,1
25251,202,0
25251,203,0
25262,1,1
25262,2,0
25262,3,1
25262,5,1
25262,6,1
25262,7,1
25262,72,1
25262,73,1
25262,74,1
25262,82,1
25262,83,1
25262,84,1
25262,86,1
25262,87,1
25262,88,1
25262,90,1
25262,91,1
25262,92,1
25262,93,1
25262,147,1
25262,148,0
25262,149,0
25262,150,0
25262,194,0
25262,196,1
25262,197,0
25262,198,0
25262,200,0
25262,201,1
25262,202,0
25262,203,0
25263,1,1
25263,2,1
25263,3,0
25263,5,1
25263,6,1
25263,7,1
25263,29,1
25263,30,1
25263,31,0
25263,32,0
25263,33,0
25263,34,0
25263,35,0
25263,36,0
25263,37,0
25263,39,0
25263,40,0
25263,41,0
25263,72,1
25263,73,1
25263,74,1
25263,82,1
25263,83,1
25263,84,1
25263,86,1
25263,87,1
25263,88,1
25263,90,1
25263,91,1
25263,92,1
25263,93,1
25263,147,1
25263,148,0
25263,149,0
25263,150,0
25263,194,0
25263,196,0
25263,197,0
25263,198,0
25263,200,0
25263,201,0
25263,202,0
25263,203,0
25265,1,1
25265,2,0
25265,3,1
25265,5,1
25265,6,1
25265,7,1
25265,9,0
25265,10,0
25265,11,1
25265,12,0
25265,29,0
25265,30,0
25265,31,0
25265,32,0
25265,33,0
25265,34,0
25265,35,1
25265,36,1
25265,37,0
25265,39,0
25265,40,0
25265,41,0
25265,49,1
25265,50,1
25265,52,1
25265,53,1
25265,54,1
25265,56,1
25265,57,1
25265,59,1
25265,60,1
25265,61,1
25265,63,1
25265,64,1
25265,65,1
25265,66,1
25265,67,1
25265,72,1
25265,73,1
25265,74,1
25265,82,1
25265,83,1
25265,84,1
25265,86,1
25265,87,1
25265,88,1
25265,90,1
25265,91,1
25265,92,1
25265,93,1
25265,147,1
25265,148,0
25265,149,0
25265,150,0
25265,194,0
25265,196,0
25265,197,0
25265,198,0
25265,200,0
25265,201,1
25265,202,0
25265,203,0
25272,1,1
25272,2,0
25272,3,1
25272,5,1
25272,6,1
25272,7,1
25272,49,1
25272,50,1
25272,52,1
25272,53,1
25272,54,1
25272,56,1
25272,57,1
25272,59,1
25272,60,1
25272,61,1
25272,63,1
25272,64,1
25272,65,1
25272,66,1
25272,67,1
25272,72,1
25272,73,1
25272,74,1
25272,82,1
25272,83,1
25272,84,1
25272,86,1
25272,87,1
25272,88,1
25272,90,1
25272,91,0
25272,92,0
25272,93,0
25272,147,1
25272,148,0
25272,149,0
25272,150,0
25272,194,0
25272,196,0
25272,197,0
25272,198,0
25272,200,0
25272,201,1
25272,202,0
25272,203,0
25276,1,1
25276,2,0
25276,3,1
25276,5,1
25276,6,1
25276,7,1
25276,56,1
25276,57,1
25276,59,1
25276,60,1
25276,61,1
25276,63,1
25276,64,1
25276,65,1
25276,66,1
25276,67,1
25276,72,1
25276,73,1
25276,74,1
25276,82,1
25276,83,1
25276,84,1
25276,86,1
25276,87,1
25276,88,1
25276,90,1
25276,91,1
25276,92,1
25276,93,1
25276,147,1
25276,148,0
25276,149,0
25276,150,0
25276,194,0
25276,196,0
25276,197,0
25276,198,0
25276,200,0
25276,201,1
25276,202,0
25276,203,0
25286,1,1
25286,2,1
25286,3,0
25286,5,1
25286,6,1
25286,7,1
25286,9,1
25286,10,0
25286,11,0
25286,12,0
25286,29,0
25286,30,0
25286,31,0
25286,32,1
25286,33,0
25286,34,1
25286,35,0
25286,36,0
25286,37,0
25286,39,0
25286,40,0
25286,41,0
25286,49,1
25286,50,1
25286,52,1
25286,53,1
25286,54,1
25286,56,1
25286,57,1
25286,59,1
25286,60,1
25286,61,1
25286,63,1
25286,64,1
25286,65,1
25286,66,1
25286,67,1
25286,72,1
25286,73,1
25286,74,1
25286,82,1
25286,83,1
25286,84,1
25286,86,1
25286,87,1
25286,88,1
25286,90,1
25286,91,1
25286,92,1
25286,93,1
25286,147,0
25286,148,1
25286,149,0
25286,150,0
25286,152,1
25286,153,1
25286,154,1
25286,155,0
25286,157,0
25286,159,0
25286,160,0
25286,164,0
25286,170,0
25286,171,0
25286,172,0
25286,173,0
25286,174,0
25286,175,0
25286,176,0
25286,177,0
25286,178,0
25286,181,0
25286,182,0
25286,183,0
25286,184,0
25286,194,0
25286,196,0
25286,197,0
25286,198,0
25286,200,0
25286,201,1
25286,202,0
25286,203,1
25288,1,1
25288,2,0
25288,3,1
25288,5,1
25288,6,1
25288,7,1
25288,49,1
25288,50,1
25288,52,1
25288,53,1
25288,54,1
25288,56,1
25288,57,1
25288,59,1
25288,60,1
25288,61,1
25288,63,1
25288,64,1
25288,65,1
25288,66,1
25288,67,1
25288,72,1
25288,73,1
25288,74,1
25288,82,1
25288,83,1
25288,84,1
25288,86,1
25288,87,1
25288,88,1
25288,90,1
25288,91,1
25288,92,1
25288,93,1
25288,147,1
25288,148,0
25288,149,0
25288,150,0
25288,194,0
25288,196,0
25288,197,0
25288,198,0
25288,200,0
25288,201,1
25288,202,0
25288,203,0
25289,1,1
25289,2,0
25289,3,1
25289,5,1
25289,6,1
25289,7,1
25289,49,1
25289,50,1
25289,52,1
25289,53,1
25289,54,1
25289,56,1
25289,57,1
25289,59,1
25289,60,1
25289,61,1
25289,63,1
25289,64,1
25289,65,1
25289,66,1
25289,67,1
25289,72,1
25289,73,1
25289,74,1
25289,82,1
25289,83,1
25289,84,1
25289,86,1
25289,87,1
25289,88,1
25289,90,1
25289,91,1
25289,92,1
25289,93,1
25289,147,1
25289,148,0
25289,149,0
25289,150,0
25289,194,0
25289,196,0
25289,197,0
25289,198,0
25289,200,0
25289,201,1
25289,202,1
25289,203,0
25292,1,1
25292,2,0
25292,3,1
25292,5,1
25292,6,1
25292,7,1
25292,9,1
25292,10,0
25292,11,0
25292,12,0
25292,29,1
25292,30,1
25292,31,1
25292,32,0
25292,33,0
25292,34,0
25292,35,0
25292,36,0
25292,37,0
25292,39,0
25292,40,0
25292,41,0
25292,49,1
25292,50,1
25292,52,1
25292,53,1
25292,54,1
25292,56,1
25292,57,1
25292,59,1
25292,60,1
25292,61,1
25292,63,1
25292,64,1
25292,65,1
25292,66,1
25292,67,1
25292,72,0
25292,73,1
25292,74,1
25292,82,1
25292,83,1
25292,84,1
25292,86,1
25292,87,1
25292,88,1
25292,90,1
25292,91,1
25292,92,1
25292,93,1
25292,147,1
25292,148,0
25292,149,0
25292,150,0
25292,194,0
25292,196,0
25292,197,0
25292,198,0
25292,200,0
25292,201,1
25292,202,0
25292,203,0
25293,1,1
25293,2,0
25293,3,1
25293,5,1
25293,6,1
25293,7,1
25293,9,0
25293,10,0
25293,11,0
25293,12,1
25293,29,0
25293,30,0
25293,31,0
25293,32,0
25293,33,0
25293,34,0
25293,35,0
25293,36,0
25293,37,0
25293,39,1
25293,49,1
25293,50,1
25293,52,1
25293,53,1
25293,54,1
25293,56,1
25293,57,1
25293,59,1
25293,60,1
25293,61,1
25293,63,1
25293,64,1
25293,65,1
25293,66,1
25293,67,1
25293,72,1
25293,73,1
25293,74,1
25293,82,1
25293,83,1
25293,84,1
25293,86,1
25293,87,1
25293,88,1
25293,90,1
25293,91,1
25293,92,1
25293,93,1
25293,147,1
25293,148,0
25293,149,0
25293,150,0
25293,194,0
25293,196,1
25293,197,0
25293,198,0
25293,200,0
25293,201,1
25293,202,0
25293,203,0
25297,1,1
25297,2,0
25297,3,1
25297,5,1
25297,6,1
25297,7,1
25297,56,1
25297,57,1
25297,59,1
25297,60,1
25297,61,1
25297,63,1
25297,64,1
25297,65,1
25297,66,1
25297,67,1
25297,72,1
25297,73,1
25297,74,1
25297,82,1
25297,83,1
25297,84,1
25297,86,1
25297,87,1
25297,88,1
25297,90,1
25297,91,1
25297,92,1
25297,93,1
25297,147,1
25297,148,0
25297,149,0
25297,150,0
25297,194,0
25297,196,0
25297,197,0
25297,198,0
25297,200,0
25297,201,1
25297,202,0
25297,203,0
25300,1,1
25300,2,0
25300,3,1
25300,5,1
25300,6,1
25300,7,1
25300,49,1
25300,50,1
25300,52,1
25300,53,1
25300,54,1
25300,56,1
25300,57,1
25300,59,1
25300,60,1
25300,61,1
25300,63,1
25300,64,1
25300,65,1
25300,66,1
25300,67,1
25300,72,1
25300,73,1
25300,74,1
25300,82,1
25300,83,1
25300,84,1
25300,86,1
25300,87,1
25300,88,1
25300,90,1
25300,91,1
25300,92,1
25300,93,1
25300,147,1
25300,148,0
25300,149,0
25300,150,0
25300,194,0
25300,196,0
25300,197,0
25300,198,0
25300,200,0
25300,201,0
25300,202,0
25300,203,0
25308,1,1
25308,2,0
25308,3,1
25308,5,1
25308,6,1
25308,7,1
25308,29,1
25308,32,0
25308,33,0
25308,34,0
25308,35,0
25308,36,0
25308,37,0
25308,39,0
25308,40,0
25308,41,0
25308,49,1
25308,50,1
25308,52,1
25308,53,1
25308,54,1
25308,56,1
25308,57,1
25308,59,1
25308,60,1
25308,61,1
25308,63,1
25308,64,1
25308,65,1
25308,66,1
25308,67,1
25308,72,0
25308,73,1
25308,74,1
25308,82,1
25308,83,1
25308,84,1
25308,86,1
25308,87,1
25308,88,1
25308,90,1
25308,91,1
25308,92,1
25308,93,1
25308,147,1
25308,148,0
25308,149,0
25308,150,0
25308,194,0
25308,196,0
25308,197,0
25308,198,0
25308,200,0
25308,201,0
25308,202,0
25308,203,0
25310,1,1
25310,2,1
25310,3,0
25310,5,1
25310,6,1
25310,7,1
25310,49,1
25310,50,1
25310,52,1
25310,53,1
25310,54,1
25310,56,1
25310,57,1
25310,59,1
25310,60,1
25310,61,1
25310,63,1
25310,64,1
25310,65,1
25310,66,1
25310,67,1
25310,72,0
25310,73,1
25310,74,1
25310,82,1
25310,83,1
25310,84,1
25310,86,1
25310,87,1
25310,88,1
25310,90,1
25310,91,1
25310,92,1
25310,93,0
25310,147,1
25310,148,0
25310,149,0
25310,150,0
25310,194,0
25310,196,0
25310,197,0
25310,198,0
25310,200,0
25310,201,0
25310,202,0
25310,203,0
25311,1,1
25311,2,0
25311,3,1
25311,5,1
25311,6,1
25311,7,1
25311,9,0
25311,10,0
25311,11,1
25311,12,0
25311,49,1
25311,50,1
25311,52,1
25311,53,1
25311,54,1
25311,56,1
25311,57,1
25311,59,1
25311,60,1
25311,61,1
25311,63,1
25311,64,1
25311,65,1
25311,66,1
25311,67,1
25311,72,1
25311,73,1
25311,74,1
25311,82,1
25311,83,1
25311,84,1
25311,86,1
25311,87,1
25311,88,1
25311,90,1
25311,91,1
25311,92,0
25311,93,0
25311,147,1
25311,148,0
25311,149,0
25311,150,0
25311,194,0
25311,196,0
25311,197,0
25311,198,0
25311,200,0
25311,201,0
25311,202,0
25311,203,0
25313,1,1
25313,2,0
25313,3,1
25313,5,1
25313,6,1
25313,7,1
25313,72,1
25313,73,1
25313,74,1
25313,82,1
25313,83,1
25313,84,1
25313,90,1
25313,91,1
25313,92,1
25313,93,1
25313,147,1
25313,148,0
25313,149,0
25313,150,0
25313,194,0
25313,196,0
25313,197,0
25313,198,0
25313,200,0
25313,201,0
25313,202,0
25313,203,0
25317,1,1
25317,2,0
25317,3,1
25317,5,1
25317,6,1
25317,7,1
25317,49,1
25317,50,1
25317,52,1
25317,53,1
25317,54,1
25317,56,1
25317,57,1
25317,59,1
25317,60,1
25317,61,1
25317,63,0
25317,64,1
25317,65,1
25317,66,1
25317,67,1
25317,72,1
25317,73,1
25317,74,1
25317,82,1
25317,83,1
25317,84,1
25317,86,1
25317,87,1
25317,88,1
25317,90,1
25317,91,1
25317,92,1
25317,93,1
25317,147,1
25317,148,0
25317,149,0
25317,150,0
25317,194,0
25317,196,0
25317,197,0
25317,198,0
25317,200,0
25317,201,1
25317,202,0
25317,203,0
25318,1,1
25318,2,0
25318,3,1
25318,5,1
25318,6,1
25318,7,1
25318,49,1
25318,50,1
25318,52,1
25318,53,1
25318,54,1
25318,56,1
25318,57,1
25318,59,1
25318,60,1
25318,61,1
25318,63,1
25318,64,1
25318,65,1
25318,66,1
25318,67,1
25318,72,1
25318,73,1
25318,74,1
25318,82,1
25318,83,1
25318,84,1
25318,86,1
25318,87,1
25318,88,1
25318,90,1
25318,91,1
25318,92,1
25318,93,1
25318,147,1
25318,148,0
25318,149,0
25318,150,0
25318,194,0
25318,196,0
25318,197,0
25318,198,0
25318,200,0
25318,201,0
25318,202,0
25318,203,0
25319,1,1
25319,2,0
25319,3,1
25319,5,1
25319,6,1
25319,7,1
25319,29,1
25319,32,0
25319,33,0
25319,34,0
25319,35,0
25319,36,0
25319,37,0
25319,39,0
25319,40,0
25319,41,0
25319,49,1
25319,50,1
25319,52,1
25319,53,1
25319,54,1
25319,56,1
25319,57,1
25319,59,1
25319,60,1
25319,61,1
25319,63,1
25319,64,1
25319,65,1
25319,66,1
25319,67,1
25319,72,1
25319,73,1
25319,74,1
25319,82,1
25319,83,1
25319,84,1
25319,86,1
25319,87,1
25319,88,1
25319,90,1
25319,91,1
25319,92,1
25319,93,1
25319,147,1
25319,148,0
25319,149,0
25319,150,0
25319,194,0
25319,196,0
25319,197,0
25319,198,0
25319,200,0
25319,201,1
25319,202,0
25319,203,0
25324,1,1
25324,2,0
25324,3,1
25324,5,1
25324,6,1
25324,7,1
25324,29,1
25324,32,0
25324,33,0
25324,34,0
25324,35,0
25324,36,0
25324,37,0
25324,39,0
25324,40,0
25324,41,0
25324,49,1
25324,50,1
25324,52,1
25324,53,1
25324,54,1
25324,56,1
25324,57,1
25324,59,1
25324,60,1
25324,61,1
25324,63,1
25324,64,1
25324,65,1
25324,66,1
25324,67,1
25324,72,1
25324,73,1
25324,74,1
25324,82,1
25324,83,1
25324,84,1
25324,86,1
25324,87,1
25324,88,1
25324,90,1
25324,91,1
25324,92,1
25324,93,1
25324,147,1
25324,148,0
25324,149,0
25324,150,0
25324,194,0
25324,196,0
25324,197,0
25324,198,0
25324,200,0
25324,201,1
25324,202,0
25324,203,0
25563,1,1
25563,2,0
25563,3,1
25563,5,1
25563,6,1
25563,7,1
25563,49,1
25563,50,1
25563,52,1
25563,53,1
25563,54,1
25563,56,1
25563,57,1
25563,59,1
25563,60,1
25563,61,1
25563,63,1
25563,64,1
25563,65,1
25563,66,1
25563,67,1
25563,72,1
25563,73,1
25563,74,1
25563,82,1
25563,83,1
25563,84,1
25563,86,1
25563,87,1
25563,88,1
25563,90,1
25563,91,1
25563,92,1
25563,93,1
25563,147,1
25563,148,0
25563,149,0
25563,150,0
25563,194,0
25563,196,0
25563,197,0
25563,198,0
25563,200,0
25563,201,1
25563,202,0
25563,203,0
25592,1,1
25592,2,0
25592,3,1
25592,5,1
25592,6,1
25592,7,1
25592,29,1
25592,30,1
25592,31,0
25592,32,0
25592,33,0
25592,34,0
25592,35,0
25592,36,0
25592,37,0
25592,39,0
25592,40,0
25592,41,0
25592,49,1
25592,50,1
25592,52,1
25592,53,1
25592,54,1
25592,56,1
25592,57,1
25592,59,1
25592,60,1
25592,61,1
25592,63,1
25592,64,1
25592,65,1
25592,66,1
25592,67,1
25592,72,0
25592,73,1
25592,74,1
25592,82,1
25592,83,1
25592,84,1
25592,86,1
25592,87,1
25592,88,1
25592,90,1
25592,91,1
25592,92,1
25592,93,1
25592,147,1
25592,148,0
25592,149,0
25592,150,0
25592,194,0
25592,196,0
25592,197,0
25592,198,0
25592,200,0
25592,201,0
25592,202,0
25592,203,0
25593,1,1
25593,2,0
25593,3,1
25593,5,1
25593,6,1
25593,7,1
25593,72,1
25593,73,1
25593,74,1
25593,82,1
25593,83,1
25593,84,1
25593,86,1
25593,87,1
25593,88,1
25593,90,1
25593,91,1
25593,92,1
25593,93,1
25593,147,1
25593,148,0
25593,149,0
25593,150,0
25593,194,0
25593,196,0
25593,197,0
25593,198,0
25593,200,0
25593,201,0
25593,202,0
25593,203,0
25594,1,1
25594,2,0
25594,3,1
25594,5,1
25594,6,1
25594,7,1
25594,9,0
25594,10,0
25594,11,0
25594,12,1
25594,29,0
25594,30,0
25594,31,0
25594,32,0
25594,33,0
25594,34,0
25594,35,0
25594,36,0
25594,37,0
25594,39,1
25594,49,1
25594,50,1
25594,52,1
25594,53,1
25594,54,1
25594,56,1
25594,57,1
25594,59,1
25594,60,1
25594,61,1
25594,63,1
25594,64,1
25594,65,1
25594,66,1
25594,67,1
25594,72,1
25594,73,1
25594,74,1
25594,82,1
25594,83,1
25594,84,1
25594,86,1
25594,87,1
25594,88,1
25594,90,1
25594,91,0
25594,92,0
25594,93,0
25594,147,1
25594,148,0
25594,149,0
25594,150,0
25594,194,1
25594,196,1
25594,197,0
25594,198,0
25594,200,0
25594,201,1
25594,202,0
25594,203,0
25598,1,1
25598,2,0
25598,3,1
25598,5,1
25598,6,1
25598,7,1
25598,49,1
25598,50,1
25598,52,1
25598,53,1
25598,54,1
25598,56,1
25598,57,1
25598,59,1
25598,60,1
25598,61,1
25598,63,1
25598,64,1
25598,65,1
25598,66,1
25598,67,1
25598,72,1
25598,73,1
25598,74,1
25598,82,1
25598,83,1
25598,84,1
25598,86,1
25598,87,1
25598,88,1
25598,90,1
25598,91,1
25598,92,1
25598,93,0
25598,147,1
25598,148,0
25598,149,0
25598,150,0
25598,194,0
25598,196,0
25598,197,0
25598,198,0
25598,200,0
25598,201,0
25598,202,0
25598,203,0
25599,1,1
25599,2,0
25599,3,1
25599,5,1
25599,6,1
25599,7,1
25599,9,0
25599,10,1
25599,11,0
25599,12,0
25599,49,1
25599,50,1
25599,52,1
25599,53,1
25599,54,1
25599,56,1
25599,57,1
25599,59,1
25599,60,1
25599,61,1
25599,63,1
25599,64,1
25599,65,1
25599,66,1
25599,67,1
25599,72,1
25599,73,1
25599,74,1
25599,82,1
25599,83,1
25599,84,1
25599,86,1
25599,87,1
25599,88,1
25599,90,1
25599,91,1
25599,92,1
25599,93,1
25599,147,1
25599,148,0
25599,149,0
25599,150,0
25599,194,0
25599,196,0
25599,197,0
25599,198,0
25599,200,0
25599,201,1
25599,202,0
25599,203,0
25601,1,1
25601,2,0
25601,3,1
25601,5,1
25601,6,1
25601,7,1
25601,49,1
25601,50,1
25601,52,1
25601,53,1
25601,54,1
25601,56,1
25601,57,1
25601,59,1
25601,60,1
25601,61,1
25601,63,0
25601,64,1
25601,65,1
25601,66,1
25601,67,1
25601,72,0
25601,73,0
25601,74,1
25601,82,1
25601,83,1
25601,84,1
25601,86,1
25601,87,1
25601,88,1
25601,90,1
25601,91,1
25601,92,1
25601,93,1
25601,147,1
25601,148,0
25601,149,0
25601,150,0
25601,194,0
25601,196,0
25601,197,0
25601,198,0
25601,200,0
25601,201,1
25601,202,1
25601,203,0
25602,1,1
25602,2,0
25602,3,1
25602,5,1
25602,6,1
25602,7,1
25602,29,1
25602,30,1
25602,31,0
25602,32,0
25602,33,0
25602,34,0
25602,35,0
25602,36,0
25602,37,0
25602,39,0
25602,40,0
25602,41,0
25602,49,1
25602,50,1
25602,52,1
25602,53,1
25602,54,1
25602,56,1
25602,57,1
25602,59,1
25602,60,1
25602,61,1
25602,63,1
25602,64,1
25602,65,1
25602,66,1
25602,67,1
25602,72,1
25602,73,1
25602,74,1
25602,82,1
25602,83,1
25602,84,1
25602,86,1
25602,87,1
25602,88,1
25602,90,1
25602,91,1
25602,92,1
25602,93,1
25602,147,1
25602,148,0
25602,149,0
25602,150,0
25602,194,0
25602,196,0
25602,197,0
25602,198,0
25602,200,0
25602,201,1
25602,202,0
25602,203,0
25604,1,1
25604,2,0
25604,3,1
25604,5,1
25604,6,1
25604,7,1
25604,29,1
25604,30,1
25604,31,0
25604,32,0
25604,33,0
25604,34,0
25604,35,0
25604,36,0
25604,37,0
25604,39,0
25604,40,0
25604,41,0
25604,49,1
25604,50,1
25604,52,1
25604,53,1
25604,54,1
25604,56,1
25604,57,1
25604,59,1
25604,60,1
25604,61,1
25604,63,1
25604,64,1
25604,65,1
25604,66,1
25604,67,1
25604,72,1
25604,73,1
25604,74,1
25604,82,1
25604,83,1
25604,84,1
25604,86,1
25604,87,1
25604,88,1
25604,90,1
25604,91,1
25604,92,1
25604,93,1
25604,147,1
25604,148,0
25604,149,0
25604,150,0
25604,194,0
25604,196,0
25604,197,0
25604,198,0
25604,200,0
25604,201,1
25604,202,0
25604,203,0
25605,1,1
25605,2,0
25605,3,1
25605,5,1
25605,6,1
25605,7,1
25605,56,1
25605,57,1
25605,59,1
25605,60,1
25605,61,1
25605,63,1
25605,64,1
25605,65,1
25605,66,1
25605,67,1
25605,72,1
25605,73,1
25605,74,1
25605,82,1
25605,83,1
25605,84,1
25605,86,1
25605,87,1
25605,88,1
25605,90,1
25605,91,1
25605,92,1
25605,93,1
25605,147,1
25605,148,0
25605,149,0
25605,150,0
25605,194,0
25605,196,0
25605,197,0
25605,198,0
25605,200,0
25605,201,0
25605,202,0
25605,203,0
25622,1,1
25622,2,1
25622,3,0
25622,5,1
25622,6,1
25622,7,1
25622,49,1
25622,50,1
25622,52,1
25622,53,1
25622,54,1
25622,56,1
25622,57,1
25622,59,1
25622,60,1
25622,61,1
25622,63,1
25622,64,1
25622,65,1
25622,66,1
25622,67,1
25622,72,1
25622,73,1
25622,74,1
25622,82,1
25622,83,1
25622,84,1
25622,86,1
25622,87,1
25622,88,1
25622,90,1
25622,91,1
25622,92,1
25622,93,1
25622,147,1
25622,148,0
25622,149,0
25622,150,0
25622,194,0
25622,196,1
25622,197,0
25622,198,0
25622,200,0
25622,201,1
25622,202,0
25622,203,0
25623,1,1
25623,2,0
25623,3,1
25623,5,1
25623,6,1
25623,7,1
25623,49,1
25623,50,1
25623,52,1
25623,53,1
25623,54,1
25623,56,1
25623,57,1
25623,59,1
25623,60,1
25623,61,1
25623,63,1
25623,64,1
25623,65,1
25623,66,1
25623,67,1
25623,72,1
25623,73,1
25623,74,1
25623,82,1
25623,83,1
25623,84,1
25623,86,1
25623,87,1
25623,88,1
25623,90,1
25623,91,1
25623,92,1
25623,93,1
25623,147,1
25623,148,0
25623,149,0
25623,150,0
25623,194,0
25623,196,0
25623,197,0
25623,198,0
25623,200,0
25623,201,1
25623,202,0
25623,203,0
25628,1,1
25628,2,0
25628,3,1
25628,5,1
25628,6,1
25628,7,1
25628,49,1
25628,50,1
25628,52,1
25628,53,1
25628,54,1
25628,56,1
25628,57,1
25628,59,1
25628,60,1
25628,61,1
25628,63,1
25628,64,1
25628,65,1
25628,66,1
25628,67,1
25628,72,1
25628,73,1
25628,74,1
25628,82,1
25628,83,1
25628,84,1
25628,86,1
25628,87,1
25628,88,1
25628,90,1
25628,91,1
25628,92,1
25628,93,1
25628,147,1
25628,148,0
25628,149,0
25628,150,0
25628,194,0
25628,196,0
25628,197,0
25628,198,0
25628,200,0
25628,201,0
25628,202,0
25628,203,0
25629,1,1
25629,2,0
25629,3,1
25629,5,1
25629,6,1
25629,7,1
25629,9,1
25629,10,0
25629,11,0
25629,12,0
25629,82,1
25629,83,1
25629,84,1
25629,86,1
25629,87,1
25629,88,1
25629,90,1
25629,91,1
25629,92,1
25629,93,1
25629,147,1
25629,148,0
25629,149,0
25629,150,0
25629,194,0
25629,196,0
25629,197,0
25629,198,0
25629,200,0
25629,201,1
25629,202,0
25629,203,0
25634,1,1
25634,2,0
25634,3,1
25634,5,1
25634,6,1
25634,7,1
25634,9,1
25634,10,0
25634,11,0
25634,12,0
25634,49,1
25634,50,1
25634,52,1
25634,53,1
25634,54,1
25634,56,1
25634,57,1
25634,59,1
25634,60,1
25634,61,1
25634,63,1
25634,64,1
25634,65,1
25634,66,1
25634,67,1
25634,72,1
25634,73,1
25634,74,1
25634,82,1
25634,83,1
25634,84,1
25634,86,1
25634,87,1
25634,88,1
25634,90,1
25634,91,1
25634,92,1
25634,93,0
25634,147,0
25634,148,0
25634,149,0
25634,150,1
25634,152,1
25634,153,1
25634,154,1
25634,155,0
25634,157,0
25634,159,0
25634,160,0
25634,164,0
25634,170,1
25634,171,0
25634,172,0
25634,173,0
25634,174,0
25634,175,0
25634,176,0
25634,177,0
25634,178,0
25634,181,0
25634,182,0
25634,183,0
25634,184,0
25634,194,0
25634,196,0
25634,197,0
25634,198,0
25634,200,0
25634,201,1
25634,202,0
25634,203,0
25635,1,1
25635,2,0
25635,3,1
25635,5,1
25635,6,1
25635,7,1
25635,56,1
25635,57,1
25635,59,1
25635,60,1
25635,61,1
25635,63,1
25635,64,1
25635,65,1
25635,66,1
25635,67,1
25635,72,1
25635,73,1
25635,74,1
25635,82,1
25635,83,1
25635,84,1
25635,86,1
25635,87,1
25635,88,1
25635,90,1
25635,91,1
25635,92,1
25635,93,1
25635,147,1
25635,148,0
25635,149,0
25635,150,0
25635,194,0
25635,196,0
25635,197,0
25635,198,0
25635,200,0
25635,201,1
25635,202,0
25635,203,0
25638,1,1
25638,2,0
25638,3,1
25638,5,1
25638,6,1
25638,7,1
25638,72,1
25638,73,1
25638,74,1
25638,82,1
25638,83,1
25638,84,1
25638,86,1
25638,87,1
25638,88,1
25638,90,1
25638,91,1
25638,92,1
25638,93,1
25638,147,1
25638,148,0
25638,149,0
25638,150,0
25638,194,0
25638,196,0
25638,197,0
25638,198,0
25638,200,0
25638,201,1
25638,202,0
25638,203,0
25640,1,1
25640,5,1
25640,6,1
25640,7,1
25640,29,0
25640,30,0
25640,31,0
25640,32,0
25640,33,0
25640,34,0
25640,35,0
25640,36,0
25640,37,0
25640,39,1
25640,49,0
25640,50,0
25640,52,0
25640,53,1
25640,54,1
25640,56,1
25640,57,1
25640,59,1
25640,60,1
25640,61,1
25640,63,0
25640,64,1
25640,65,1
25640,66,1
25640,67,1
25640,72,1
25640,73,1
25640,74,1
25640,82,1
25640,83,0
25640,84,0
25640,86,1
25640,87,1
25640,88,1
25640,90,1
25640,91,1
25640,92,1
25640,93,1
25640,147,1
25640,148,0
25640,149,0
25640,150,0
25640,194,0
25640,196,0
25640,197,0
25640,198,0
25640,200,0
25640,201,1
25640,202,0
25640,203,0
25645,1,1
25645,2,0
25645,3,1
25645,5,1
25645,6,1
25645,7,1
25645,56,1
25645,57,1
25645,59,1
25645,60,1
25645,61,1
25645,63,1
25645,64,1
25645,65,1
25645,66,1
25645,67,1
25645,72,1
25645,73,1
25645,74,1
25645,82,1
25645,83,1
25645,84,1
25645,86,1
25645,87,1
25645,88,1
25645,90,1
25645,91,1
25645,92,1
25645,93,1
25645,147,1
25645,148,0
25645,149,0
25645,150,0
25645,194,0
25645,196,0
25645,197,0
25645,198,0
25645,200,0
25645,201,1
25645,202,0
25645,203,0
25647,1,1
25647,5,1
25647,6,1
25647,7,1
25647,72,1
25647,73,1
25647,74,1
25647,82,1
25647,83,1
25647,84,1
25647,90,1
25647,91,1
25647,92,1
25647,93,1
25647,147,1
25647,148,0
25647,149,0
25647,150,0
25647,194,0
25647,196,0
25647,197,0
25647,198,0
25647,200,0
25647,201,0
25647,202,0
25647,203,0
25650,1,1
25650,2,0
25650,3,1
25650,5,1
25650,6,1
25650,7,1
25650,49,1
25650,50,1
25650,52,1
25650,53,1
25650,54,1
25650,56,1
25650,57,1
25650,59,1
25650,60,1
25650,61,1
25650,63,1
25650,64,1
25650,65,1
25650,66,1
25650,67,1
25650,72,1
25650,73,1
25650,74,1
25650,82,1
25650,83,1
25650,84,1
25650,86,1
25650,87,1
25650,88,1
25650,90,1
25650,91,1
25650,92,1
25650,93,0
25650,147,1
25650,148,0
25650,149,0
25650,150,0
25650,194,0
25650,196,1
25650,197,0
25650,198,0
25650,200,0
25650,201,1
25650,202,0
25650,203,0
25656,1,1
25656,2,0
25656,3,1
25656,5,1
25656,6,1
25656,7,1
25656,9,1
25656,10,0
25656,11,0
25656,12,0
25656,49,1
25656,50,1
25656,52,1
25656,53,1
25656,54,1
25656,56,1
25656,57,1
25656,59,1
25656,60,1
25656,61,1
25656,63,1
25656,64,1
25656,65,1
25656,66,1
25656,67,1
25656,72,1
25656,73,1
25656,74,1
25656,82,1
25656,83,1
25656,84,1
25656,86,1
25656,87,1
25656,88,1
25656,90,1
25656,91,1
25656,92,1
25656,93,1
25656,147,1
25656,148,0
25656,149,0
25656,150,0
25656,194,0
25656,196,0
25656,197,0
25656,198,0
25656,200,0
25656,201,1
25656,202,0
25656,203,0
25662,1,1
25662,2,0
25662,3,1
25662,5,1
25662,6,1
25662,7,1
25662,49,1
25662,50,1
25662,52,1
25662,53,1
25662,54,1
25662,56,1
25662,57,1
25662,59,1
25662,60,1
25662,61,1
25662,63,1
25662,64,1
25662,65,1
25662,66,1
25662,67,1
25662,72,1
25662,73,1
25662,74,1
25662,82,1
25662,83,1
25662,84,1
25662,86,1
25662,87,1
25662,88,1
25662,90,1
25662,91,1
25662,92,1
25662,93,1
25662,147,1
25662,148,0
25662,149,0
25662,150,0
25662,194,0
25662,196,0
25662,197,0
25662,198,0
25662,200,0
25662,201,0
25662,202,0
25662,203,0
25669,1,1
25669,2,0
25669,3,1
25669,5,1
25669,6,1
25669,7,1
25669,29,0
25669,30,0
25669,31,0
25669,32,0
25669,33,0
25669,34,0
25669,35,1
25669,39,0
25669,40,0
25669,41,0
25669,49,1
25669,50,1
25669,52,1
25669,53,1
25669,54,1
25669,56,1
25669,57,1
25669,59,1
25669,60,1
25669,61,1
25669,63,1
25669,64,1
25669,65,1
25669,66,1
25669,67,1
25669,72,1
25669,73,1
25669,74,1
25669,82,1
25669,83,1
25669,84,1
25669,86,1
25669,87,1
25669,88,1
25669,90,1
25669,91,1
25669,92,1
25669,93,1
25669,147,1
25669,148,0
25669,149,0
25669,150,0
25669,194,0
25669,196,0
25669,197,0
25669,198,0
25669,200,0
25669,201,1
25669,202,0
25669,203,1
25675,1,1
25675,2,0
25675,3,1
25675,5,1
25675,6,1
25675,7,1
25675,9,1
25675,10,0
25675,11,0
25675,12,0
25675,29,1
25675,32,0
25675,33,0
25675,34,0
25675,35,0
25675,36,0
25675,37,0
25675,39,0
25675,40,0
25675,41,0
25675,49,1
25675,50,1
25675,52,1
25675,53,1
25675,54,1
25675,56,1
25675,57,1
25675,59,1
25675,60,1
25675,61,1
25675,63,1
25675,64,1
25675,65,1
25675,66,1
25675,67,1
25675,72,1
25675,73,1
25675,74,1
25675,82,1
25675,83,1
25675,84,1
25675,86,1
25675,87,1
25675,88,1
25675,90,1
25675,91,1
25675,92,1
25675,93,1
25675,147,1
25675,148,0
25675,149,0
25675,150,0
25675,194,0
25675,196,0
25675,197,0
25675,198,0
25675,200,0
25675,201,1
25675,202,0
25675,203,0
25683,1,1
25683,2,0
25683,3,1
25683,5,1
25683,6,1
25683,7,1
25683,49,1
25683,50,1
25683,52,1
25683,53,1
25683,54,1
25683,56,1
25683,57,1
25683,59,1
25683,60,1
25683,61,1
25683,63,1
25683,64,1
25683,65,1
25683,66,1
25683,67,1
25683,72,1
25683,73,1
25683,74,1
25683,82,1
25683,83,1
25683,84,1
25683,86,1
25683,87,1
25683,88,1
25683,90,1
25683,91,1
25683,92,1
25683,93,1
25683,147,1
25683,148,0
25683,149,0
25683,150,0
25683,194,0
25683,196,0
25683,197,0
25683,198,0
25683,200,0
25683,201,0
25683,202,1
25683,203,0
25685,1,1
25685,2,0
25685,3,1
25685,5,1
25685,6,1
25685,7,1
25685,72,1
25685,73,1
25685,74,1
25685,82,1
25685,83,1
25685,84,1
25685,86,1
25685,87,1
25685,88,1
25685,90,1
25685,91,1
25685,92,1
25685,93,1
25685,147,1
25685,148,0
25685,149,0
25685,150,0
25685,194,0
25685,196,0
25685,197,0
25685,198,0
25685,200,0
25685,201,1
25685,202,0
25685,203,0
25689,1,1
25689,2,0
25689,3,1
25689,5,1
25689,6,1
25689,7,1
25689,72,1
25689,73,1
25689,74,1
25689,82,1
25689,83,1
25689,84,1
25689,86,1
25689,87,1
25689,88,1
25689,90,1
25689,91,1
25689,92,1
25689,93,1
25689,147,1
25689,148,0
25689,149,0
25689,150,0
25689,194,0
25689,196,0
25689,197,0
25689,198,0
25689,200,0
25689,201,1
25689,202,0
25689,203,0
25692,1,1
25692,2,0
25692,3,1
25692,5,1
25692,6,1
25692,7,1
25692,49,1
25692,50,1
25692,52,1
25692,53,1
25692,54,1
25692,56,1
25692,57,1
25692,59,1
25692,60,1
25692,61,1
25692,63,1
25692,64,1
25692,65,1
25692,66,1
25692,67,1
25692,72,1
25692,73,1
25692,74,1
25692,82,1
25692,83,1
25692,84,1
25692,90,1
25692,91,1
25692,92,1
25692,93,1
25692,147,1
25692,148,0
25692,149,0
25692,150,0
25692,194,0
25692,196,0
25692,197,0
25692,198,0
25692,200,0
25692,201,0
25692,202,0
25692,203,0
25695,1,1
25695,2,1
25695,3,0
25695,5,1
25695,6,1
25695,7,1
25695,49,0
25695,50,0
25695,52,1
25695,53,1
25695,54,1
25695,56,1
25695,57,1
25695,59,1
25695,60,1
25695,61,1
25695,63,1
25695,64,1
25695,65,1
25695,66,1
25695,67,1
25695,72,1
25695,73,1
25695,74,1
25695,82,1
25695,83,1
25695,84,1
25695,86,1
25695,87,1
25695,88,1
25695,90,1
25695,91,1
25695,92,1
25695,93,1
25695,147,1
25695,148,0
25695,149,0
25695,150,0
25695,194,0
25695,196,0
25695,197,0
25695,198,0
25695,200,0
25695,201,0
25695,202,0
25695,203,0
25699,1,1
25699,2,0
25699,3,1
25699,5,1
25699,6,1
25699,7,1
25699,9,1
25699,10,0
25699,11,0
25699,12,0
25699,49,1
25699,50,1
25699,52,1
25699,53,1
25699,54,1
25699,56,1
25699,57,1
25699,59,1
25699,60,1
25699,61,1
25699,63,1
25699,64,1
25699,65,1
25699,66,1
25699,67,1
25699,72,1
25699,73,1
25699,74,1
25699,82,1
25699,83,1
25699,84,1
25699,86,1
25699,87,1
25699,88,1
25699,90,1
25699,91,1
25699,92,1
25699,93,1
25699,147,1
25699,148,0
25699,149,0
25699,150,0
25699,194,0
25699,196,0
25699,197,0
25699,198,0
25699,200,0
25699,201,1
25699,202,0
25699,203,0
25700,1,1
25700,2,1
25700,3,0
25700,5,1
25700,6,1
25700,7,1
25700,29,1
25700,30,1
25700,31,0
25700,32,0
25700,33,0
25700,34,0
25700,35,0
25700,36,0
25700,37,0
25700,39,0
25700,40,0
25700,41,0
25700,49,1
25700,50,1
25700,52,1
25700,53,1
25700,54,1
25700,56,1
25700,57,1
25700,59,1
25700,60,1
25700,61,1
25700,63,1
25700,64,1
25700,65,1
25700,66,1
25700,67,1
25700,72,1
25700,73,1
25700,74,1
25700,82,1
25700,83,1
25700,84,1
25700,86,1
25700,87,1
25700,88,1
25700,90,1
25700,91,1
25700,92,1
25700,93,0
25700,147,1
25700,148,0
25700,149,0
25700,150,0
25700,194,0
25700,196,0
25700,197,0
25700,198,0
25700,200,0
25700,201,0
25700,202,0
25700,203,0
25706,1,1
25706,5,1
25706,6,1
25706,7,1
25706,147,1
25706,148,0
25706,149,0
25706,150,0
25706,194,0
25706,196,0
25706,197,0
25706,198,0
25706,200,0
25706,201,0
25706,202,0
25706,203,0
25709,1,1
25709,2,0
25709,3,1
25709,5,1
25709,6,1
25709,7,1
25709,56,1
25709,57,1
25709,59,1
25709,60,1
25709,61,1
25709,63,1
25709,64,1
25709,65,1
25709,66,1
25709,67,1
25709,72,1
25709,73,1
25709,74,1
25709,82,1
25709,83,1
25709,84,1
25709,86,1
25709,87,1
25709,88,1
25709,90,1
25709,91,1
25709,92,1
25709,93,0
25709,147,1
25709,148,0
25709,149,0
25709,150,0
25709,194,0
25709,196,0
25709,197,0
25709,198,0
25709,200,0
25709,201,1
25709,202,0
25709,203,0
25967,1,1
25967,2,0
25967,3,1
25967,5,1
25967,6,1
25967,7,1
25967,72,1
25967,73,1
25967,74,1
25967,82,1
25967,83,1
25967,84,1
25967,86,1
25967,87,1
25967,88,1
25967,90,0
25967,91,0
25967,92,0
25967,93,0
25967,147,1
25967,148,0
25967,149,0
25967,150,0
25967,194,0
25967,196,0
25967,197,0
25967,198,0
25967,200,0
25967,201,0
25967,202,0
25967,203,0
25972,1,1
25972,2,0
25972,3,1
25972,5,1
25972,6,1
25972,7,1
25972,9,0
25972,10,0
25972,11,0
25972,12,1
25972,29,0
25972,30,0
25972,31,0
25972,32,0
25972,33,0
25972,34,0
25972,35,0
25972,36,0
25972,37,0
25972,39,1
25972,49,1
25972,50,1
25972,52,1
25972,53,1
25972,54,1
25972,56,1
25972,57,1
25972,59,1
25972,60,1
25972,61,1
25972,63,1
25972,64,1
25972,65,1
25972,66,1
25972,67,1
25972,72,1
25972,73,1
25972,74,1
25972,82,1
25972,83,1
25972,84,1
25972,86,1
25972,87,1
25972,88,1
25972,90,1
25972,91,1
25972,92,0
25972,93,0
25972,147,0
25972,148,0
25972,149,1
25972,150,0
25972,152,1
25972,153,0
25972,154,0
25972,155,0
25972,157,1
25972,159,0
25972,160,0
25972,164,0
25972,170,1
25972,171,0
25972,172,0
25972,173,0
25972,174,0
25972,175,0
25972,176,0
25972,177,0
25972,178,0
25972,181,0
25972,182,0
25972,183,0
25972,184,0
25972,194,1
25972,196,0
25972,197,0
25972,198,0
25972,200,0
25972,201,1
25972,202,0
25972,203,0
25974,1,1
25974,2,0
25974,3,1
25974,5,1
25974,6,1
25974,7,1
25974,9,0
25974,10,1
25974,11,0
25974,12,0
25974,29,0
25974,30,0
25974,31,0
25974,32,0
25974,33,0
25974,34,0
25974,35,0
25974,36,0
25974,37,0
25974,39,1
25974,49,1
25974,50,1
25974,52,1
25974,53,1
25974,54,1
25974,56,1
25974,57,1
25974,59,1
25974,60,1
25974,61,1
25974,63,1
25974,64,1
25974,65,1
25974,66,1
25974,67,1
25974,72,1
25974,73,1
25974,74,1
25974,82,1
25974,83,1
25974,84,1
25974,86,1
25974,87,1
25974,88,1
25974,90,1
25974,91,1
25974,92,0
25974,93,0
25974,147,0
25974,148,1
25974,149,0
25974,150,0
25974,152,1
25974,153,1
25974,154,0
25974,155,1
25974,157,0
25974,159,0
25974,160,0
25974,164,0
25974,170,0
25974,171,0
25974,172,0
25974,173,0
25974,174,0
25974,175,0
25974,176,0
25974,177,0
25974,178,0
25974,181,0
25974,182,0
25974,183,0
25974,184,0
25974,194,1
25974,196,1
25974,197,0
25974,198,0
25974,200,0
25974,201,1
25974,202,0
25974,203,0
25978,1,1
25978,2,0
25978,3,1
25978,5,1
25978,6,1
25978,7,1
25978,72,1
25978,73,1
25978,74,1
25978,82,1
25978,83,1
25978,84,1
25978,90,1
25978,91,1
25978,92,1
25978,93,0
25978,147,1
25978,148,0
25978,149,0
25978,150,0
25978,194,0
25978,196,0
25978,197,0
25978,198,0
25978,200,0
25978,201,0
25978,202,0
25978,203,0
25980,1,1
25980,2,0
25980,3,1
25980,5,1
25980,6,1
25980,7,1
25980,49,1
25980,50,1
25980,52,1
25980,53,1
25980,54,1
25980,56,1
25980,57,1
25980,59,1
25980,60,1
25980,61,1
25980,63,1
25980,64,1
25980,65,1
25980,66,1
25980,67,1
25980,72,1
25980,73,1
25980,74,1
25980,82,1
25980,83,1
25980,84,1
25980,86,1
25980,87,1
25980,88,1
25980,90,1
25980,91,1
25980,92,1
25980,93,1
25980,147,1
25980,148,0
25980,149,0
25980,150,0
25980,194,0
25980,196,0
25980,197,0
25980,198,0
25980,200,0
25980,201,1
25980,202,0
25980,203,0
25981,1,1
25981,2,1
25981,3,0
25981,5,1
25981,6,1
25981,7,1
25981,72,1
25981,73,1
25981,74,1
25981,82,1
25981,83,1
25981,84,1
25981,86,1
25981,87,1
25981,88,1
25981,90,1
25981,91,1
25981,92,1
25981,93,1
25981,147,1
25981,148,0
25981,149,0
25981,150,0
25981,194,0
25981,196,0
25981,197,0
25981,198,0
25981,200,0
25981,201,0
25981,202,0
25981,203,0
25986,1,1
25986,2,0
25986,3,1
25986,5,1
25986,6,1
25986,7,1
25986,29,0
25986,30,0
25986,31,0
25986,32,0
25986,33,0
25986,34,0
25986,35,1
25986,39,0
25986,40,0
25986,41,0
25986,72,1
25986,73,1
25986,74,1
25986,82,1
25986,83,1
25986,84,1
25986,86,1
25986,87,1
25986,88,1
25986,90,1
25986,91,1
25986,92,1
25986,93,1
25986,147,1
25986,148,0
25986,149,0
25986,150,0
25986,194,0
25986,196,0
25986,197,0
25986,198,0
25986,200,0
25986,201,1
25986,202,0
25986,203,0
25991,1,1
25991,2,0
25991,3,1
25991,5,1
25991,6,1
25991,7,1
25991,49,0
25991,50,0
25991,52,1
25991,53,1
25991,54,1
25991,56,1
25991,57,1
25991,59,1
25991,60,1
25991,61,1
25991,63,1
25991,64,1
25991,65,1
25991,66,1
25991,67,1
25991,72,0
25991,73,0
25991,74,0
25991,82,1
25991,83,1
25991,84,1
25991,86,1
25991,87,1
25991,88,1
25991,90,1
25991,91,1
25991,92,0
25991,93,0
25991,147,1
25991,148,0
25991,149,0
25991,150,0
25991,194,0
25991,196,0
25991,197,0
25991,198,0
25991,200,0
25991,201,0
25991,202,0
25991,203,0
25995,1,1
25995,2,1
25995,3,0
25995,5,1
25995,6,1
25995,7,1
25995,49,1
25995,50,1
25995,52,1
25995,53,1
25995,54,1
25995,56,1
25995,57,1
25995,59,1
25995,60,1
25995,61,1
25995,63,1
25995,64,1
25995,65,1
25995,66,1
25995,67,1
25995,72,0
25995,73,1
25995,74,1
25995,82,1
25995,83,1
25995,84,1
25995,86,1
25995,87,1
25995,88,1
25995,90,1
25995,91,1
25995,92,1
25995,93,1
25995,147,1
25995,148,0
25995,149,0
25995,150,0
25995,194,0
25995,196,0
25995,197,0
25995,198,0
25995,200,0
25995,201,0
25995,202,0
25995,203,0
26006,1,1
26006,5,1
26006,6,1
26006,7,1
26006,29,0
26006,30,0
26006,31,0
26006,32,0
26006,33,0
26006,34,0
26006,35,0
26006,36,0
26006,37,0
26006,39,1
26006,49,1
26006,50,1
26006,52,1
26006,53,1
26006,54,1
26006,56,1
26006,57,1
26006,59,1
26006,60,1
26006,61,1
26006,63,1
26006,64,1
26006,65,1
26006,66,1
26006,67,1
26006,72,1
26006,73,1
26006,74,1
26006,82,1
26006,83,1
26006,84,0
26006,86,1
26006,87,1
26006,88,1
26006,90,1
26006,91,1
26006,92,1
26006,93,1
26006,147,0
26006,148,1
26006,149,0
26006,150,0
26006,152,1
26006,153,1
26006,154,0
26006,155,1
26006,157,0
26006,159,0
26006,160,0
26006,164,0
26006,170,0
26006,171,0
26006,172,0
26006,173,0
26006,174,0
26006,175,0
26006,176,0
26006,177,0
26006,178,0
26006,181,0
26006,182,0
26006,183,0
26006,184,0
26006,194,1
26006,196,0
26006,197,0
26006,198,0
26006,200,0
26006,201,1
26006,202,0
26006,203,0
26010,1,1
26010,2,1
26010,3,0
26010,5,1
26010,6,1
26010,7,1
26010,29,0
26010,30,0
26010,31,0
26010,32,0
26010,33,0
26010,34,0
26010,35,1
26010,36,0
26010,37,1
26010,39,0
26010,40,0
26010,41,0
26010,49,0
26010,50,1
26010,52,1
26010,53,1
26010,54,1
26010,56,1
26010,57,1
26010,59,1
26010,60,1
26010,61,1
26010,63,0
26010,64,1
26010,65,1
26010,66,1
26010,67,1
26010,72,1
26010,73,1
26010,74,1
26010,82,1
26010,83,1
26010,84,1
26010,86,0
26010,87,0
26010,88,0
26010,90,1
26010,91,1
26010,92,1
26010,93,0
26010,147,0
26010,148,1
26010,149,0
26010,150,0
26010,152,1
26010,153,0
26010,154,0
26010,155,0
26010,157,0
26010,159,0
26010,160,0
26010,164,0
26010,170,0
26010,171,0
26010,172,0
26010,173,0
26010,174,0
26010,175,0
26010,176,0
26010,177,0
26010,178,0
26010,181,0
26010,182,0
26010,183,0
26010,184,0
26010,194,0
26010,196,0
26010,197,0
26010,198,0
26010,200,0
26010,201,0
26010,202,0
26010,203,0
26016,1,1
26016,2,0
26016,3,1
26016,5,1
26016,6,1
26016,7,1
26016,9,0
26016,10,1
26016,11,0
26016,12,0
26016,49,1
26016,50,1
26016,52,1
26016,53,1
26016,54,1
26016,56,1
26016,57,1
26016,59,1
26016,60,1
26016,61,1
26016,63,1
26016,64,1
26016,65,1
26016,66,1
26016,67,1
26016,72,1
26016,73,1
26016,74,1
26016,82,1
26016,83,1
26016,84,1
26016,86,1
26016,87,1
26016,88,1
26016,90,1
26016,91,1
26016,92,1
26016,93,1
26016,147,1
26016,148,0
26016,149,0
26016,150,0
26016,194,0
26016,196,0
26016,197,0
26016,198,0
26016,200,0
26016,201,1
26016,202,0
26016,203,0
26018,1,1
26018,2,0
26018,3,1
26018,5,1
26018,6,1
26018,7,1
26018,9,0
26018,10,1
26018,11,0
26018,12,0
26018,29,0
26018,30,0
26018,31,0
26018,32,0
26018,33,0
26018,34,0
26018,35,0
26018,36,0
26018,37,0
26018,39,1
26018,49,0
26018,50,0
26018,52,1
26018,53,1
26018,54,1
26018,56,1
26018,57,1
26018,59,1
26018,60,1
26018,61,1
26018,63,0
26018,64,1
26018,65,1
26018,66,1
26018,67,1
26018,72,1
26018,73,1
26018,74,1
26018,82,1
26018,83,1
26018,84,1
26018,86,1
26018,87,1
26018,88,1
26018,90,1
26018,91,1
26018,92,1
26018,93,1
26018,147,0
26018,148,0
26018,149,1
26018,150,0
26018,152,1
26018,153,1
26018,154,0
26018,155,1
26018,157,1
26018,159,0
26018,160,1
26018,164,0
26018,170,1
26018,171,0
26018,172,0
26018,173,0
26018,174,0
26018,175,0
26018,176,0
26018,177,0
26018,178,0
26018,181,0
26018,182,0
26018,183,0
26018,184,0
26018,194,0
26018,196,0
26018,197,0
26018,198,0
26018,200,0
26018,201,1
26018,202,0
26018,203,0
26019,1,1
26019,2,0
26019,3,1
26019,5,1
26019,6,1
26019,7,1
26019,49,1
26019,50,1
26019,52,1
26019,53,1
26019,54,1
26019,56,1
26019,57,1
26019,59,1
26019,60,1
26019,61,1
26019,63,1
26019,64,1
26019,65,1
26019,66,1
26019,67,1
26019,72,0
26019,73,1
26019,74,1
26019,82,1
26019,83,1
26019,84,1
26019,86,1
26019,87,1
26019,88,1
26019,90,1
26019,91,1
26019,92,1
26019,93,1
26019,147,1
26019,148,0
26019,149,0
26019,150,0
26019,194,0
26019,196,0
26019,197,0
26019,198,0
26019,200,0
26019,201,1
26019,202,0
26019,203,0
26028,1,1
26028,2,1
26028,3,0
26028,5,1
26028,6,1
26028,7,1
26028,9,0
26028,10,1
26028,11,0
26028,12,0
26028,29,0
26028,30,0
26028,31,0
26028,32,0
26028,33,0
26028,34,0
26028,35,1
26028,36,0
26028,37,1
26028,39,0
26028,40,0
26028,41,0
26028,49,1
26028,50,1
26028,52,1
26028,53,1
26028,54,1
26028,56,1
26028,57,1
26028,59,1
26028,60,1
26028,61,1
26028,63,1
26028,64,1
26028,65,1
26028,66,1
26028,67,1
26028,72,1
26028,73,1
26028,74,1
26028,82,1
26028,83,1
26028,84,1
26028,86,1
26028,87,1
26028,88,1
26028,90,1
26028,91,1
26028,92,1
26028,93,1
26028,147,0
26028,148,1
26028,149,0
26028,150,0
26028,152,1
26028,153,1
26028,154,1
26028,155,0
26028,157,0
26028,159,0
26028,160,0
26028,164,0
26028,170,0
26028,171,0
26028,172,0
26028,173,0
26028,174,0
26028,175,0
26028,176,0
26028,177,0
26028,178,0
26028,181,0
26028,182,0
26028,183,0
26028,184,0
26028,194,0
26028,196,0
26028,197,0
26028,198,0
26028,200,0
26028,201,1
26028,202,0
26028,203,0
26029,1,1
26029,2,1
26029,3,0
26029,5,1
26029,6,1
26029,7,1
26029,9,0
26029,10,0
26029,11,1
26029,12,0
26029,29,1
26029,30,0
26029,31,1
26029,32,0
26029,33,0
26029,34,0
26029,35,0
26029,36,0
26029,37,0
26029,39,0
26029,40,0
26029,41,0
26029,49,1
26029,50,1
26029,52,1
26029,53,1
26029,54,1
26029,56,1
26029,57,1
26029,59,1
26029,60,1
26029,61,1
26029,63,1
26029,64,1
26029,65,1
26029,66,1
26029,67,1
26029,72,1
26029,73,1
26029,74,1
26029,82,1
26029,83,1
26029,84,1
26029,86,1
26029,87,1
26029,88,1
26029,90,1
26029,91,1
26029,92,1
26029,93,1
26029,147,0
26029,148,0
26029,149,1
26029,150,0
26029,152,1
26029,153,1
26029,154,1
26029,155,0
26029,157,0
26029,159,0
26029,160,0
26029,164,0
26029,170,1
26029,171,1
26029,172,0
26029,173,0
26029,174,1
26029,175,0
26029,176,0
26029,177,0
26029,178,0
26029,181,0
26029,182,0
26029,183,0
26029,184,0
26029,194,0
26029,196,0
26029,197,0
26029,198,0
26029,200,0
26029,201,1
26029,202,1
26029,203,1
26036,1,1
26036,2,0
26036,3,1
26036,5,1
26036,6,1
26036,7,1
26036,49,1
26036,50,1
26036,52,1
26036,53,1
26036,54,1
26036,56,1
26036,57,1
26036,59,1
26036,60,1
26036,61,1
26036,63,1
26036,64,1
26036,65,1
26036,66,1
26036,67,1
26036,72,1
26036,73,1
26036,74,1
26036,82,1
26036,83,1
26036,84,1
26036,86,1
26036,87,1
26036,88,1
26036,90,1
26036,91,1
26036,92,1
26036,93,0
26036,147,1
26036,148,0
26036,149,0
26036,150,0
26036,194,0
26036,196,0
26036,197,0
26036,198,0
26036,200,0
26036,201,1
26036,202,0
26036,203,0
26045,1,1
26045,2,0
26045,3,1
26045,5,1
26045,6,1
26045,7,1
26045,49,1
26045,50,1
26045,52,1
26045,53,1
26045,54,1
26045,56,1
26045,57,1
26045,59,1
26045,60,1
26045,61,1
26045,63,1
26045,64,1
26045,65,1
26045,66,1
26045,67,1
26045,72,1
26045,73,1
26045,74,1
26045,82,1
26045,83,1
26045,84,1
26045,86,1
26045,87,1
26045,88,1
26045,90,1
26045,91,1
26045,92,1
26045,93,1
26045,147,1
26045,148,0
26045,149,0
26045,150,0
26045,194,0
26045,196,0
26045,197,0
26045,198,0
26045,200,0
26045,201,0
26045,202,0
26045,203,0
26046,1,1
26046,2,0
26046,3,1
26046,5,1
26046,6,1
26046,7,1
26046,56,1
26046,57,1
26046,59,1
26046,60,1
26046,61,1
26046,63,1
26046,64,1
26046,65,1
26046,66,1
26046,67,1
26046,72,1
26046,73,1
26046,74,1
26046,82,1
26046,83,1
26046,84,1
26046,86,1
26046,87,1
26046,88,1
26046,90,1
26046,91,1
26046,92,1
26046,93,1
26046,147,1
26046,148,0
26046,149,0
26046,150,0
26046,194,0
26046,196,0
26046,197,0
26046,198,0
26046,200,0
26046,201,1
26046,202,0
26046,203,0
26048,1,1
26048,2,0
26048,3,1
26048,5,1
26048,6,1
26048,7,1
26048,29,1
26048,32,0
26048,33,0
26048,34,0
26048,35,0
26048,36,0
26048,37,0
26048,39,0
26048,40,0
26048,41,0
26048,147,1
26048,148,0
26048,149,0
26048,150,0
26048,194,0
26048,196,0
26048,197,0
26048,198,0
26048,200,0
26048,201,1
26048,202,0
26048,203,0
26049,1,1
26049,2,0
26049,3,1
26049,5,1
26049,6,1
26049,7,1
26049,147,1
26049,148,0
26049,149,0
26049,150,0
26049,194,0
26049,196,0
26049,197,0
26049,198,0
26049,200,0
26049,201,1
26049,202,0
26049,203,0
26054,1,1
26054,2,0
26054,3,1
26054,5,1
26054,6,1
26054,7,1
26054,56,1
26054,57,1
26054,59,1
26054,60,1
26054,61,1
26054,63,1
26054,64,1
26054,65,1
26054,66,1
26054,67,1
26054,72,1
26054,73,1
26054,74,1
26054,82,1
26054,83,1
26054,84,1
26054,86,1
26054,87,1
26054,88,1
26054,90,1
26054,91,1
26054,92,1
26054,93,1
26054,147,1
26054,148,0
26054,149,0
26054,150,0
26054,194,0
26054,196,0
26054,197,0
26054,198,0
26054,200,0
26054,201,1
26054,202,0
26054,203,0
26055,1,1
26055,2,0
26055,3,1
26055,5,1
26055,6,1
26055,7,1
26055,29,1
26055,30,1
26055,31,0
26055,32,0
26055,33,0
26055,34,0
26055,35,0
26055,36,0
26055,37,0
26055,39,0
26055,40,0
26055,41,0
26055,56,1
26055,57,1
26055,59,1
26055,60,1
26055,61,1
26055,63,1
26055,64,1
26055,65,1
26055,66,1
26055,67,1
26055,72,1
26055,73,1
26055,74,1
26055,82,1
26055,83,1
26055,84,1
26055,86,1
26055,87,1
26055,88,1
26055,90,1
26055,91,1
26055,92,1
26055,93,1
26055,147,1
26055,148,0
26055,149,0
26055,150,0
26055,194,0
26055,196,0
26055,197,0
26055,198,0
26055,200,0
26055,201,1
26055,202,1
26055,203,0
26056,1,1
26056,2,0
26056,3,1
26056,5,1
26056,6,1
26056,7,1
26056,56,1
26056,57,1
26056,59,1
26056,60,1
26056,61,1
26056,63,1
26056,64,1
26056,65,1
26056,66,1
26056,67,1
26056,72,1
26056,73,1
26056,74,1
26056,82,1
26056,83,1
26056,84,1
26056,86,1
26056,87,1
26056,88,1
26056,90,1
26056,91,1
26056,92,1
26056,93,0
26056,147,1
26056,148,0
26056,149,0
26056,150,0
26056,194,0
26056,196,0
26056,197,0
26056,198,0
26056,200,0
26056,201,0
26056,202,0
26056,203,0
26059,1,1
26059,2,0
26059,3,1
26059,5,1
26059,6,1
26059,7,1
26059,82,1
26059,83,1
26059,84,1
26059,90,1
26059,91,1
26059,92,1
26059,93,1
26059,147,1
26059,148,0
26059,149,0
26059,150,0
26059,194,0
26059,196,0
26059,197,0
26059,198,0
26059,200,0
26059,201,0
26059,202,0
26059,203,0
26064,1,1
26064,2,1
26064,3,0
26064,5,1
26064,6,1
26064,7,1
26064,49,1
26064,50,1
26064,52,1
26064,53,1
26064,54,1
26064,56,1
26064,57,1
26064,59,1
26064,60,1
26064,61,1
26064,63,1
26064,64,1
26064,65,1
26064,66,1
26064,67,1
26064,72,1
26064,73,1
26064,74,1
26064,82,1
26064,83,1
26064,84,1
26064,86,1
26064,87,1
26064,88,1
26064,90,1
26064,91,1
26064,92,1
26064,93,1
26064,147,1
26064,148,0
26064,149,0
26064,150,0
26064,194,0
26064,196,0
26064,197,0
26064,198,0
26064,200,0
26064,201,0
26064,202,0
26064,203,0
26114,1,1
26114,2,0
26114,3,1
26114,5,1
26114,6,1
26114,7,1
26114,29,0
26114,30,0
26114,31,0
26114,32,1
26114,33,1
26114,34,0
26114,35,0
26114,36,0
26114,37,0
26114,39,0
26114,40,0
26114,41,0
26114,56,1
26114,57,1
26114,59,1
26114,60,1
26114,61,1
26114,63,1
26114,64,1
26114,65,1
26114,66,1
26114,67,1
26114,72,1
26114,73,1
26114,74,1
26114,82,1
26114,83,1
26114,84,1
26114,86,1
26114,87,1
26114,88,1
26114,90,1
26114,91,1
26114,92,1
26114,93,1
26114,147,1
26114,148,0
26114,149,0
26114,150,0
26114,194,0
26114,196,0
26114,197,0
26114,198,0
26114,200,0
26114,201,1
26114,202,0
26114,203,0
26115,1,1
26115,2,0
26115,3,1
26115,5,1
26115,6,1
26115,7,1
26115,9,0
26115,10,1
26115,11,0
26115,12,0
26115,49,1
26115,50,1
26115,52,1
26115,53,1
26115,54,1
26115,56,1
26115,57,1
26115,59,1
26115,60,1
26115,61,1
26115,63,1
26115,64,1
26115,65,1
26115,66,1
26115,67,1
26115,72,1
26115,73,1
26115,74,1
26115,82,1
26115,83,1
26115,84,1
26115,86,1
26115,87,1
26115,88,1
26115,90,1
26115,91,1
26115,92,1
26115,93,1
26115,147,1
26115,148,0
26115,149,0
26115,150,0
26115,194,0
26115,196,0
26115,197,0
26115,198,0
26115,200,0
26115,201,1
26115,202,1
26115,203,0
26122,1,1
26122,2,0
26122,3,1
26122,5,1
26122,6,1
26122,7,1
26122,56,1
26122,57,1
26122,59,1
26122,60,1
26122,61,1
26122,63,1
26122,64,1
26122,65,1
26122,66,1
26122,67,1
26122,72,1
26122,73,1
26122,74,1
26122,82,1
26122,83,1
26122,84,1
26122,86,1
26122,87,1
26122,88,1
26122,90,1
26122,91,1
26122,92,1
26122,93,1
26122,147,1
26122,148,0
26122,149,0
26122,150,0
26122,194,0
26122,196,0
26122,197,0
26122,198,0
26122,200,0
26122,201,1
26122,202,0
26122,203,0
26128,1,1
26128,2,0
26128,3,1
26128,5,1
26128,6,1
26128,7,1
26128,56,1
26128,57,1
26128,59,1
26128,60,1
26128,61,1
26128,63,1
26128,64,1
26128,65,1
26128,66,1
26128,67,1
26128,72,1
26128,73,1
26128,74,1
26128,82,1
26128,83,1
26128,84,1
26128,86,1
26128,87,1
26128,88,1
26128,90,1
26128,91,1
26128,92,1
26128,93,0
26128,147,1
26128,148,0
26128,149,0
26128,150,0
26128,194,0
26128,196,0
26128,197,0
26128,198,0
26128,200,0
26128,201,0
26128,202,0
26128,203,0
26129,1,1
26129,2,0
26129,3,1
26129,5,1
26129,6,1
26129,7,1
26129,49,1
26129,50,1
26129,52,1
26129,53,1
26129,54,1
26129,56,1
26129,57,1
26129,59,1
26129,60,1
26129,61,1
26129,63,1
26129,64,1
26129,65,1
26129,66,1
26129,67,1
26129,72,1
26129,73,1
26129,74,1
26129,82,1
26129,83,1
26129,84,1
26129,86,1
26129,87,1
26129,88,1
26129,90,1
26129,91,1
26129,92,1
26129,93,1
26129,147,1
26129,148,0
26129,149,0
26129,150,0
26129,194,0
26129,196,0
26129,197,0
26129,198,0
26129,200,0
26129,201,1
26129,202,0
26129,203,0
26130,1,1
26130,2,0
26130,3,1
26130,5,1
26130,6,1
26130,7,1
26130,49,1
26130,50,1
26130,52,1
26130,53,1
26130,54,1
26130,56,1
26130,57,1
26130,59,1
26130,60,1
26130,61,1
26130,63,1
26130,64,1
26130,65,1
26130,66,1
26130,67,1
26130,72,1
26130,73,1
26130,74,1
26130,82,1
26130,83,1
26130,84,1
26130,86,1
26130,87,1
26130,88,1
26130,90,1
26130,91,0
26130,92,0
26130,93,0
26130,147,1
26130,148,0
26130,149,0
26130,150,0
26130,194,0
26130,196,1
26130,197,0
26130,198,0
26130,200,0
26130,201,0
26130,202,0
26130,203,0
26141,1,1
26141,2,0
26141,3,1
26141,5,1
26141,6,1
26141,7,1
26141,9,1
26141,10,0
26141,11,0
26141,12,0
26141,29,1
26141,30,1
26141,31,0
26141,32,0
26141,33,0
26141,34,0
26141,35,0
26141,36,0
26141,37,0
26141,39,0
26141,40,0
26141,41,0
26141,49,1
26141,50,1
26141,52,1
26141,53,1
26141,54,1
26141,56,1
26141,57,1
26141,59,1
26141,60,1
26141,61,1
26141,63,1
26141,64,1
26141,65,1
26141,66,1
26141,67,1
26141,72,1
26141,73,1
26141,74,1
26141,82,1
26141,83,1
26141,84,1
26141,86,1
26141,87,1
26141,88,1
26141,90,1
26141,91,1
26141,92,1
26141,93,1
26141,147,1
26141,148,0
26141,149,0
26141,150,0
26141,194,0
26141,196,0
26141,197,0
26141,198,0
26141,200,0
26141,201,1
26141,202,0
26141,203,0
26149,1,1
26149,2,0
26149,3,1
26149,5,1
26149,6,1
26149,7,1
26149,49,0
26149,50,0
26149,52,1
26149,53,1
26149,54,1
26149,56,0
26149,57,1
26149,59,1
26149,60,1
26149,61,1
26149,63,1
26149,64,1
26149,65,1
26149,66,1
26149,67,1
26149,72,1
26149,73,1
26149,74,1
26149,82,1
26149,83,1
26149,84,1
26149,86,1
26149,87,1
26149,88,1
26149,90,1
26149,91,1
26149,92,1
26149,93,1
26149,147,0
26149,148,1
26149,149,0
26149,150,0
26149,152,1
26149,153,1
26149,154,0
26149,155,1
26149,157,0
26149,159,0
26149,160,0
26149,164,0
26149,170,0
26149,171,0
26149,172,0
26149,173,0
26149,174,0
26149,175,0
26149,176,0
26149,177,0
26149,178,0
26149,181,0
26149,182,0
26149,183,0
26149,184,0
26149,194,0
26149,196,0
26149,197,0
26149,198,0
26149,200,0
26149,201,1
26149,202,0
26149,203,0
26150,1,1
26150,2,0
26150,3,1
26150,5,1
26150,6,1
26150,7,1
26150,49,1
26150,50,1
26150,52,1
26150,53,1
26150,54,1
26150,56,1
26150,57,1
26150,59,1
26150,60,1
26150,61,1
26150,63,1
26150,64,1
26150,65,1
26150,66,1
26150,67,1
26150,72,0
26150,73,1
26150,74,1
26150,82,1
26150,83,1
26150,84,1
26150,86,1
26150,87,1
26150,88,1
26150,90,1
26150,91,1
26150,92,1
26150,93,1
26150,147,1
26150,148,0
26150,149,0
26150,150,0
26150,194,0
26150,196,0
26150,197,0
26150,198,0
26150,200,0
26150,201,1
26150,202,0
26150,203,0
26151,1,1
26151,2,0
26151,3,1
26151,5,1
26151,6,1
26151,7,1
26151,9,0
26151,10,1
26151,11,0
26151,12,0
26151,29,1
26151,30,1
26151,31,0
26151,32,0
26151,33,0
26151,34,0
26151,35,0
26151,36,0
26151,37,0
26151,39,0
26151,40,0
26151,41,0
26151,49,1
26151,50,1
26151,52,1
26151,53,1
26151,54,1
26151,56,1
26151,57,1
26151,59,1
26151,60,1
26151,61,1
26151,63,1
26151,64,1
26151,65,1
26151,66,1
26151,67,1
26151,72,1
26151,73,1
26151,74,1
26151,82,1
26151,83,1
26151,84,1
26151,86,1
26151,87,1
26151,88,1
26151,90,1
26151,91,1
26151,92,0
26151,93,0
26151,147,0
26151,148,1
26151,149,0
26151,150,0
26151,152,1
26151,153,1
26151,154,0
26151,155,1
26151,157,0
26151,159,0
26151,160,0
26151,164,0
26151,170,0
26151,171,0
26151,172,0
26151,173,0
26151,174,0
26151,175,0
26151,176,0
26151,177,0
26151,178,0
26151,181,0
26151,182,0
26151,183,0
26151,184,0
26151,194,0
26151,196,0
26151,197,0
26151,198,0
26151,200,0
26151,201,0
26151,202,0
26151,203,0
26152,1,1
26152,2,1
26152,3,0
26152,5,1
26152,6,1
26152,7,1
26152,29,1
26152,30,1
26152,31,0
26152,32,0
26152,33,0
26152,34,0
26152,35,0
26152,36,0
26152,37,0
26152,39,0
26152,40,0
26152,41,0
26152,72,1
26152,73,1
26152,74,1
26152,82,1
26152,83,1
26152,84,1
26152,86,1
26152,87,1
26152,88,1
26152,90,1
26152,91,1
26152,92,1
26152,93,1
26152,147,1
26152,148,0
26152,149,0
26152,150,0
26152,194,0
26152,196,0
26152,197,0
26152,198,0
26152,200,0
26152,201,1
26152,202,0
26152,203,0
26162,1,1
26162,2,0
26162,3,1
26162,5,1
26162,6,1
26162,7,1
26162,56,1
26162,57,1
26162,59,1
26162,60,1
26162,61,1
26162,63,1
26162,64,1
26162,65,1
26162,66,1
26162,67,1
26162,72,1
26162,73,1
26162,74,1
26162,82,1
26162,83,1
26162,84,1
26162,86,1
26162,87,1
26162,88,1
26162,90,1
26162,91,1
26162,92,1
26162,93,1
26162,147,1
26162,148,0
26162,149,0
26162,150,0
26162,194,0
26162,196,0
26162,197,0
26162,198,0
26162,200,0
26162,201,1
26162,202,0
26162,203,0
26181,1,1
26181,2,0
26181,3,1
26181,5,1
26181,6,1
26181,7,1
26181,9,0
26181,10,1
26181,11,0
26181,12,0
26181,29,0
26181,30,0
26181,31,0
26181,32,0
26181,33,0
26181,34,0
26181,35,0
26181,36,0
26181,37,0
26181,39,1
26181,49,0
26181,50,0
26181,52,1
26181,53,1
26181,54,1
26181,56,0
26181,57,1
26181,59,1
26181,60,1
26181,61,1
26181,63,1
26181,64,1
26181,65,1
26181,66,1
26181,67,1
26181,72,1
26181,73,1
26181,74,1
26181,82,1
26181,83,1
26181,84,1
26181,86,1
26181,87,1
26181,88,1
26181,90,1
26181,91,1
26181,92,1
26181,93,1
26181,147,0
26181,148,0
26181,149,1
26181,150,0
26181,152,0
26181,153,0
26181,154,0
26181,155,0
26181,157,0
26181,159,0
26181,160,0
26181,164,0
26181,170,1
26181,171,0
26181,172,0
26181,173,0
26181,174,0
26181,175,0
26181,176,0
26181,177,1
26181,178,1
26181,181,0
26181,182,0
26181,183,0
26181,184,0
26181,194,1
26181,196,0
26181,197,0
26181,198,0
26181,200,0
26181,201,1
26181,202,0
26181,203,0
26182,1,1
26182,2,0
26182,3,1
26182,5,1
26182,6,1
26182,7,1
26182,49,1
26182,50,1
26182,52,1
26182,53,1
26182,54,1
26182,56,1
26182,57,1
26182,59,1
26182,60,1
26182,61,1
26182,63,1
26182,64,1
26182,65,1
26182,66,1
26182,67,1
26182,72,0
26182,73,1
26182,74,1
26182,82,1
26182,83,1
26182,84,1
26182,86,1
26182,87,1
26182,88,1
26182,90,1
26182,91,1
26182,92,1
26182,93,1
26182,147,1
26182,148,0
26182,149,0
26182,150,0
26182,194,0
26182,196,0
26182,197,0
26182,198,0
26182,200,0
26182,201,1
26182,202,0
26182,203,0
26185,1,1
26185,2,0
26185,3,1
26185,5,1
26185,6,1
26185,7,1
26185,72,1
26185,73,1
26185,74,1
26185,82,1
26185,83,1
26185,84,1
26185,86,1
26185,87,1
26185,88,1
26185,90,1
26185,91,1
26185,92,1
26185,93,1
26185,147,1
26185,148,0
26185,149,0
26185,150,0
26185,194,0
26185,196,0
26185,197,0
26185,198,0
26185,200,0
26185,201,1
26185,202,0
26185,203,0
26186,1,1
26186,2,0
26186,3,1
26186,5,1
26186,6,1
26186,7,1
26186,49,1
26186,50,1
26186,52,1
26186,53,1
26186,54,1
26186,56,1
26186,57,1
26186,59,1
26186,60,1
26186,61,1
26186,63,1
26186,64,1
26186,65,1
26186,66,1
26186,67,1
26186,72,1
26186,73,1
26186,74,1
26186,82,1
26186,83,1
26186,84,1
26186,86,1
26186,87,1
26186,88,1
26186,90,1
26186,91,1
26186,92,1
26186,93,1
26186,147,1
26186,148,0
26186,149,0
26186,150,0
26186,194,0
26186,196,0
26186,197,0
26186,198,0
26186,200,0
26186,201,0
26186,202,0
26186,203,0
26191,1,1
26191,2,1
26191,3,0
26191,5,1
26191,6,1
26191,7,1
26191,56,1
26191,57,1
26191,59,1
26191,60,1
26191,61,1
26191,63,1
26191,64,1
26191,65,1
26191,66,1
26191,67,1
26191,72,1
26191,73,1
26191,74,1
26191,82,1
26191,83,1
26191,84,1
26191,86,1
26191,87,1
26191,88,1
26191,90,1
26191,91,1
26191,92,1
26191,93,1
26191,147,1
26191,148,0
26191,149,0
26191,150,0
26191,194,0
26191,196,0
26191,197,0
26191,198,0
26191,200,0
26191,201,0
26191,202,0
26191,203,0
26194,1,1
26194,2,0
26194,3,1
26194,5,1
26194,6,1
26194,7,1
26194,29,1
26194,30,1
26194,31,0
26194,32,0
26194,33,0
26194,34,0
26194,35,0
26194,36,0
26194,37,0
26194,39,0
26194,40,0
26194,41,0
26194,49,1
26194,50,1
26194,52,1
26194,53,1
26194,54,1
26194,56,1
26194,57,1
26194,59,1
26194,60,1
26194,61,1
26194,63,1
26194,64,1
26194,65,1
26194,66,1
26194,67,1
26194,72,1
26194,73,1
26194,74,1
26194,82,1
26194,83,1
26194,84,1
26194,86,1
26194,87,1
26194,88,1
26194,90,1
26194,91,1
26194,92,1
26194,93,1
26194,147,1
26194,148,0
26194,149,0
26194,150,0
26194,194,0
26194,196,0
26194,197,0
26194,198,0
26194,200,0
26194,201,1
26194,202,0
26194,203,0
26195,1,1
26195,2,0
26195,3,1
26195,5,1
26195,6,1
26195,7,1
26195,29,1
26195,30,1
26195,31,0
26195,32,0
26195,33,0
26195,34,0
26195,35,0
26195,36,0
26195,37,0
26195,39,0
26195,40,0
26195,41,0
26195,49,1
26195,50,1
26195,52,1
26195,53,1
26195,54,1
26195,56,1
26195,57,1
26195,59,1
26195,60,1
26195,61,1
26195,63,1
26195,64,1
26195,65,1
26195,66,1
26195,67,1
26195,72,1
26195,73,1
26195,74,1
26195,82,1
26195,83,1
26195,84,1
26195,86,1
26195,87,1
26195,88,1
26195,90,1
26195,91,1
26195,92,1
26195,93,1
26195,147,0
26195,148,1
26195,149,0
26195,150,0
26195,152,1
26195,153,1
26195,154,0
26195,155,1
26195,157,0
26195,159,0
26195,160,0
26195,164,0
26195,170,0
26195,171,0
26195,172,0
26195,173,0
26195,174,0
26195,175,0
26195,176,0
26195,177,0
26195,178,0
26195,181,0
26195,182,0
26195,183,0
26195,184,0
26195,194,0
26195,196,0
26195,197,0
26195,198,0
26195,200,0
26195,201,1
26195,202,0
26195,203,0
26197,1,1
26197,2,0
26197,3,1
26197,5,1
26197,6,1
26197,7,1
26197,49,1
26197,50,1
26197,52,1
26197,53,1
26197,54,1
26197,56,1
26197,57,1
26197,59,1
26197,60,1
26197,61,1
26197,63,1
26197,64,1
26197,65,1
26197,66,1
26197,67,1
26197,72,1
26197,73,1
26197,74,1
26197,82,1
26197,83,1
26197,84,1
26197,86,1
26197,87,1
26197,88,1
26197,90,1
26197,91,1
26197,92,1
26197,93,1
26197,147,1
26197,148,0
26197,149,0
26197,150,0
26197,194,0
26197,196,0
26197,197,0
26197,198,0
26197,200,0
26197,201,0
26197,202,0
26197,203,0
26206,1,1
26206,2,0
26206,3,1
26206,5,1
26206,6,1
26206,7,1
26206,29,1
26206,30,1
26206,31,0
26206,32,0
26206,33,0
26206,34,0
26206,35,0
26206,36,0
26206,37,0
26206,39,0
26206,40,0
26206,41,0
26206,49,1
26206,50,1
26206,52,1
26206,53,1
26206,54,1
26206,56,1
26206,57,1
26206,59,1
26206,60,1
26206,61,1
26206,63,1
26206,64,1
26206,65,1
26206,66,1
26206,67,1
26206,72,1
26206,73,1
26206,74,1
26206,82,1
26206,83,1
26206,84,1
26206,86,1
26206,87,1
26206,88,1
26206,90,1
26206,91,1
26206,92,1
26206,93,1
26206,147,1
26206,148,0
26206,149,0
26206,150,0
26206,194,0
26206,196,0
26206,197,0
26206,198,0
26206,200,0
26206,201,0
26206,202,0
26206,203,0
26472,1,1
26472,2,0
26472,3,1
26472,5,1
26472,6,1
26472,7,1
26472,29,0
26472,30,0
26472,31,0
26472,32,0
26472,33,0
26472,34,0
26472,35,1
26472,39,0
26472,40,0
26472,41,0
26472,49,1
26472,50,1
26472,52,1
26472,53,1
26472,54,1
26472,56,1
26472,57,1
26472,59,1
26472,60,1
26472,61,1
26472,63,1
26472,64,1
26472,65,1
26472,66,1
26472,67,1
26472,72,1
26472,73,1
26472,74,1
26472,82,1
26472,83,1
26472,84,1
26472,86,1
26472,87,1
26472,88,1
26472,90,1
26472,91,1
26472,92,1
26472,93,1
26472,147,1
26472,148,0
26472,149,0
26472,150,0
26472,194,0
26472,196,0
26472,197,0
26472,198,0
26472,200,0
26472,201,1
26472,202,0
26472,203,0
26478,1,1
26478,2,0
26478,3,1
26478,5,1
26478,6,1
26478,7,1
26478,49,1
26478,50,1
26478,52,1
26478,53,1
26478,54,1
26478,56,1
26478,57,1
26478,59,1
26478,60,1
26478,61,1
26478,63,0
26478,64,1
26478,65,1
26478,66,1
26478,67,1
26478,72,1
26478,73,1
26478,74,1
26478,82,1
26478,83,1
26478,84,1
26478,86,1
26478,87,1
26478,88,1
26478,90,0
26478,91,0
26478,92,0
26478,93,0
26478,147,1
26478,148,0
26478,149,0
26478,150,0
26478,194,0
26478,196,0
26478,197,0
26478,198,0
26478,200,0
26478,201,1
26478,202,0
26478,203,0
26486,1,1
26486,2,0
26486,3,1
26486,5,1
26486,6,1
26486,7,1
26486,29,1
26486,32,0
26486,33,0
26486,34,0
26486,35,0
26486,36,0
26486,37,0
26486,39,0
26486,40,0
26486,41,0
26486,72,1
26486,73,1
26486,74,1
26486,82,1
26486,83,1
26486,84,1
26486,86,1
26486,87,1
26486,88,1
26486,90,1
26486,91,1
26486,92,1
26486,93,0
26486,147,1
26486,148,0
26486,149,0
26486,150,0
26486,194,0
26486,196,0
26486,197,0
26486,198,0
26486,200,0
26486,201,0
26486,202,0
26486,203,0
26489,1,1
26489,2,0
26489,3,1
26489,5,1
26489,6,1
26489,7,1
26489,49,0
26489,50,0
26489,52,1
26489,53,1
26489,54,1
26489,56,0
26489,57,1
26489,59,1
26489,60,1
26489,61,1
26489,63,1
26489,64,1
26489,65,1
26489,66,1
26489,67,1
26489,72,0
26489,73,1
26489,74,1
26489,82,1
26489,83,1
26489,84,1
26489,86,1
26489,87,1
26489,88,1
26489,90,1
26489,91,1
26489,92,1
26489,93,1
26489,147,1
26489,148,0
26489,149,0
26489,150,0
26489,194,0
26489,196,0
26489,197,0
26489,198,0
26489,200,0
26489,201,1
26489,202,0
26489,203,0
26493,1,1
26493,2,0
26493,3,1
26493,5,1
26493,6,1
26493,7,1
26493,29,1
26493,30,1
26493,31,0
26493,32,0
26493,33,0
26493,34,0
26493,35,0
26493,36,0
26493,37,0
26493,39,0
26493,40,0
26493,41,0
26493,49,1
26493,50,1
26493,52,1
26493,53,1
26493,54,1
26493,56,1
26493,57,1
26493,59,1
26493,60,1
26493,61,1
26493,63,1
26493,64,1
26493,65,1
26493,66,1
26493,67,1
26493,72,1
26493,73,1
26493,74,1
26493,82,1
26493,83,1
26493,84,1
26493,86,1
26493,87,1
26493,88,1
26493,90,1
26493,91,1
26493,92,1
26493,93,1
26493,147,1
26493,148,0
26493,149,0
26493,150,0
26493,194,0
26493,196,0
26493,197,0
26493,198,0
26493,200,0
26493,201,1
26493,202,0
26493,203,0
26494,1,1
26494,2,0
26494,3,1
26494,5,1
26494,6,1
26494,7,1
26494,29,1
26494,30,1
26494,31,0
26494,32,0
26494,33,0
26494,34,0
26494,35,0
26494,36,0
26494,37,0
26494,39,0
26494,40,0
26494,41,0
26494,72,0
26494,73,1
26494,74,1
26494,82,1
26494,83,1
26494,84,1
26494,86,1
26494,87,1
26494,88,1
26494,90,1
26494,91,1
26494,92,1
26494,93,1
26494,147,1
26494,148,0
26494,149,0
26494,150,0
26494,194,0
26494,196,0
26494,197,0
26494,198,0
26494,200,0
26494,201,0
26494,202,0
26494,203,0
26496,1,1
26496,2,1
26496,3,0
26496,5,1
26496,6,1
26496,7,1
26496,29,1
26496,30,0
26496,31,1
26496,32,0
26496,33,0
26496,34,0
26496,35,0
26496,36,0
26496,37,0
26496,39,0
26496,40,0
26496,41,0
26496,49,1
26496,50,1
26496,52,1
26496,53,1
26496,54,1
26496,56,1
26496,57,1
26496,59,1
26496,60,1
26496,61,1
26496,63,1
26496,64,1
26496,65,1
26496,66,1
26496,67,1
26496,72,1
26496,73,1
26496,74,1
26496,82,1
26496,83,1
26496,84,1
26496,86,1
26496,87,1
26496,88,1
26496,90,1
26496,91,1
26496,92,1
26496,93,1
26496,147,1
26496,148,0
26496,149,0
26496,150,0
26496,194,0
26496,196,0
26496,197,0
26496,198,0
26496,200,0
26496,201,1
26496,202,0
26496,203,0
26497,1,1
26497,2,0
26497,3,1
26497,5,1
26497,6,1
26497,7,1
26497,29,1
26497,30,1
26497,31,0
26497,32,0
26497,33,0
26497,34,0
26497,35,0
26497,36,0
26497,37,0
26497,39,0
26497,40,0
26497,41,0
26497,49,1
26497,50,1
26497,52,1
26497,53,1
26497,54,1
26497,56,1
26497,57,1
26497,59,1
26497,60,1
26497,61,1
26497,63,1
26497,64,1
26497,65,1
26497,66,1
26497,67,1
26497,72,1
26497,73,1
26497,74,1
26497,82,1
26497,83,1
26497,84,1
26497,86,1
26497,87,1
26497,88,1
26497,90,1
26497,91,1
26497,92,1
26497,93,1
26497,147,1
26497,148,0
26497,149,0
26497,150,0
26497,194,0
26497,196,0
26497,197,0
26497,198,0
26497,200,0
26497,201,1
26497,202,0
26497,203,0
26498,1,1
26498,2,0
26498,3,1
26498,5,1
26498,6,1
26498,7,1
26498,29,1
26498,32,0
26498,33,0
26498,34,0
26498,35,0
26498,36,0
26498,37,0
26498,39,0
26498,40,0
26498,41,0
26498,72,1
26498,73,1
26498,74,1
26498,82,1
26498,83,1
26498,84,1
26498,86,1
26498,87,1
26498,88,1
26498,90,1
26498,91,1
26498,92,1
26498,93,1
26498,147,1
26498,148,0
26498,149,0
26498,150,0
26498,194,0
26498,196,0
26498,197,0
26498,198,0
26498,200,0
26498,201,1
26498,202,0
26498,203,0
26504,1,1
26504,2,1
26504,3,0
26504,5,1
26504,6,1
26504,7,1
26504,49,1
26504,50,1
26504,52,1
26504,53,1
26504,54,1
26504,56,1
26504,57,1
26504,59,1
26504,60,1
26504,61,1
26504,63,1
26504,64,1
26504,65,1
26504,66,1
26504,67,1
26504,72,1
26504,73,1
26504,74,1
26504,82,1
26504,83,1
26504,84,1
26504,86,1
26504,87,1
26504,88,1
26504,90,1
26504,91,1
26504,92,1
26504,93,1
26504,147,1
26504,148,0
26504,149,0
26504,150,0
26504,194,0
26504,196,0
26504,197,0
26504,198,0
26504,200,0
26504,201,1
26504,202,0
26504,203,0
26505,1,1
26505,2,0
26505,3,1
26505,5,1
26505,6,1
26505,7,1
26505,29,1
26505,30,1
26505,31,0
26505,32,0
26505,33,0
26505,34,0
26505,35,0
26505,36,0
26505,37,0
26505,39,0
26505,40,0
26505,41,0
26505,49,1
26505,50,1
26505,52,1
26505,53,1
26505,54,1
26505,56,1
26505,57,1
26505,59,1
26505,60,1
26505,61,1
26505,63,0
26505,64,1
26505,65,1
26505,66,1
26505,67,1
26505,72,1
26505,73,1
26505,74,1
26505,82,1
26505,83,1
26505,84,1
26505,86,1
26505,87,1
26505,88,1
26505,90,1
26505,91,1
26505,92,1
26505,93,1
26505,147,1
26505,148,0
26505,149,0
26505,150,0
26505,194,0
26505,196,0
26505,197,0
26505,198,0
26505,200,0
26505,201,1
26505,202,0
26505,203,0
26507,1,1
26507,2,0
26507,3,1
26507,5,1
26507,6,1
26507,7,1
26507,29,0
26507,30,0
26507,31,0
26507,32,1
26507,33,1
26507,34,0
26507,35,0
26507,36,0
26507,37,0
26507,39,0
26507,40,0
26507,41,0
26507,49,1
26507,50,1
26507,52,1
26507,53,1
26507,54,1
26507,56,1
26507,57,1
26507,59,1
26507,60,1
26507,61,1
26507,63,1
26507,64,1
26507,65,1
26507,66,1
26507,67,1
26507,72,1
26507,73,1
26507,74,1
26507,82,1
26507,83,1
26507,84,1
26507,86,1
26507,87,1
26507,88,1
26507,90,1
26507,91,1
26507,92,1
26507,93,1
26507,147,1
26507,148,0
26507,149,0
26507,150,0
26507,194,0
26507,196,0
26507,197,0
26507,198,0
26507,200,0
26507,201,0
26507,202,0
26507,203,0
26508,1,1
26508,2,0
26508,3,1
26508,5,1
26508,6,1
26508,7,1
26508,49,1
26508,50,1
26508,52,1
26508,53,1
26508,54,1
26508,56,1
26508,57,1
26508,59,1
26508,60,1
26508,61,1
26508,63,1
26508,64,1
26508,65,1
26508,66,1
26508,67,1
26508,72,1
26508,73,1
26508,74,1
26508,82,1
26508,83,1
26508,84,1
26508,86,1
26508,87,1
26508,88,1
26508,90,1
26508,91,1
26508,92,1
26508,93,1
26508,147,0
26508,148,1
26508,149,0
26508,150,0
26508,152,1
26508,153,1
26508,154,0
26508,155,1
26508,157,0
26508,159,0
26508,160,0
26508,164,0
26508,170,0
26508,171,0
26508,172,0
26508,173,0
26508,174,0
26508,175,0
26508,176,0
26508,177,0
26508,178,0
26508,181,0
26508,182,0
26508,183,0
26508,184,0
26508,194,0
26508,196,0
26508,197,0
26508,198,0
26508,200,0
26508,201,1
26508,202,0
26508,203,0
26511,1,1
26511,2,0
26511,3,1
26511,5,1
26511,6,1
26511,7,1
26511,72,1
26511,73,1
26511,74,1
26511,82,1
26511,83,1
26511,84,1
26511,86,1
26511,87,1
26511,88,1
26511,90,1
26511,91,1
26511,92,1
26511,93,1
26511,147,1
26511,148,0
26511,149,0
26511,150,0
26511,194,0
26511,196,0
26511,197,0
26511,198,0
26511,200,0
26511,201,0
26511,202,0
26511,203,0
26513,1,1
26513,2,0
26513,3,1
26513,5,1
26513,6,1
26513,7,1
26513,29,1
26513,30,0
26513,31,1
26513,32,0
26513,33,0
26513,34,0
26513,35,0
26513,36,0
26513,37,0
26513,39,0
26513,40,0
26513,41,0
26513,49,1
26513,50,1
26513,52,1
26513,53,1
26513,54,1
26513,56,1
26513,57,1
26513,59,1
26513,60,1
26513,61,1
26513,63,1
26513,64,1
26513,65,1
26513,66,1
26513,67,1
26513,72,1
26513,73,1
26513,74,1
26513,82,1
26513,83,1
26513,84,1
26513,86,1
26513,87,1
26513,88,1
26513,90,1
26513,91,1
26513,92,1
26513,93,1
26513,147,1
26513,148,0
26513,149,0
26513,150,0
26513,194,0
26513,196,0
26513,197,0
26513,198,0
26513,200,0
26513,201,0
26513,202,0
26513,203,0
26525,1,1
26525,2,1
26525,3,0
26525,5,1
26525,6,1
26525,7,1
26525,9,1
26525,10,0
26525,11,0
26525,12,0
26525,29,1
26525,32,0
26525,33,0
26525,34,0
26525,35,0
26525,36,0
26525,37,0
26525,39,0
26525,40,0
26525,41,0
26525,56,1
26525,57,1
26525,59,1
26525,60,1
26525,61,1
26525,63,1
26525,64,1
26525,65,1
26525,66,1
26525,67,1
26525,72,0
26525,73,1
26525,74,1
26525,82,1
26525,83,1
26525,84,1
26525,86,1
26525,87,1
26525,88,1
26525,90,1
26525,91,1
26525,92,1
26525,93,1
26525,147,1
26525,148,0
26525,149,0
26525,150,0
26525,194,0
26525,196,0
26525,197,0
26525,198,0
26525,200,0
26525,201,1
26525,202,0
26525,203,0
26527,1,1
26527,2,0
26527,3,1
26527,5,1
26527,6,1
26527,7,1
26527,9,1
26527,10,0
26527,11,0
26527,12,0
26527,29,0
26527,30,0
26527,31,0
26527,32,0
26527,33,0
26527,34,0
26527,35,0
26527,36,0
26527,37,0
26527,39,1
26527,49,1
26527,50,1
26527,52,1
26527,53,1
26527,54,1
26527,56,1
26527,57,1
26527,59,1
26527,60,1
26527,61,1
26527,63,1
26527,64,1
26527,65,1
26527,66,1
26527,67,1
26527,72,1
26527,73,1
26527,74,1
26527,82,1
26527,83,1
26527,84,1
26527,86,1
26527,87,1
26527,88,1
26527,90,1
26527,91,1
26527,92,1
26527,93,1
26527,147,0
26527,148,0
26527,149,1
26527,150,0
26527,152,0
26527,153,0
26527,154,0
26527,155,0
26527,157,0
26527,159,0
26527,160,0
26527,164,0
26527,170,1
26527,171,1
26527,172,0
26527,173,0
26527,174,1
26527,175,1
26527,176,0
26527,177,0
26527,178,0
26527,181,0
26527,182,0
26527,183,0
26527,184,0
26527,194,1
26527,196,0
26527,197,0
26527,198,0
26527,200,0
26527,201,1
26527,202,0
26527,203,0
26531,1,1
26531,2,0
26531,3,1
26531,5,1
26531,6,1
26531,7,1
26531,56,1
26531,57,1
26531,59,1
26531,60,1
26531,61,1
26531,63,1
26531,64,1
26531,65,1
26531,66,1
26531,67,1
26531,72,1
26531,73,1
26531,74,1
26531,82,1
26531,83,1
26531,84,1
26531,86,1
26531,87,1
26531,88,1
26531,90,1
26531,91,1
26531,92,1
26531,93,1
26531,147,1
26531,148,0
26531,149,0
26531,150,0
26531,194,0
26531,196,0
26531,197,0
26531,198,0
26531,200,0
26531,201,0
26531,202,0
26531,203,0
26537,1,1
26537,2,0
26537,3,1
26537,5,1
26537,6,1
26537,7,1
26537,49,1
26537,50,1
26537,52,1
26537,53,1
26537,54,1
26537,56,1
26537,57,1
26537,59,1
26537,60,1
26537,61,1
26537,63,1
26537,64,1
26537,65,1
26537,66,1
26537,67,1
26537,72,1
26537,73,1
26537,74,1
26537,82,1
26537,83,1
26537,84,0
26537,86,1
26537,87,1
26537,88,1
26537,90,1
26537,91,1
26537,92,1
26537,93,1
26537,147,1
26537,148,0
26537,149,0
26537,150,0
26537,194,0
26537,196,0
26537,197,0
26537,198,0
26537,200,0
26537,201,1
26537,202,1
26537,203,0
26538,1,1
26538,2,0
26538,3,1
26538,5,1
26538,6,1
26538,7,1
26538,29,1
26538,30,1
26538,31,0
26538,32,0
26538,33,0
26538,34,0
26538,35,0
26538,36,0
26538,37,0
26538,39,0
26538,40,0
26538,41,0
26538,72,1
26538,73,1
26538,74,1
26538,82,1
26538,83,1
26538,84,1
26538,86,1
26538,87,1
26538,88,1
26538,90,1
26538,91,1
26538,92,1
26538,93,1
26538,147,1
26538,148,0
26538,149,0
26538,150,0
26538,194,0
26538,196,0
26538,197,0
26538,198,0
26538,200,0
26538,201,1
26538,202,0
26538,203,0
26539,1,1
26539,2,0
26539,3,1
26539,5,1
26539,6,1
26539,7,1
26539,49,1
26539,50,1
26539,52,1
26539,53,1
26539,54,1
26539,56,1
26539,57,1
26539,59,1
26539,60,1
26539,61,1
26539,63,1
26539,64,1
26539,65,1
26539,66,1
26539,67,1
26539,72,1
26539,73,1
26539,74,1
26539,82,1
26539,83,1
26539,84,1
26539,86,1
26539,87,1
26539,88,1
26539,90,1
26539,91,1
26539,92,1
26539,93,1
26539,147,0
26539,148,0
26539,149,1
26539,150,0
26539,152,1
26539,153,0
26539,154,0
26539,155,0
26539,157,0
26539,159,0
26539,160,0
26539,164,0
26539,170,1
26539,171,0
26539,172,0
26539,173,0
26539,174,0
26539,175,0
26539,176,0
26539,177,0
26539,178,0
26539,181,0
26539,182,0
26539,183,0
26539,184,0
26539,194,0
26539,196,0
26539,197,0
26539,198,0
26539,200,0
26539,201,1
26539,202,0
26539,203,0
26544,1,1
26544,2,0
26544,3,1
26544,5,1
26544,6,1
26544,7,1
26544,9,0
26544,10,1
26544,11,0
26544,12,0
26544,29,0
26544,30,0
26544,31,0
26544,32,0
26544,33,0
26544,34,0
26544,35,0
26544,36,0
26544,37,0
26544,39,1
26544,49,0
26544,50,1
26544,52,1
26544,53,1
26544,54,1
26544,56,1
26544,57,1
26544,59,1
26544,60,1
26544,61,1
26544,63,1
26544,64,1
26544,65,1
26544,66,1
26544,67,1
26544,72,1
26544,73,1
26544,74,1
26544,82,1
26544,83,1
26544,84,1
26544,86,1
26544,87,1
26544,88,1
26544,90,1
26544,91,1
26544,92,1
26544,93,1
26544,147,1
26544,148,0
26544,149,0
26544,150,0
26544,194,0
26544,196,0
26544,197,0
26544,198,0
26544,200,0
26544,201,0
26544,202,0
26544,203,0
26545,1,1
26545,2,0
26545,3,1
26545,5,1
26545,6,1
26545,7,1
26545,9,0
26545,10,1
26545,11,0
26545,12,0
26545,29,1
26545,30,1
26545,31,0
26545,32,0
26545,33,0
26545,34,0
26545,35,0
26545,36,0
26545,37,0
26545,39,0
26545,40,0
26545,41,0
26545,49,1
26545,50,1
26545,52,1
26545,53,1
26545,54,1
26545,56,1
26545,57,1
26545,59,1
26545,60,1
26545,61,1
26545,63,1
26545,64,1
26545,65,1
26545,66,1
26545,67,1
26545,72,1
26545,73,1
26545,74,1
26545,82,1
26545,83,1
26545,84,1
26545,86,1
26545,87,1
26545,88,1
26545,90,1
26545,91,1
26545,92,1
26545,93,1
26545,147,1
26545,148,0
26545,149,0
26545,150,0
26545,194,0
26545,196,1
26545,197,0
26545,198,0
26545,200,0
26545,201,1
26545,202,0
26545,203,0
26734,1,1
26734,2,0
26734,3,1
26734,5,1
26734,6,1
26734,7,1
26734,29,1
26734,30,1
26734,31,0
26734,32,0
26734,33,0
26734,34,0
26734,35,0
26734,36,0
26734,37,0
26734,39,0
26734,40,0
26734,41,0
26734,72,1
26734,73,1
26734,74,1
26734,82,1
26734,83,1
26734,84,1
26734,90,1
26734,91,1
26734,92,1
26734,93,1
26734,147,1
26734,148,0
26734,149,0
26734,150,0
26734,194,0
26734,196,0
26734,197,0
26734,198,0
26734,200,0
26734,201,1
26734,202,0
26734,203,0
26737,1,1
26737,2,1
26737,3,0
26737,5,1
26737,6,1
26737,7,1
26737,49,1
26737,50,1
26737,52,1
26737,53,1
26737,54,1
26737,56,1
26737,57,1
26737,59,1
26737,60,1
26737,61,1
26737,63,1
26737,64,1
26737,65,1
26737,66,1
26737,67,1
26737,72,1
26737,73,1
26737,74,1
26737,82,1
26737,83,1
26737,84,1
26737,90,1
26737,91,1
26737,92,1
26737,93,1
26737,147,1
26737,148,0
26737,149,0
26737,150,0
26737,194,0
26737,196,0
26737,197,0
26737,198,0
26737,200,0
26737,201,0
26737,202,0
26737,203,0
26740,1,1
26740,2,0
26740,3,1
26740,5,1
26740,6,1
26740,7,1
26740,29,0
26740,30,0
26740,31,0
26740,32,1
26740,33,0
26740,34,1
26740,35,0
26740,36,0
26740,37,0
26740,39,0
26740,40,0
26740,41,0
26740,49,1
26740,50,1
26740,52,1
26740,53,1
26740,54,1
26740,56,1
26740,57,1
26740,59,1
26740,60,1
26740,61,1
26740,63,1
26740,64,1
26740,65,1
26740,66,1
26740,67,1
26740,72,1
26740,73,1
26740,74,1
26740,82,1
26740,83,1
26740,84,1
26740,90,1
26740,91,1
26740,92,1
26740,93,1
26740,147,0
26740,148,1
26740,149,0
26740,150,0
26740,152,1
26740,153,1
26740,154,1
26740,155,0
26740,157,0
26740,159,0
26740,160,0
26740,164,0
26740,170,0
26740,171,0
26740,172,0
26740,173,0
26740,174,0
26740,175,0
26740,176,0
26740,177,0
26740,178,0
26740,181,0
26740,182,0
26740,183,0
26740,184,0
26740,194,0
26740,196,0
26740,197,0
26740,198,0
26740,200,0
26740,201,1
26740,202,0
26740,203,0
26742,1,1
26742,2,0
26742,3,1
26742,5,1
26742,6,1
26742,7,1
26742,29,1
26742,30,1
26742,31,0
26742,32,0
26742,33,0
26742,34,0
26742,35,0
26742,36,0
26742,37,0
26742,39,0
26742,40,0
26742,41,0
26742,49,1
26742,50,1
26742,52,1
26742,53,1
26742,54,1
26742,56,1
26742,57,1
26742,59,1
26742,60,1
26742,61,1
26742,63,1
26742,64,1
26742,65,1
26742,66,1
26742,67,1
26742,72,1
26742,73,1
26742,74,1
26742,82,1
26742,83,1
26742,84,1
26742,86,1
26742,87,1
26742,88,1
26742,90,1
26742,91,1
26742,92,1
26742,93,0
26742,147,1
26742,148,0
26742,149,0
26742,150,0
26742,194,0
26742,196,0
26742,197,0
26742,198,0
26742,200,0
26742,201,1
26742,202,0
26742,203,0
26748,1,1
26748,2,1
26748,3,0
26748,5,1
26748,6,1
26748,7,1
26748,9,1
26748,10,0
26748,11,0
26748,12,0
26748,29,0
26748,30,0
26748,31,0
26748,32,0
26748,33,0
26748,34,0
26748,35,0
26748,36,0
26748,37,0
26748,39,1
26748,49,1
26748,50,1
26748,52,1
26748,53,1
26748,54,1
26748,56,1
26748,57,1
26748,59,1
26748,60,1
26748,61,1
26748,63,1
26748,64,1
26748,65,1
26748,66,1
26748,67,1
26748,72,1
26748,73,1
26748,74,1
26748,82,1
26748,83,1
26748,84,1
26748,86,1
26748,87,1
26748,88,1
26748,90,1
26748,91,1
26748,92,1
26748,93,1
26748,147,0
26748,148,1
26748,149,0
26748,150,0
26748,152,1
26748,153,1
26748,154,0
26748,155,1
26748,157,0
26748,159,0
26748,160,0
26748,164,0
26748,170,0
26748,171,0
26748,172,0
26748,173,0
26748,174,0
26748,175,0
26748,176,0
26748,177,0
26748,178,0
26748,181,0
26748,182,0
26748,183,0
26748,184,0
26748,194,1
26748,196,0
26748,197,0
26748,198,0
26748,200,0
26748,201,1
26748,202,0
26748,203,0
26758,1,1
26758,2,1
26758,3,0
26758,5,1
26758,6,1
26758,7,1
26758,9,0
26758,10,0
26758,11,0
26758,12,1
26758,29,0
26758,30,0
26758,31,0
26758,32,0
26758,33,0
26758,34,0
26758,35,0
26758,36,0
26758,37,0
26758,39,1
26758,49,1
26758,50,1
26758,52,1
26758,53,1
26758,54,1
26758,56,1
26758,57,1
26758,59,1
26758,60,1
26758,61,1
26758,63,1
26758,64,1
26758,65,1
26758,66,1
26758,67,1
26758,72,1
26758,73,1
26758,74,1
26758,82,1
26758,83,1
26758,84,1
26758,86,1
26758,87,1
26758,88,0
26758,90,0
26758,91,0
26758,92,0
26758,93,0
26758,147,0
26758,148,1
26758,149,0
26758,150,0
26758,152,1
26758,153,1
26758,154,0
26758,155,1
26758,157,0
26758,159,0
26758,160,0
26758,164,0
26758,170,0
26758,171,0
26758,172,0
26758,173,0
26758,174,0
26758,175,0
26758,176,0
26758,177,0
26758,178,0
26758,181,0
26758,182,0
26758,183,0
26758,184,0
26758,194,1
26758,196,0
26758,197,0
26758,198,0
26758,200,0
26758,201,1
26758,202,0
26758,203,0
26761,1,1
26761,2,0
26761,3,1
26761,5,1
26761,6,1
26761,7,1
26761,147,1
26761,148,0
26761,149,0
26761,150,0
26761,194,0
26761,196,0
26761,197,0
26761,198,0
26761,200,0
26761,201,0
26761,202,0
26761,203,0
26764,1,1
26764,2,0
26764,3,1
26764,5,1
26764,6,1
26764,7,1
26764,49,1
26764,50,1
26764,52,1
26764,53,1
26764,54,1
26764,56,1
26764,57,1
26764,59,1
26764,60,1
26764,61,1
26764,63,1
26764,64,1
26764,65,1
26764,66,1
26764,67,1
26764,72,1
26764,73,1
26764,74,1
26764,82,1
26764,83,1
26764,84,1
26764,86,1
26764,87,1
26764,88,1
26764,90,1
26764,91,1
26764,92,1
26764,93,0
26764,147,1
26764,148,0
26764,149,0
26764,150,0
26764,194,0
26764,196,0
26764,197,0
26764,198,0
26764,200,0
26764,201,1
26764,202,0
26764,203,0
26770,1,1
26770,2,0
26770,3,1
26770,5,1
26770,6,1
26770,7,1
26770,9,0
26770,10,1
26770,11,0
26770,12,0
26770,29,0
26770,30,0
26770,31,0
26770,32,0
26770,33,0
26770,34,0
26770,35,1
26770,36,0
26770,37,1
26770,39,0
26770,40,0
26770,41,0
26770,49,1
26770,50,1
26770,52,1
26770,53,1
26770,54,1
26770,56,1
26770,57,1
26770,59,1
26770,60,1
26770,61,1
26770,63,1
26770,64,1
26770,65,1
26770,66,1
26770,67,1
26770,72,0
26770,73,1
26770,74,1
26770,82,1
26770,83,0
26770,84,0
26770,86,1
26770,87,1
26770,88,1
26770,90,1
26770,91,1
26770,92,1
26770,93,1
26770,147,0
26770,148,0
26770,149,0
26770,150,0
26770,152,1
26770,153,1
26770,154,0
26770,155,1
26770,157,1
26770,159,0
26770,160,0
26770,164,0
26770,170,1
26770,171,0
26770,172,0
26770,173,0
26770,174,0
26770,175,0
26770,176,0
26770,177,0
26770,178,0
26770,181,0
26770,182,0
26770,183,0
26770,184,0
26770,194,1
26770,196,0
26770,197,0
26770,198,0
26770,200,0
26770,201,1
26770,202,0
26770,203,0
26775,1,1
26775,2,0
26775,3,1
26775,5,1
26775,6,1
26775,7,1
26775,56,1
26775,57,1
26775,59,1
26775,60,1
26775,61,1
26775,63,1
26775,64,1
26775,65,1
26775,66,1
26775,67,1
26775,72,1
26775,73,1
26775,74,1
26775,82,1
26775,83,1
26775,84,1
26775,86,1
26775,87,1
26775,88,1
26775,90,1
26775,91,1
26775,92,1
26775,93,1
26775,147,1
26775,148,0
26775,149,0
26775,150,0
26775,194,0
26775,196,0
26775,197,0
26775,198,0
26775,200,0
26775,201,1
26775,202,0
26775,203,0
26776,1,1
26776,2,1
26776,3,0
26776,5,1
26776,6,1
26776,7,1
26776,29,0
26776,30,0
26776,31,0
26776,32,1
26776,33,1
26776,34,0
26776,35,0
26776,36,0
26776,37,0
26776,39,0
26776,40,0
26776,41,0
26776,49,0
26776,50,1
26776,52,1
26776,53,1
26776,54,1
26776,56,1
26776,57,1
26776,59,1
26776,60,1
26776,61,1
26776,63,0
26776,64,1
26776,65,1
26776,66,1
26776,67,1
26776,72,1
26776,73,1
26776,74,1
26776,82,1
26776,83,1
26776,84,1
26776,86,1
26776,87,1
26776,88,1
26776,90,1
26776,91,1
26776,92,1
26776,93,1
26776,147,1
26776,148,0
26776,149,0
26776,150,0
26776,194,0
26776,196,0
26776,197,0
26776,198,0
26776,200,0
26776,201,1
26776,202,0
26776,203,0
26777,1,1
26777,2,1
26777,3,0
26777,5,1
26777,6,1
26777,7,1
26777,49,1
26777,50,1
26777,52,1
26777,53,1
26777,54,1
26777,56,1
26777,57,1
26777,59,1
26777,60,1
26777,61,1
26777,63,1
26777,64,1
26777,65,1
26777,66,1
26777,67,1
26777,72,0
26777,73,1
26777,74,1
26777,82,1
26777,83,1
26777,84,1
26777,86,1
26777,87,1
26777,88,1
26777,90,1
26777,91,1
26777,92,1
26777,93,1
26777,147,1
26777,148,0
26777,149,0
26777,150,0
26777,194,0
26777,196,0
26777,197,0
26777,198,0
26777,200,0
26777,201,1
26777,202,0
26777,203,0
26788,1,1
26788,2,0
26788,3,1
26788,5,1
26788,6,1
26788,7,1
26788,9,1
26788,10,0
26788,11,0
26788,12,0
26788,29,0
26788,30,0
26788,31,0
26788,32,0
26788,33,0
26788,34,0
26788,35,0
26788,36,0
26788,37,0
26788,39,1
26788,49,1
26788,50,1
26788,52,1
26788,53,1
26788,54,1
26788,56,1
26788,57,1
26788,59,1
26788,60,1
26788,61,1
26788,63,1
26788,64,1
26788,65,1
26788,66,1
26788,67,1
26788,72,1
26788,73,1
26788,74,1
26788,82,1
26788,83,1
26788,84,1
26788,86,1
26788,87,1
26788,88,1
26788,90,1
26788,91,1
26788,92,1
26788,93,1
26788,147,0
26788,148,1
26788,149,0
26788,150,0
26788,152,0
26788,153,0
26788,154,0
26788,155,0
26788,157,0
26788,159,0
26788,160,0
26788,164,0
26788,170,1
26788,171,1
26788,172,0
26788,173,0
26788,174,0
26788,175,1
26788,176,0
26788,177,0
26788,178,0
26788,181,0
26788,182,0
26788,183,0
26788,184,0
26788,194,0
26788,196,0
26788,197,0
26788,198,0
26788,200,0
26788,201,1
26788,202,0
26788,203,0
26790,1,1
26790,2,0
26790,3,1
26790,5,1
26790,6,1
26790,7,1
26790,29,1
26790,30,0
26790,31,1
26790,32,0
26790,33,0
26790,34,0
26790,35,0
26790,36,0
26790,37,0
26790,39,0
26790,40,0
26790,41,0
26790,72,1
26790,73,1
26790,74,1
26790,82,1
26790,83,1
26790,84,1
26790,86,1
26790,87,1
26790,88,1
26790,90,1
26790,91,1
26790,92,1
26790,93,1
26790,147,1
26790,148,0
26790,149,0
26790,150,0
26790,194,0
26790,196,0
26790,197,0
26790,198,0
26790,200,0
26790,201,1
26790,202,0
26790,203,0
26797,1,1
26797,2,0
26797,3,1
26797,5,1
26797,6,1
26797,7,1
26797,56,1
26797,57,1
26797,59,1
26797,60,1
26797,61,1
26797,63,1
26797,64,1
26797,65,1
26797,66,1
26797,67,1
26797,72,1
26797,73,1
26797,74,1
26797,82,1
26797,83,1
26797,84,1
26797,86,1
26797,87,1
26797,88,1
26797,90,1
26797,91,1
26797,92,1
26797,93,1
26797,147,1
26797,148,0
26797,149,0
26797,150,0
26797,194,0
26797,196,0
26797,197,0
26797,198,0
26797,200,0
26797,201,0
26797,202,0
26797,203,0
26798,1,1
26798,2,0
26798,3,1
26798,5,1
26798,6,1
26798,7,1
26798,29,1
26798,30,1
26798,31,0
26798,32,0
26798,33,0
26798,34,0
26798,35,0
26798,36,0
26798,37,0
26798,39,0
26798,40,0
26798,41,0
26798,56,1
26798,57,1
26798,59,1
26798,60,1
26798,61,1
26798,63,1
26798,64,1
26798,65,1
26798,66,1
26798,67,1
26798,72,0
26798,73,1
26798,74,1
26798,82,1
26798,83,1
26798,84,1
26798,86,1
26798,87,1
26798,88,1
26798,90,1
26798,91,1
26798,92,1
26798,93,0
26798,147,1
26798,148,0
26798,149,0
26798,150,0
26798,194,0
26798,196,0
26798,197,0
26798,198,0
26798,200,0
26798,201,0
26798,202,0
26798,203,0
26814,1,1
26814,2,0
26814,3,1
26814,5,1
26814,6,1
26814,7,1
26814,72,1
26814,73,1
26814,74,1
26814,82,1
26814,83,1
26814,84,1
26814,86,1
26814,87,1
26814,88,1
26814,90,1
26814,91,1
26814,92,1
26814,93,1
26814,147,1
26814,148,0
26814,149,0
26814,150,0
26814,194,0
26814,196,0
26814,197,0
26814,198,0
26814,200,0
26814,201,1
26814,202,0
26814,203,0
26819,1,1
26819,2,0
26819,3,1
26819,5,1
26819,6,1
26819,7,1
26819,49,1
26819,50,1
26819,52,1
26819,53,1
26819,54,1
26819,56,1
26819,57,1
26819,59,1
26819,60,1
26819,61,1
26819,63,1
26819,64,1
26819,65,1
26819,66,1
26819,67,1
26819,72,1
26819,73,1
26819,74,1
26819,82,1
26819,83,1
26819,84,1
26819,86,1
26819,87,1
26819,88,1
26819,90,1
26819,91,1
26819,92,1
26819,93,1
26819,147,1
26819,148,0
26819,149,0
26819,150,0
26819,194,0
26819,196,0
26819,197,0
26819,198,0
26819,200,0
26819,201,1
26819,202,0
26819,203,0
26821,1,1
26821,2,0
26821,3,1
26821,5,1
26821,6,1
26821,7,1
26821,29,0
26821,30,0
26821,31,0
26821,32,0
26821,33,0
26821,34,0
26821,35,0
26821,36,0
26821,37,0
26821,39,1
26821,49,1
26821,50,1
26821,52,1
26821,53,1
26821,54,1
26821,56,1
26821,57,1
26821,59,1
26821,60,1
26821,61,1
26821,63,1
26821,64,1
26821,65,1
26821,66,1
26821,67,1
26821,72,1
26821,73,1
26821,74,1
26821,82,1
26821,83,1
26821,84,1
26821,86,1
26821,87,1
26821,88,1
26821,90,1
26821,91,1
26821,92,1
26821,93,1
26821,147,1
26821,148,0
26821,149,0
26821,150,0
26821,194,0
26821,196,0
26821,197,0
26821,198,0
26821,200,0
26821,201,0
26821,202,0
26821,203,0
26829,1,1
26829,2,0
26829,3,0
26829,5,1
26829,6,1
26829,7,1
26829,49,1
26829,50,1
26829,52,1
26829,53,1
26829,54,1
26829,56,1
26829,57,1
26829,59,1
26829,60,1
26829,61,1
26829,63,1
26829,64,1
26829,65,1
26829,66,1
26829,67,1
26829,72,1
26829,73,1
26829,74,1
26829,82,1
26829,83,1
26829,84,1
26829,86,1
26829,87,1
26829,88,1
26829,90,1
26829,91,1
26829,92,1
26829,93,1
26829,147,1
26829,148,0
26829,149,0
26829,150,0
26829,194,0
26829,196,0
26829,197,0
26829,198,0
26829,200,0
26829,201,0
26829,202,0
26829,203,0
26834,1,1
26834,2,1
26834,3,0
26834,5,1
26834,6,1
26834,7,1
26834,49,1
26834,50,1
26834,52,1
26834,53,1
26834,54,1
26834,56,1
26834,57,1
26834,59,1
26834,60,1
26834,61,1
26834,63,1
26834,64,1
26834,65,1
26834,66,1
26834,67,1
26834,72,1
26834,73,1
26834,74,1
26834,82,1
26834,83,1
26834,84,1
26834,86,1
26834,87,1
26834,88,1
26834,90,1
26834,91,1
26834,92,1
26834,93,1
26834,147,1
26834,148,0
26834,149,0
26834,150,0
26834,194,0
26834,196,0
26834,197,0
26834,198,0
26834,200,0
26834,201,0
26834,202,0
26834,203,1
26843,1,1
26843,2,0
26843,3,1
26843,5,1
26843,6,1
26843,7,1
26843,56,1
26843,57,1
26843,59,1
26843,60,1
26843,61,1
26843,63,1
26843,64,1
26843,65,1
26843,66,1
26843,67,1
26843,72,1
26843,73,1
26843,74,1
26843,82,1
26843,83,1
26843,84,1
26843,86,1
26843,87,1
26843,88,1
26843,90,1
26843,91,1
26843,92,1
26843,93,0
26843,147,1
26843,148,0
26843,149,0
26843,150,0
26843,194,0
26843,196,0
26843,197,0
26843,198,0
26843,200,0
26843,201,1
26843,202,0
26843,203,0
27002,1,1
27002,2,0
27002,3,1
27002,5,1
27002,6,1
27002,7,1
27002,49,1
27002,50,1
27002,52,1
27002,53,1
27002,54,1
27002,56,1
27002,57,1
27002,59,1
27002,60,1
27002,61,1
27002,63,1
27002,64,1
27002,65,1
27002,66,1
27002,67,1
27002,72,1
27002,73,1
27002,74,1
27002,82,1
27002,83,1
27002,84,1
27002,86,1
27002,87,1
27002,88,0
27002,90,1
27002,91,1
27002,92,1
27002,93,0
27002,147,1
27002,148,0
27002,149,0
27002,150,0
27002,194,0
27002,196,0
27002,197,0
27002,198,0
27002,200,0
27002,201,0
27002,202,0
27002,203,0
27008,1,1
27008,2,0
27008,3,1
27008,5,1
27008,6,1
27008,7,1
27008,9,1
27008,10,0
27008,11,0
27008,12,0
27008,29,0
27008,30,0
27008,31,0
27008,32,1
27008,33,1
27008,34,0
27008,35,0
27008,36,0
27008,37,0
27008,39,0
27008,40,0
27008,41,0
27008,49,1
27008,50,1
27008,52,1
27008,53,1
27008,54,1
27008,56,1
27008,57,1
27008,59,1
27008,60,1
27008,61,1
27008,63,1
27008,64,1
27008,65,1
27008,66,1
27008,67,1
27008,72,1
27008,73,1
27008,74,1
27008,82,1
27008,83,1
27008,84,1
27008,86,1
27008,87,1
27008,88,1
27008,90,1
27008,91,1
27008,92,1
27008,93,1
27008,147,1
27008,148,0
27008,149,0
27008,150,0
27008,194,0
27008,196,0
27008,197,0
27008,198,0
27008,200,0
27008,201,1
27008,202,0
27008,203,0
27009,1,1
27009,2,0
27009,3,1
27009,5,1
27009,6,1
27009,7,1
27009,9,0
27009,10,1
27009,11,0
27009,12,0
27009,29,0
27009,30,0
27009,31,0
27009,32,0
27009,33,0
27009,34,0
27009,35,0
27009,36,0
27009,37,0
27009,39,1
27009,49,1
27009,50,1
27009,52,1
27009,53,1
27009,54,1
27009,56,1
27009,57,1
27009,59,1
27009,60,1
27009,61,1
27009,63,1
27009,64,1
27009,65,1
27009,66,1
27009,67,1
27009,72,1
27009,73,1
27009,74,1
27009,82,1
27009,83,1
27009,84,1
27009,86,1
27009,87,1
27009,88,1
27009,90,1
27009,91,1
27009,92,1
27009,93,1
27009,147,0
27009,148,1
27009,149,0
27009,150,0
27009,152,0
27009,153,0
27009,154,0
27009,155,0
27009,157,0
27009,159,0
27009,160,0
27009,164,0
27009,170,1
27009,171,1
27009,172,0
27009,173,0
27009,174,0
27009,175,1
27009,176,0
27009,177,0
27009,178,0
27009,181,0
27009,182,0
27009,183,0
27009,184,0
27009,194,0
27009,196,0
27009,197,0
27009,198,0
27009,200,0
27009,201,1
27009,202,0
27009,203,0
27012,1,1
27012,2,0
27012,3,1
27012,5,1
27012,6,1
27012,7,1
27012,49,0
27012,50,1
27012,52,1
27012,53,1
27012,54,1
27012,56,1
27012,57,1
27012,59,1
27012,60,1
27012,61,1
27012,63,1
27012,64,1
27012,65,1
27012,66,1
27012,67,1
27012,72,1
27012,73,1
27012,74,1
27012,82,1
27012,83,1
27012,84,1
27012,86,1
27012,87,1
27012,88,1
27012,90,1
27012,91,1
27012,92,0
27012,93,0
27012,147,1
27012,148,0
27012,149,0
27012,150,0
27012,194,0
27012,196,0
27012,197,0
27012,198,0
27012,200,0
27012,201,0
27012,202,0
27012,203,0
27016,1,1
27016,2,0
27016,3,1
27016,5,1
27016,6,1
27016,7,1
27016,56,1
27016,57,1
27016,59,1
27016,60,1
27016,61,1
27016,63,0
27016,64,1
27016,65,1
27016,66,1
27016,67,1
27016,72,1
27016,73,1
27016,74,1
27016,82,1
27016,83,1
27016,84,1
27016,90,1
27016,91,1
27016,92,1
27016,93,1
27016,147,1
27016,148,0
27016,149,0
27016,150,0
27016,194,0
27016,196,0
27016,197,0
27016,198,0
27016,200,0
27016,201,0
27016,202,0
27016,203,0
27284,1,1
27284,2,0
27284,3,1
27284,5,1
27284,6,1
27284,7,1
27284,49,1
27284,50,1
27284,52,1
27284,53,1
27284,54,1
27284,56,1
27284,57,1
27284,59,1
27284,60,1
27284,61,1
27284,63,0
27284,64,1
27284,65,1
27284,66,1
27284,67,1
27284,72,1
27284,73,1
27284,74,1
27284,82,1
27284,83,1
27284,84,1
27284,86,1
27284,87,1
27284,88,1
27284,90,1
27284,91,1
27284,92,1
27284,93,1
27284,147,1
27284,148,0
27284,149,0
27284,150,0
27284,194,0
27284,196,0
27284,197,0
27284,198,0
27284,200,0
27284,201,0
27284,202,1
27284,203,1
27285,1,1
27285,2,1
27285,3,0
27285,5,1
27285,6,1
27285,7,1
27285,72,1
27285,73,1
27285,74,1
27285,82,1
27285,83,1
27285,84,1
27285,86,1
27285,87,1
27285,88,1
27285,90,1
27285,91,1
27285,92,1
27285,93,1
27285,147,1
27285,148,0
27285,149,0
27285,150,0
27285,194,0
27285,196,0
27285,197,0
27285,198,0
27285,200,0
27285,201,1
27285,202,0
27285,203,0
27292,1,1
27292,2,1
27292,3,0
27292,5,1
27292,6,1
27292,7,1
27292,9,1
27292,10,0
27292,11,0
27292,12,0
27292,29,0
27292,30,0
27292,31,0
27292,32,0
27292,33,0
27292,34,0
27292,35,1
27292,36,1
27292,37,0
27292,39,0
27292,40,0
27292,41,0
27292,49,1
27292,50,1
27292,52,1
27292,53,1
27292,54,1
27292,56,1
27292,57,1
27292,59,1
27292,60,1
27292,61,1
27292,63,1
27292,64,1
27292,65,1
27292,66,1
27292,67,1
27292,72,1
27292,73,1
27292,74,1
27292,82,1
27292,83,1
27292,84,1
27292,86,1
27292,87,1
27292,88,1
27292,90,1
27292,91,1
27292,92,1
27292,93,1
27292,147,1
27292,148,0
27292,149,0
27292,150,0
27292,194,0
27292,196,0
27292,197,0
27292,198,0
27292,200,0
27292,201,1
27292,202,1
27292,203,0
27293,1,1
27293,2,0
27293,3,1
27293,5,1
27293,6,1
27293,7,1
27293,9,1
27293,10,0
27293,11,0
27293,12,0
27293,29,1
27293,30,1
27293,31,0
27293,32,1
27293,33,1
27293,34,0
27293,35,0
27293,36,0
27293,37,0
27293,39,0
27293,40,0
27293,41,0
27293,49,1
27293,50,1
27293,52,1
27293,53,1
27293,54,1
27293,56,1
27293,57,1
27293,59,1
27293,60,1
27293,61,1
27293,63,1
27293,64,1
27293,65,1
27293,66,1
27293,67,1
27293,72,1
27293,73,1
27293,74,1
27293,82,1
27293,83,1
27293,84,1
27293,86,1
27293,87,1
27293,88,1
27293,90,1
27293,91,1
27293,92,1
27293,93,1
27293,147,1
27293,148,0
27293,149,0
27293,150,0
27293,194,0
27293,196,0
27293,197,0
27293,198,0
27293,200,0
27293,201,1
27293,202,0
27293,203,0
27304,1,1
27304,2,0
27304,3,1
27304,5,1
27304,6,1
27304,7,1
27304,56,1
27304,57,1
27304,59,1
27304,60,1
27304,61,1
27304,63,1
27304,64,1
27304,65,1
27304,66,1
27304,67,1
27304,72,1
27304,73,1
27304,74,1
27304,82,1
27304,83,1
27304,84,1
27304,86,1
27304,87,1
27304,88,1
27304,90,1
27304,91,1
27304,92,1
27304,93,0
27304,147,1
27304,148,0
27304,149,0
27304,150,0
27304,194,0
27304,196,0
27304,197,0
27304,198,0
27304,200,0
27304,201,0
27304,202,0
27304,203,0
27306,1,1
27306,2,0
27306,3,1
27306,5,1
27306,6,1
27306,7,1
27306,49,1
27306,50,1
27306,52,1
27306,53,1
27306,54,1
27306,56,1
27306,57,1
27306,59,1
27306,60,1
27306,61,1
27306,63,1
27306,64,1
27306,65,1
27306,66,1
27306,67,1
27306,72,0
27306,73,1
27306,74,1
27306,82,1
27306,83,1
27306,84,1
27306,86,1
27306,87,1
27306,88,1
27306,90,1
27306,91,1
27306,92,1
27306,93,1
27306,147,1
27306,148,0
27306,149,0
27306,150,0
27306,194,0
27306,196,0
27306,197,0
27306,198,0
27306,200,0
27306,201,1
27306,202,0
27306,203,0
27307,1,1
27307,2,0
27307,3,1
27307,5,1
27307,6,1
27307,7,1
27307,49,1
27307,50,1
27307,52,1
27307,53,1
27307,54,1
27307,56,1
27307,57,1
27307,59,1
27307,60,1
27307,61,1
27307,63,1
27307,64,1
27307,65,1
27307,66,1
27307,67,1
27307,72,0
27307,73,1
27307,74,1
27307,82,1
27307,83,1
27307,84,1
27307,86,1
27307,87,1
27307,88,1
27307,90,1
27307,91,1
27307,92,1
27307,93,1
27307,147,1
27307,148,0
27307,149,0
27307,150,0
27307,194,0
27307,196,0
27307,197,0
27307,198,0
27307,200,0
27307,201,1
27307,202,0
27307,203,0
27309,1,1
27309,2,0
27309,3,1
27309,5,1
27309,6,1
27309,7,1
27309,9,1
27309,10,0
27309,11,0
27309,12,0
27309,49,1
27309,50,1
27309,52,1
27309,53,1
27309,54,1
27309,56,1
27309,57,1
27309,59,1
27309,60,1
27309,61,1
27309,63,1
27309,64,1
27309,65,1
27309,66,1
27309,67,1
27309,72,1
27309,73,1
27309,74,1
27309,82,1
27309,83,1
27309,84,1
27309,86,1
27309,87,1
27309,88,1
27309,90,1
27309,91,1
27309,92,1
27309,93,1
27309,147,1
27309,148,0
27309,149,0
27309,150,0
27309,194,0
27309,196,1
27309,197,0
27309,198,0
27309,200,0
27309,201,1
27309,202,0
27309,203,0
27311,1,1
27311,2,0
27311,3,1
27311,5,1
27311,6,1
27311,7,1
27311,49,1
27311,50,1
27311,52,1
27311,53,1
27311,54,1
27311,56,1
27311,57,1
27311,59,1
27311,60,1
27311,61,1
27311,63,1
27311,64,1
27311,65,1
27311,66,1
27311,67,1
27311,72,1
27311,73,1
27311,74,1
27311,82,1
27311,83,1
27311,84,1
27311,86,1
27311,87,1
27311,88,1
27311,90,1
27311,91,1
27311,92,1
27311,93,1
27311,147,1
27311,148,0
27311,149,0
27311,150,0
27311,194,0
27311,196,0
27311,197,0
27311,198,0
27311,200,0
27311,201,1
27311,202,0
27311,203,0
27314,1,1
27314,2,0
27314,3,1
27314,5,1
27314,6,1
27314,7,1
27314,9,0
27314,10,1
27314,11,0
27314,12,0
27314,49,1
27314,50,1
27314,52,1
27314,53,1
27314,54,1
27314,56,1
27314,57,1
27314,59,1
27314,60,1
27314,61,1
27314,63,1
27314,64,1
27314,65,1
27314,66,1
27314,67,1
27314,72,1
27314,73,1
27314,74,1
27314,82,1
27314,83,1
27314,84,1
27314,86,1
27314,87,1
27314,88,1
27314,90,1
27314,91,1
27314,92,1
27314,93,1
27314,147,1
27314,148,0
27314,149,0
27314,150,0
27314,194,0
27314,196,1
27314,197,0
27314,198,0
27314,200,0
27314,201,1
27314,202,0
27314,203,0
27316,1,1
27316,2,1
27316,3,0
27316,5,1
27316,6,1
27316,7,1
27316,29,1
27316,32,0
27316,33,0
27316,34,0
27316,35,0
27316,36,0
27316,37,0
27316,39,0
27316,40,0
27316,41,0
27316,49,1
27316,50,1
27316,52,1
27316,53,1
27316,54,1
27316,56,1
27316,57,1
27316,59,1
27316,60,1
27316,61,1
27316,63,1
27316,64,1
27316,65,1
27316,66,1
27316,67,1
27316,72,1
27316,73,1
27316,74,1
27316,82,1
27316,83,1
27316,84,1
27316,86,1
27316,87,1
27316,88,1
27316,90,1
27316,91,1
27316,92,1
27316,93,1
27316,147,1
27316,148,0
27316,149,0
27316,150,0
27316,194,0
27316,196,0
27316,197,0
27316,198,0
27316,200,0
27316,201,1
27316,202,0
27316,203,0
27317,1,1
27317,2,0
27317,3,1
27317,5,1
27317,6,1
27317,7,1
27317,72,1
27317,73,1
27317,74,1
27317,82,1
27317,83,1
27317,84,1
27317,86,1
27317,87,1
27317,88,1
27317,90,1
27317,91,1
27317,92,1
27317,93,1
27317,147,1
27317,148,0
27317,149,0
27317,150,0
27317,194,0
27317,196,0
27317,197,0
27317,198,0
27317,200,0
27317,201,1
27317,202,0
27317,203,0
27328,1,1
27328,5,1
27328,6,1
27328,7,1
27328,9,0
27328,10,1
27328,11,0
27328,12,0
27328,72,1
27328,73,1
27328,74,1
27328,82,1
27328,83,1
27328,84,1
27328,90,1
27328,91,0
27328,92,0
27328,93,0
27328,147,1
27328,148,0
27328,149,0
27328,150,0
27328,194,0
27328,196,0
27328,197,0
27328,198,0
27328,200,0
27328,201,1
27328,202,0
27328,203,0
27329,1,1
27329,2,0
27329,3,1
27329,5,1
27329,6,1
27329,7,1
27329,9,0
27329,10,1
27329,11,0
27329,12,0
27329,29,0
27329,30,0
27329,31,0
27329,32,1
27329,35,0
27329,36,0
27329,37,0
27329,39,0
27329,40,0
27329,41,0
27329,49,1
27329,50,1
27329,52,1
27329,53,1
27329,54,1
27329,56,1
27329,57,1
27329,59,1
27329,60,1
27329,61,1
27329,63,1
27329,64,1
27329,65,1
27329,66,1
27329,67,1
27329,72,1
27329,73,1
27329,74,1
27329,82,1
27329,83,1
27329,84,1
27329,86,1
27329,87,1
27329,88,1
27329,90,1
27329,91,1
27329,92,1
27329,93,1
27329,147,0
27329,148,1
27329,149,0
27329,150,0
27329,152,1
27329,153,0
27329,154,0
27329,155,0
27329,157,1
27329,159,1
27329,160,0
27329,164,0
27329,170,0
27329,171,0
27329,172,0
27329,173,0
27329,174,0
27329,175,0
27329,176,0
27329,177,0
27329,178,0
27329,181,0
27329,182,0
27329,183,0
27329,184,0
27329,194,0
27329,196,0
27329,197,0
27329,198,0
27329,200,0
27329,201,1
27329,202,0
27329,203,0
27330,1,1
27330,2,0
27330,3,1
27330,5,1
27330,6,1
27330,7,1
27330,147,1
27330,148,0
27330,149,0
27330,150,0
27330,194,0
27330,196,0
27330,197,0
27330,198,0
27330,200,0
27330,201,1
27330,202,1
27330,203,0
27336,1,1
27336,2,0
27336,3,1
27336,5,1
27336,6,1
27336,7,1
27336,56,1
27336,57,1
27336,59,1
27336,60,1
27336,61,1
27336,63,1
27336,64,1
27336,65,1
27336,66,1
27336,67,1
27336,72,1
27336,73,1
27336,74,1
27336,82,1
27336,83,1
27336,84,1
27336,86,1
27336,87,1
27336,88,1
27336,90,1
27336,91,1
27336,92,1
27336,93,1
27336,147,1
27336,148,0
27336,149,0
27336,150,0
27336,194,0
27336,196,0
27336,197,0
27336,198,0
27336,200,0
27336,201,0
27336,202,0
27336,203,0
27338,1,1
27338,2,1
27338,3,0
27338,5,1
27338,6,1
27338,7,1
27338,49,0
27338,50,1
27338,52,1
27338,53,1
27338,54,1
27338,56,1
27338,57,1
27338,59,1
27338,60,1
27338,61,1
27338,63,1
27338,64,1
27338,65,1
27338,66,1
27338,67,1
27338,72,1
27338,73,1
27338,74,1
27338,82,1
27338,83,1
27338,84,1
27338,86,1
27338,87,1
27338,88,1
27338,90,1
27338,91,1
27338,92,1
27338,93,1
27338,147,1
27338,148,0
27338,149,0
27338,150,0
27338,194,0
27338,196,0
27338,197,0
27338,198,0
27338,200,0
27338,201,1
27338,202,0
27338,203,0
27340,1,1
27340,2,0
27340,3,1
27340,5,1
27340,6,1
27340,7,1
27340,9,1
27340,10,0
27340,11,0
27340,12,0
27340,29,1
27340,30,0
27340,31,0
27340,32,0
27340,33,0
27340,34,0
27340,35,1
27340,36,0
27340,37,0
27340,39,0
27340,40,0
27340,41,0
27340,49,1
27340,50,1
27340,52,1
27340,53,1
27340,54,1
27340,56,1
27340,57,1
27340,59,1
27340,60,1
27340,61,1
27340,63,1
27340,64,1
27340,65,1
27340,66,1
27340,67,1
27340,72,1
27340,73,1
27340,74,1
27340,82,1
27340,83,1
27340,84,1
27340,86,1
27340,87,1
27340,88,1
27340,90,1
27340,91,1
27340,92,1
27340,93,1
27340,147,0
27340,148,1
27340,149,0
27340,150,0
27340,152,1
27340,153,1
27340,154,0
27340,155,1
27340,157,0
27340,159,0
27340,160,0
27340,164,0
27340,170,0
27340,171,0
27340,172,0
27340,173,0
27340,174,0
27340,175,0
27340,176,0
27340,177,0
27340,178,0
27340,181,0
27340,182,0
27340,183,0
27340,184,0
27340,194,0
27340,196,0
27340,197,0
27340,198,0
27340,200,0
27340,201,1
27340,202,0
27340,203,0
27342,1,1
27342,2,0
27342,3,1
27342,5,1
27342,6,1
27342,7,1
27342,29,0
27342,30,0
27342,31,0
27342,32,0
27342,33,0
27342,34,0
27342,35,1
27342,39,0
27342,40,0
27342,41,0
27342,147,1
27342,148,0
27342,149,0
27342,150,0
27342,194,0
27342,196,0
27342,197,0
27342,198,0
27342,200,0
27342,201,0
27342,202,0
27342,203,0
27343,1,1
27343,2,0
27343,3,1
27343,5,1
27343,6,1
27343,7,1
27343,29,1
27343,30,1
27343,31,0
27343,32,0
27343,33,0
27343,34,0
27343,35,0
27343,36,0
27343,37,0
27343,39,0
27343,40,0
27343,41,0
27343,49,1
27343,50,1
27343,52,1
27343,53,1
27343,54,1
27343,56,1
27343,57,1
27343,59,1
27343,60,1
27343,61,1
27343,63,1
27343,64,1
27343,65,1
27343,66,1
27343,67,1
27343,72,1
27343,73,1
27343,74,1
27343,82,1
27343,83,1
27343,84,1
27343,86,1
27343,87,1
27343,88,1
27343,90,1
27343,91,1
27343,92,1
27343,93,0
27343,147,1
27343,148,0
27343,149,0
27343,150,0
27343,194,0
27343,196,0
27343,197,0
27343,198,0
27343,200,0
27343,201,0
27343,202,0
27343,203,0
27348,1,1
27348,2,0
27348,3,1
27348,5,1
27348,6,1
27348,7,1
27348,29,0
27348,30,0
27348,31,0
27348,32,0
27348,33,0
27348,34,0
27348,35,0
27348,36,0
27348,37,0
27348,39,1
27348,49,1
27348,50,1
27348,52,1
27348,53,1
27348,54,1
27348,56,1
27348,57,1
27348,59,1
27348,60,1
27348,61,1
27348,63,1
27348,64,1
27348,65,1
27348,66,1
27348,67,1
27348,72,1
27348,73,1
27348,74,1
27348,82,1
27348,83,1
27348,84,1
27348,86,1
27348,87,1
27348,88,1
27348,90,1
27348,91,1
27348,92,1
27348,93,1
27348,147,0
27348,148,1
27348,149,0
27348,150,0
27348,152,1
27348,153,1
27348,154,0
27348,155,1
27348,157,0
27348,159,0
27348,160,0
27348,164,0
27348,170,1
27348,171,0
27348,172,0
27348,173,0
27348,174,0
27348,175,0
27348,176,0
27348,177,0
27348,178,0
27348,181,0
27348,182,0
27348,183,0
27348,184,0
27348,194,0
27348,196,0
27348,197,0
27348,198,0
27348,200,0
27348,201,0
27348,202,0
27348,203,0
27351,1,1
27351,2,0
27351,3,1
27351,5,1
27351,6,1
27351,7,1
27351,49,1
27351,50,1
27351,52,1
27351,53,1
27351,54,1
27351,56,1
27351,57,1
27351,59,1
27351,60,1
27351,61,1
27351,63,1
27351,64,1
27351,65,1
27351,66,1
27351,67,1
27351,72,0
27351,73,1
27351,74,1
27351,82,1
27351,83,1
27351,84,1
27351,86,1
27351,87,1
27351,88,1
27351,90,1
27351,91,1
27351,92,1
27351,93,1
27351,147,1
27351,148,0
27351,149,0
27351,150,0
27351,194,0
27351,196,0
27351,197,0
27351,198,0
27351,200,0
27351,201,1
27351,202,1
27351,203,0
27352,1,1
27352,2,0
27352,3,1
27352,5,1
27352,6,1
27352,7,1
27352,9,0
27352,10,1
27352,11,0
27352,12,0
27352,49,1
27352,50,1
27352,52,1
27352,53,1
27352,54,1
27352,56,1
27352,57,1
27352,59,1
27352,60,1
27352,61,1
27352,63,1
27352,64,1
27352,65,1
27352,66,1
27352,67,1
27352,72,0
27352,73,1
27352,74,1
27352,82,1
27352,83,1
27352,84,1
27352,86,1
27352,87,1
27352,88,1
27352,90,1
27352,91,1
27352,92,1
27352,93,1
27352,147,1
27352,148,0
27352,149,0
27352,150,0
27352,194,0
27352,196,0
27352,197,0
27352,198,0
27352,200,0
27352,201,1
27352,202,0
27352,203,0
27356,1,1
27356,2,0
27356,3,1
27356,5,1
27356,6,1
27356,7,1
27356,49,1
27356,50,1
27356,52,1
27356,53,1
27356,54,1
27356,56,1
27356,57,1
27356,59,1
27356,60,1
27356,61,1
27356,63,1
27356,64,1
27356,65,1
27356,66,1
27356,67,1
27356,72,1
27356,73,1
27356,74,1
27356,82,1
27356,83,1
27356,84,1
27356,86,1
27356,87,1
27356,88,1
27356,90,1
27356,91,1
27356,92,1
27356,93,0
27356,147,1
27356,148,0
27356,149,0
27356,150,0
27356,194,0
27356,196,0
27356,197,0
27356,198,0
27356,200,0
27356,201,0
27356,202,0
27356,203,0
27357,1,1
27357,2,0
27357,3,1
27357,5,1
27357,6,1
27357,7,1
27357,56,1
27357,57,1
27357,59,1
27357,60,1
27357,61,1
27357,63,1
27357,64,1
27357,65,1
27357,66,1
27357,67,1
27357,72,1
27357,73,1
27357,74,1
27357,82,1
27357,83,1
27357,84,1
27357,86,1
27357,87,1
27357,88,1
27357,90,1
27357,91,1
27357,92,1
27357,93,1
27357,147,1
27357,148,0
27357,149,0
27357,150,0
27357,194,0
27357,196,0
27357,197,0
27357,198,0
27357,200,0
27357,201,0
27357,202,0
27357,203,0
27360,1,1
27360,2,0
27360,3,1
27360,5,1
27360,6,1
27360,7,1
27360,29,1
27360,30,0
27360,31,1
27360,32,0
27360,33,0
27360,34,0
27360,35,0
27360,36,0
27360,37,0
27360,39,0
27360,40,0
27360,41,0
27360,49,1
27360,50,1
27360,52,1
27360,53,1
27360,54,1
27360,56,1
27360,57,1
27360,59,1
27360,60,1
27360,61,1
27360,63,1
27360,64,1
27360,65,1
27360,66,1
27360,67,1
27360,72,1
27360,73,1
27360,74,1
27360,82,1
27360,83,1
27360,84,1
27360,86,1
27360,87,1
27360,88,1
27360,90,1
27360,91,1
27360,92,0
27360,93,0
27360,147,1
27360,148,0
27360,149,0
27360,150,0
27360,194,0
27360,196,0
27360,197,0
27360,198,0
27360,200,0
27360,201,1
27360,202,0
27360,203,0
27367,1,1
27367,2,0
27367,3,1
27367,5,1
27367,6,1
27367,7,1
27367,9,0
27367,10,0
27367,11,1
27367,12,0
27367,29,0
27367,30,0
27367,31,0
27367,32,0
27367,33,0
27367,34,0
27367,35,0
27367,36,0
27367,37,0
27367,39,1
27367,49,1
27367,50,1
27367,52,1
27367,53,1
27367,54,1
27367,56,1
27367,57,1
27367,59,1
27367,60,1
27367,61,1
27367,63,1
27367,64,1
27367,65,1
27367,66,1
27367,67,1
27367,72,1
27367,73,1
27367,74,1
27367,82,1
27367,83,1
27367,84,1
27367,86,1
27367,87,1
27367,88,1
27367,90,1
27367,91,1
27367,92,1
27367,93,1
27367,147,1
27367,148,0
27367,149,0
27367,150,0
27367,194,0
27367,196,0
27367,197,0
27367,198,0
27367,200,0
27367,201,1
27367,202,0
27367,203,0
27370,1,1
27370,2,0
27370,3,1
27370,5,1
27370,6,1
27370,7,1
27370,72,1
27370,73,1
27370,74,1
27370,82,1
27370,83,1
27370,84,1
27370,90,1
27370,91,1
27370,92,1
27370,93,1
27370,147,1
27370,148,0
27370,149,0
27370,150,0
27370,194,0
27370,196,0
27370,197,0
27370,198,0
27370,200,0
27370,201,1
27370,202,0
27370,203,0
27372,1,1
27372,2,0
27372,3,1
27372,5,1
27372,6,1
27372,7,1
27372,9,1
27372,10,0
27372,11,0
27372,12,0
27372,29,0
27372,30,0
27372,31,0
27372,32,0
27372,33,0
27372,34,0
27372,35,1
27372,36,0
27372,37,1
27372,39,0
27372,40,0
27372,41,0
27372,49,1
27372,50,1
27372,52,1
27372,53,1
27372,54,1
27372,56,1
27372,57,1
27372,59,1
27372,60,1
27372,61,1
27372,63,1
27372,64,1
27372,65,1
27372,66,1
27372,67,1
27372,72,1
27372,73,1
27372,74,1
27372,82,1
27372,83,1
27372,84,1
27372,86,1
27372,87,1
27372,88,1
27372,90,1
27372,91,1
27372,92,1
27372,93,0
27372,147,0
27372,148,1
27372,149,0
27372,150,0
27372,152,1
27372,153,1
27372,154,0
27372,155,1
27372,157,0
27372,159,0
27372,160,0
27372,164,0
27372,170,0
27372,171,0
27372,172,0
27372,173,0
27372,174,0
27372,175,0
27372,176,0
27372,177,0
27372,178,0
27372,181,0
27372,182,0
27372,183,0
27372,184,0
27372,194,0
27372,196,0
27372,197,0
27372,198,0
27372,200,0
27372,201,1
27372,202,0
27372,203,0
27374,1,1
27374,2,0
27374,3,1
27374,5,1
27374,6,1
27374,7,1
27374,72,1
27374,73,1
27374,74,1
27374,82,1
27374,83,1
27374,84,1
27374,86,1
27374,87,1
27374,88,1
27374,90,1
27374,91,1
27374,92,1
27374,93,1
27374,147,1
27374,148,0
27374,149,0
27374,150,0
27374,194,0
27374,196,0
27374,197,0
27374,198,0
27374,200,0
27374,201,0
27374,202,0
27374,203,0
27456,1,1
27456,2,0
27456,3,1
27456,5,1
27456,6,1
27456,7,1
27456,72,1
27456,73,1
27456,74,1
27456,82,1
27456,83,1
27456,84,1
27456,90,1
27456,91,1
27456,92,1
27456,93,1
27456,147,1
27456,148,0
27456,149,0
27456,150,0
27456,194,0
27456,196,0
27456,197,0
27456,198,0
27456,200,0
27456,201,0
27456,202,0
27456,203,0
27457,1,1
27457,2,0
27457,3,1
27457,5,1
27457,6,1
27457,7,1
27457,29,1
27457,30,1
27457,31,0
27457,32,0
27457,33,0
27457,34,0
27457,35,0
27457,36,0
27457,37,0
27457,39,0
27457,40,0
27457,41,0
27457,49,1
27457,50,1
27457,52,1
27457,53,1
27457,54,1
27457,56,1
27457,57,1
27457,59,1
27457,60,1
27457,61,1
27457,63,1
27457,64,1
27457,65,1
27457,66,1
27457,67,1
27457,72,1
27457,73,1
27457,74,1
27457,82,1
27457,83,1
27457,84,1
27457,86,1
27457,87,1
27457,88,1
27457,90,1
27457,91,1
27457,92,1
27457,93,1
27457,147,1
27457,148,0
27457,149,0
27457,150,0
27457,194,1
27457,196,1
27457,197,0
27457,198,0
27457,200,0
27457,201,1
27457,202,0
27457,203,0
27459,1,1
27459,2,0
27459,3,1
27459,5,1
27459,6,1
27459,7,1
27459,49,1
27459,50,1
27459,52,1
27459,53,1
27459,54,1
27459,56,1
27459,57,1
27459,59,1
27459,60,1
27459,61,1
27459,63,1
27459,64,1
27459,65,1
27459,66,1
27459,67,1
27459,72,1
27459,73,1
27459,74,1
27459,82,1
27459,83,1
27459,84,1
27459,86,1
27459,87,1
27459,88,1
27459,90,1
27459,91,1
27459,92,1
27459,93,1
27459,147,1
27459,148,0
27459,149,0
27459,150,0
27459,194,0
27459,196,0
27459,197,0
27459,198,0
27459,200,0
27459,201,1
27459,202,0
27459,203,0
27460,1,1
27460,2,0
27460,3,1
27460,5,1
27460,6,1
27460,7,1
27460,9,0
27460,10,1
27460,11,0
27460,12,0
27460,29,0
27460,30,0
27460,31,0
27460,32,0
27460,33,0
27460,34,0
27460,35,0
27460,36,0
27460,37,0
27460,39,1
27460,49,1
27460,50,1
27460,52,1
27460,53,1
27460,54,1
27460,56,1
27460,57,1
27460,59,1
27460,60,1
27460,61,1
27460,63,1
27460,64,1
27460,65,1
27460,66,1
27460,67,1
27460,72,0
27460,73,1
27460,74,1
27460,82,1
27460,83,1
27460,84,1
27460,86,1
27460,87,1
27460,88,1
27460,90,1
27460,91,1
27460,92,1
27460,93,1
27460,147,1
27460,148,0
27460,149,0
27460,150,0
27460,194,0
27460,196,0
27460,197,0
27460,198,0
27460,200,0
27460,201,1
27460,202,0
27460,203,0
27461,1,1
27461,2,0
27461,3,1
27461,5,1
27461,6,1
27461,7,1
27461,29,1
27461,32,0
27461,33,0
27461,34,0
27461,35,0
27461,36,0
27461,37,0
27461,39,0
27461,40,0
27461,41,0
27461,49,1
27461,50,1
27461,52,1
27461,53,1
27461,54,1
27461,56,1
27461,57,1
27461,59,1
27461,60,1
27461,61,1
27461,63,1
27461,64,1
27461,65,1
27461,66,1
27461,67,1
27461,72,1
27461,73,1
27461,74,1
27461,82,1
27461,83,1
27461,84,1
27461,86,1
27461,87,1
27461,88,1
27461,90,1
27461,91,1
27461,92,1
27461,93,1
27461,147,1
27461,148,0
27461,149,0
27461,150,0
27461,194,0
27461,196,0
27461,197,0
27461,198,0
27461,200,0
27461,201,1
27461,202,0
27461,203,0
27462,1,1
27462,2,0
27462,3,1
27462,5,1
27462,6,1
27462,7,1
27462,49,1
27462,50,1
27462,52,1
27462,53,1
27462,54,1
27462,56,1
27462,57,1
27462,59,1
27462,60,1
27462,61,1
27462,63,1
27462,64,1
27462,65,1
27462,66,1
27462,67,1
27462,72,1
27462,73,1
27462,74,1
27462,82,1
27462,83,1
27462,84,1
27462,86,1
27462,87,1
27462,88,1
27462,90,1
27462,91,1
27462,92,1
27462,93,1
27462,147,1
27462,148,0
27462,149,0
27462,150,0
27462,194,0
27462,196,0
27462,197,0
27462,198,0
27462,200,0
27462,201,1
27462,202,0
27462,203,0
27463,1,1
27463,2,0
27463,3,1
27463,5,1
27463,6,1
27463,7,1
27463,49,1
27463,50,1
27463,52,1
27463,53,1
27463,54,1
27463,56,1
27463,57,1
27463,59,1
27463,60,1
27463,61,1
27463,63,1
27463,64,1
27463,65,1
27463,66,1
27463,67,1
27463,72,1
27463,73,1
27463,74,1
27463,82,1
27463,83,1
27463,84,1
27463,86,1
27463,87,1
27463,88,1
27463,90,1
27463,91,1
27463,92,1
27463,93,1
27463,147,1
27463,148,0
27463,149,0
27463,150,0
27463,194,0
27463,196,0
27463,197,0
27463,198,0
27463,200,0
27463,201,0
27463,202,0
27463,203,0
27466,1,1
27466,2,0
27466,3,1
27466,5,1
27466,6,1
27466,7,1
27466,72,1
27466,73,1
27466,74,1
27466,82,1
27466,83,1
27466,84,1
27466,86,1
27466,87,1
27466,88,1
27466,90,1
27466,91,1
27466,92,1
27466,93,1
27466,147,1
27466,148,0
27466,149,0
27466,150,0
27466,194,0
27466,196,0
27466,197,0
27466,198,0
27466,200,0
27466,201,0
27466,202,0
27466,203,0
27468,1,1
27468,2,0
27468,3,1
27468,5,1
27468,6,1
27468,7,1
27468,29,1
27468,32,0
27468,33,0
27468,34,0
27468,35,0
27468,36,0
27468,37,0
27468,39,0
27468,40,0
27468,41,0
27468,56,1
27468,57,1
27468,59,1
27468,60,1
27468,61,1
27468,63,1
27468,64,1
27468,65,1
27468,66,1
27468,67,1
27468,72,1
27468,73,1
27468,74,1
27468,82,1
27468,83,1
27468,84,1
27468,86,1
27468,87,1
27468,88,1
27468,90,1
27468,91,1
27468,92,1
27468,93,1
27468,147,1
27468,148,0
27468,149,0
27468,150,0
27468,194,0
27468,196,0
27468,197,0
27468,198,0
27468,200,0
27468,201,1
27468,202,0
27468,203,0
27471,1,1
27471,2,0
27471,3,1
27471,5,1
27471,6,1
27471,7,1
27471,49,0
27471,50,1
27471,52,1
27471,53,1
27471,54,1
27471,56,1
27471,57,1
27471,59,1
27471,60,1
27471,61,1
27471,63,1
27471,64,1
27471,65,1
27471,66,1
27471,67,1
27471,72,1
27471,73,1
27471,74,1
27471,82,1
27471,83,1
27471,84,1
27471,86,1
27471,87,1
27471,88,1
27471,90,1
27471,91,1
27471,92,1
27471,93,1
27471,147,1
27471,148,0
27471,149,0
27471,150,0
27471,194,0
27471,196,0
27471,197,0
27471,198,0
27471,200,0
27471,201,0
27471,202,0
27471,203,0
27600,1,1
27600,2,1
27600,3,0
27600,5,1
27600,6,1
27600,7,1
27600,29,0
27600,30,0
27600,31,0
27600,32,0
27600,33,0
27600,34,0
27600,35,1
27600,36,0
27600,37,1
27600,39,0
27600,40,0
27600,41,0
27600,49,1
27600,50,1
27600,52,1
27600,53,1
27600,54,1
27600,56,1
27600,57,1
27600,59,1
27600,60,1
27600,61,1
27600,63,1
27600,64,1
27600,65,1
27600,66,1
27600,67,1
27600,72,0
27600,73,0
27600,74,0
27600,82,1
27600,83,1
27600,84,1
27600,86,1
27600,87,1
27600,88,1
27600,90,1
27600,91,1
27600,92,1
27600,93,0
27600,147,1
27600,148,0
27600,149,0
27600,150,0
27600,194,0
27600,196,0
27600,197,0
27600,198,0
27600,200,0
27600,201,1
27600,202,0
27600,203,0
27720,1,1
27720,2,1
27720,3,0
27720,5,1
27720,6,1
27720,7,1
27720,29,1
27720,30,0
27720,31,1
27720,32,0
27720,33,0
27720,34,0
27720,35,0
27720,36,0
27720,37,0
27720,39,0
27720,40,0
27720,41,0
27720,72,1
27720,73,1
27720,74,1
27720,82,1
27720,83,1
27720,84,1
27720,90,1
27720,91,1
27720,92,1
27720,93,1
27720,147,1
27720,148,0
27720,149,0
27720,150,0
27720,194,0
27720,196,0
27720,197,0
27720,198,0
27720,200,0
27720,201,1
27720,202,0
27720,203,0
27729,1,1
27729,5,1
27729,6,1
27729,7,1
27729,9,1
27729,10,0
27729,11,0
27729,12,0
27729,29,0
27729,30,0
27729,31,0
27729,32,1
27729,33,1
27729,34,0
27729,35,0
27729,36,0
27729,37,0
27729,39,0
27729,40,0
27729,41,0
27729,49,0
27729,50,0
27729,52,1
27729,53,1
27729,54,1
27729,56,0
27729,57,0
27729,59,1
27729,60,1
27729,61,1
27729,63,1
27729,64,1
27729,65,1
27729,66,1
27729,67,1
27729,72,1
27729,73,1
27729,74,1
27729,82,1
27729,83,1
27729,84,1
27729,86,1
27729,87,1
27729,88,1
27729,90,1
27729,91,1
27729,92,1
27729,93,1
27729,147,1
27729,148,0
27729,149,0
27729,150,0
27729,194,1
27729,196,1
27729,197,0
27729,198,0
27729,200,0
27729,201,1
27729,202,0
27729,203,0
27730,1,1
27730,2,0
27730,3,1
27730,5,1
27730,6,1
27730,7,1
27730,49,1
27730,50,1
27730,52,1
27730,53,1
27730,54,1
27730,56,1
27730,57,1
27730,59,1
27730,60,1
27730,61,1
27730,63,1
27730,64,1
27730,65,1
27730,66,1
27730,67,1
27730,72,1
27730,73,1
27730,74,1
27730,82,1
27730,83,1
27730,84,1
27730,86,1
27730,87,1
27730,88,1
27730,90,1
27730,91,1
27730,92,1
27730,93,1
27730,147,1
27730,148,0
27730,149,0
27730,150,0
27730,194,0
27730,196,0
27730,197,0
27730,198,0
27730,200,0
27730,201,0
27730,202,0
27730,203,0
27732,1,1
27732,2,0
27732,3,1
27732,5,1
27732,6,1
27732,7,1
27732,9,1
27732,10,0
27732,11,0
27732,12,0
27732,29,1
27732,32,0
27732,33,0
27732,34,0
27732,35,0
27732,36,0
27732,37,0
27732,39,0
27732,40,0
27732,41,0
27732,49,1
27732,50,1
27732,52,1
27732,53,1
27732,54,1
27732,56,1
27732,57,1
27732,59,1
27732,60,1
27732,61,1
27732,63,1
27732,64,1
27732,65,1
27732,66,1
27732,67,1
27732,72,1
27732,73,1
27732,74,1
27732,82,1
27732,83,1
27732,84,1
27732,86,1
27732,87,1
27732,88,1
27732,90,1
27732,91,1
27732,92,1
27732,93,1
27732,147,1
27732,148,0
27732,149,0
27732,150,0
27732,194,0
27732,196,0
27732,197,0
27732,198,0
27732,200,0
27732,201,1
27732,202,0
27732,203,0
27733,1,1
27733,5,1
27733,6,1
27733,7,1
27733,9,0
27733,10,0
27733,11,1
27733,12,0
27733,29,0
27733,30,0
27733,31,0
27733,32,0
27733,33,0
27733,34,0
27733,35,1
27733,36,1
27733,37,0
27733,39,0
27733,40,0
27733,41,0
27733,49,1
27733,50,1
27733,52,1
27733,53,1
27733,54,1
27733,56,1
27733,57,1
27733,59,1
27733,60,1
27733,61,1
27733,63,1
27733,64,1
27733,65,1
27733,66,1
27733,67,1
27733,72,0
27733,73,0
27733,74,0
27733,82,1
27733,83,1
27733,84,1
27733,86,1
27733,87,1
27733,88,1
27733,90,0
27733,91,0
27733,92,0
27733,93,0
27733,147,0
27733,148,1
27733,149,0
27733,150,0
27733,152,1
27733,153,1
27733,154,0
27733,155,1
27733,157,0
27733,159,0
27733,160,0
27733,164,0
27733,170,0
27733,171,0
27733,172,0
27733,173,0
27733,174,0
27733,175,0
27733,176,0
27733,177,0
27733,178,0
27733,181,0
27733,182,0
27733,183,0
27733,184,0
27733,194,0
27733,196,0
27733,197,0
27733,198,0
27733,200,0
27733,201,0
27733,202,1
27733,203,0
27736,1,1
27736,2,0
27736,3,1
27736,5,1
27736,6,1
27736,7,1
27736,29,0
27736,30,0
27736,31,0
27736,32,0
27736,33,0
27736,34,0
27736,35,0
27736,36,0
27736,37,0
27736,39,1
27736,49,1
27736,50,1
27736,52,1
27736,53,1
27736,54,1
27736,56,1
27736,57,1
27736,59,1
27736,60,1
27736,61,1
27736,63,1
27736,64,1
27736,65,1
27736,66,1
27736,67,1
27736,72,1
27736,73,1
27736,74,1
27736,82,1
27736,83,1
27736,84,1
27736,86,1
27736,87,1
27736,88,1
27736,90,1
27736,91,1
27736,92,1
27736,93,1
27736,147,1
27736,148,0
27736,149,0
27736,150,0
27736,194,0
27736,196,0
27736,197,0
27736,198,0
27736,200,0
27736,201,1
27736,202,0
27736,203,0
27738,1,1
27738,2,0
27738,3,1
27738,5,1
27738,6,1
27738,7,1
27738,56,1
27738,57,1
27738,59,1
27738,60,1
27738,61,1
27738,63,1
27738,64,1
27738,65,1
27738,66,1
27738,67,1
27738,72,0
27738,73,1
27738,74,1
27738,82,1
27738,83,1
27738,84,1
27738,86,1
27738,87,1
27738,88,1
27738,90,1
27738,91,1
27738,92,1
27738,93,1
27738,147,1
27738,148,0
27738,149,0
27738,150,0
27738,194,0
27738,196,0
27738,197,0
27738,198,0
27738,200,0
27738,201,1
27738,202,0
27738,203,0
27739,1,1
27739,2,0
27739,3,1
27739,5,1
27739,6,1
27739,7,1
27739,29,0
27739,30,0
27739,31,0
27739,32,0
27739,33,0
27739,34,0
27739,35,1
27739,36,1
27739,37,0
27739,39,0
27739,40,0
27739,41,0
27739,49,1
27739,50,1
27739,52,1
27739,53,1
27739,54,1
27739,56,1
27739,57,1
27739,59,1
27739,60,1
27739,61,1
27739,63,1
27739,64,1
27739,65,1
27739,66,1
27739,67,1
27739,72,0
27739,73,1
27739,74,1
27739,82,1
27739,83,1
27739,84,1
27739,86,1
27739,87,1
27739,88,1
27739,90,1
27739,91,1
27739,92,1
27739,93,1
27739,147,1
27739,148,0
27739,149,0
27739,150,0
27739,194,1
27739,196,1
27739,197,0
27739,198,0
27739,200,0
27739,201,1
27739,202,0
27739,203,0
27741,1,1
27741,2,0
27741,3,1
27741,5,1
27741,6,1
27741,7,1
27741,9,1
27741,10,0
27741,11,0
27741,12,0
27741,29,1
27741,30,1
27741,31,0
27741,32,0
27741,33,0
27741,34,0
27741,35,0
27741,36,0
27741,37,0
27741,39,0
27741,40,0
27741,41,0
27741,49,1
27741,50,1
27741,52,1
27741,53,1
27741,54,1
27741,56,1
27741,57,1
27741,59,1
27741,60,1
27741,61,1
27741,63,1
27741,64,1
27741,65,1
27741,66,1
27741,67,1
27741,72,1
27741,73,1
27741,74,1
27741,82,1
27741,83,1
27741,84,1
27741,86,1
27741,87,1
27741,88,1
27741,90,1
27741,91,1
27741,92,1
27741,93,0
27741,147,1
27741,148,0
27741,149,0
27741,150,0
27741,194,0
27741,196,0
27741,197,0
27741,198,0
27741,200,0
27741,201,1
27741,202,0
27741,203,0
27743,1,1
27743,2,1
27743,3,0
27743,5,1
27743,6,1
27743,7,1
27743,29,1
27743,30,1
27743,31,0
27743,32,0
27743,33,0
27743,34,0
27743,35,0
27743,36,0
27743,37,0
27743,39,0
27743,40,0
27743,41,0
27743,56,1
27743,57,1
27743,59,1
27743,60,1
27743,61,1
27743,63,1
27743,64,1
27743,65,1
27743,66,1
27743,67,1
27743,72,1
27743,73,1
27743,74,1
27743,82,1
27743,83,1
27743,84,1
27743,86,1
27743,87,1
27743,88,1
27743,90,1
27743,91,1
27743,92,1
27743,93,1
27743,147,1
27743,148,0
27743,149,0
27743,150,0
27743,194,0
27743,196,0
27743,197,0
27743,198,0
27743,200,0
27743,201,1
27743,202,0
27743,203,0
27744,1,1
27744,2,1
27744,3,0
27744,5,1
27744,6,1
27744,7,1
27744,49,1
27744,50,1
27744,52,1
27744,53,1
27744,54,1
27744,56,1
27744,57,1
27744,59,1
27744,60,1
27744,61,1
27744,63,1
27744,64,1
27744,65,1
27744,66,1
27744,67,1
27744,72,0
27744,73,0
27744,74,1
27744,82,1
27744,83,1
27744,84,1
27744,86,1
27744,87,1
27744,88,1
27744,90,1
27744,91,1
27744,92,1
27744,93,0
27744,147,1
27744,148,0
27744,149,0
27744,150,0
27744,194,0
27744,196,0
27744,197,0
27744,198,0
27744,200,0
27744,201,1
27744,202,0
27744,203,0
27745,1,1
27745,2,0
27745,3,1
27745,5,1
27745,6,1
27745,7,1
27745,56,1
27745,57,1
27745,59,1
27745,60,1
27745,61,1
27745,63,1
27745,64,1
27745,65,1
27745,66,1
27745,67,1
27745,72,1
27745,73,1
27745,74,1
27745,82,1
27745,83,1
27745,84,1
27745,90,1
27745,91,1
27745,92,1
27745,93,1
27745,147,1
27745,148,0
27745,149,0
27745,150,0
27745,194,0
27745,196,0
27745,197,0
27745,198,0
27745,200,0
27745,201,0
27745,202,0
27745,203,0
27747,1,1
27747,2,0
27747,3,1
27747,5,1
27747,6,1
27747,7,1
27747,9,0
27747,10,0
27747,11,0
27747,12,0
27747,29,0
27747,30,0
27747,31,0
27747,32,0
27747,33,0
27747,34,0
27747,35,0
27747,36,0
27747,37,0
27747,39,1
27747,49,1
27747,50,1
27747,52,1
27747,53,1
27747,54,1
27747,56,1
27747,57,1
27747,59,1
27747,60,1
27747,61,1
27747,63,1
27747,64,1
27747,65,1
27747,66,1
27747,67,1
27747,72,1
27747,73,1
27747,74,1
27747,82,1
27747,83,1
27747,84,1
27747,86,1
27747,87,1
27747,88,1
27747,90,1
27747,91,1
27747,92,1
27747,93,1
27747,147,1
27747,148,0
27747,149,0
27747,150,0
27747,194,0
27747,196,0
27747,197,0
27747,198,0
27747,200,0
27747,201,1
27747,202,0
27747,203,0
27750,1,1
27750,2,1
27750,3,0
27750,5,1
27750,6,1
27750,7,1
27750,49,1
27750,50,1
27750,52,1
27750,53,1
27750,54,1
27750,56,1
27750,57,1
27750,59,1
27750,60,1
27750,61,1
27750,63,1
27750,64,1
27750,65,1
27750,66,1
27750,67,1
27750,72,1
27750,73,1
27750,74,1
27750,82,1
27750,83,1
27750,84,1
27750,86,1
27750,87,1
27750,88,1
27750,90,1
27750,91,1
27750,92,1
27750,93,1
27750,147,1
27750,148,0
27750,149,0
27750,150,0
27750,194,1
27750,196,1
27750,197,0
27750,198,0
27750,200,0
27750,201,1
27750,202,0
27750,203,0
27755,1,1
27755,2,0
27755,3,1
27755,5,1
27755,6,1
27755,7,1
27755,72,1
27755,73,1
27755,74,1
27755,82,1
27755,83,1
27755,84,1
27755,86,1
27755,87,1
27755,88,1
27755,90,1
27755,91,1
27755,92,1
27755,93,1
27755,147,1
27755,148,0
27755,149,0
27755,150,0
27755,194,0
27755,196,0
27755,197,0
27755,198,0
27755,200,0
27755,201,1
27755,202,0
27755,203,0
27756,1,1
27756,2,0
27756,3,1
27756,5,1
27756,6,1
27756,7,1
27756,72,1
27756,73,1
27756,74,1
27756,82,1
27756,83,1
27756,84,1
27756,86,1
27756,87,1
27756,88,1
27756,90,1
27756,91,1
27756,92,1
27756,93,1
27756,147,1
27756,148,0
27756,149,0
27756,150,0
27756,194,0
27756,196,0
27756,197,0
27756,198,0
27756,200,0
27756,201,1
27756,202,0
27756,203,0
27761,1,1
27761,2,0
27761,3,1
27761,5,1
27761,6,1
27761,7,1
27761,147,1
27761,148,0
27761,149,0
27761,150,0
27761,194,0
27761,196,0
27761,197,0
27761,198,0
27761,200,0
27761,201,0
27761,202,0
27761,203,0
27766,1,1
27766,2,0
27766,3,1
27766,5,1
27766,6,1
27766,7,1
27766,9,0
27766,10,1
27766,11,0
27766,12,0
27766,29,0
27766,30,0
27766,31,0
27766,32,0
27766,33,0
27766,34,0
27766,35,0
27766,36,0
27766,37,0
27766,39,1
27766,49,1
27766,50,1
27766,52,1
27766,53,1
27766,54,1
27766,56,1
27766,57,1
27766,59,1
27766,60,1
27766,61,1
27766,63,0
27766,64,0
27766,65,1
27766,66,1
27766,67,1
27766,72,1
27766,73,1
27766,74,1
27766,82,1
27766,83,1
27766,84,1
27766,86,1
27766,87,1
27766,88,1
27766,90,1
27766,91,1
27766,92,1
27766,93,1
27766,147,0
27766,148,1
27766,149,0
27766,150,0
27766,152,0
27766,153,0
27766,154,0
27766,155,0
27766,157,0
27766,159,0
27766,160,0
27766,164,0
27766,170,1
27766,171,1
27766,172,0
27766,173,0
27766,174,0
27766,175,1
27766,176,0
27766,177,0
27766,178,0
27766,181,0
27766,182,0
27766,183,0
27766,184,0
27766,194,1
27766,196,0
27766,197,0
27766,198,0
27766,200,0
27766,201,1
27766,202,0
27766,203,0
27767,1,1
27767,2,1
27767,3,0
27767,5,1
27767,6,1
27767,7,1
27767,29,0
27767,30,0
27767,31,0
27767,32,0
27767,33,0
27767,34,0
27767,35,1
27767,36,1
27767,37,0
27767,39,0
27767,40,0
27767,41,0
27767,72,1
27767,73,1
27767,74,1
27767,82,1
27767,83,1
27767,84,1
27767,86,1
27767,87,1
27767,88,1
27767,90,1
27767,91,1
27767,92,1
27767,93,1
27767,147,0
27767,148,1
27767,149,0
27767,150,0
27767,152,1
27767,153,1
27767,154,0
27767,155,1
27767,157,0
27767,159,0
27767,160,0
27767,164,0
27767,170,0
27767,171,0
27767,172,0
27767,173,0
27767,174,0
27767,175,0
27767,176,0
27767,177,0
27767,178,0
27767,181,0
27767,182,0
27767,183,0
27767,184,0
27767,194,0
27767,196,0
27767,197,0
27767,198,0
27767,200,0
27767,201,1
27767,202,0
27767,203,0
27769,1,1
27769,2,0
27769,3,1
27769,5,1
27769,6,1
27769,7,1
27769,29,0
27769,30,0
27769,31,0
27769,32,0
27769,33,0
27769,34,0
27769,35,0
27769,36,0
27769,37,0
27769,39,1
27769,147,1
27769,148,0
27769,149,0
27769,150,0
27769,194,0
27769,196,0
27769,197,0
27769,198,0
27769,200,0
27769,201,0
27769,202,0
27769,203,0
27772,1,1
27772,2,1
27772,3,0
27772,5,1
27772,6,1
27772,7,1
27772,29,0
27772,30,0
27772,31,0
27772,32,1
27772,35,0
27772,36,0
27772,37,0
27772,39,0
27772,40,0
27772,41,0
27772,72,1
27772,73,1
27772,74,1
27772,82,1
27772,83,1
27772,84,1
27772,86,1
27772,87,1
27772,88,1
27772,90,1
27772,91,0
27772,92,0
27772,93,0
27772,147,1
27772,148,0
27772,149,0
27772,150,0
27772,194,0
27772,196,0
27772,197,0
27772,198,0
27772,200,0
27772,201,1
27772,202,1
27772,203,0
27775,1,1
27775,2,0
27775,3,1
27775,5,1
27775,6,1
27775,7,1
27775,9,1
27775,10,0
27775,11,0
27775,12,0
27775,29,0
27775,30,0
27775,31,0
27775,32,1
27775,33,0
27775,34,1
27775,35,0
27775,36,0
27775,37,0
27775,39,0
27775,40,0
27775,41,0
27775,49,1
27775,50,1
27775,52,1
27775,53,1
27775,54,1
27775,56,1
27775,57,1
27775,59,1
27775,60,1
27775,61,1
27775,63,1
27775,64,1
27775,65,1
27775,66,1
27775,67,1
27775,72,1
27775,73,1
27775,74,1
27775,82,1
27775,83,1
27775,84,1
27775,86,1
27775,87,1
27775,88,1
27775,90,1
27775,91,1
27775,92,1
27775,93,1
27775,147,0
27775,148,1
27775,149,0
27775,150,0
27775,152,1
27775,153,1
27775,154,1
27775,155,0
27775,157,0
27775,159,0
27775,160,0
27775,164,0
27775,170,0
27775,171,0
27775,172,0
27775,173,0
27775,174,0
27775,175,0
27775,176,0
27775,177,0
27775,178,0
27775,181,0
27775,182,0
27775,183,0
27775,184,0
27775,194,0
27775,196,0
27775,197,0
27775,198,0
27775,200,0
27775,201,1
27775,202,0
27775,203,0
27776,1,1
27776,2,0
27776,3,1
27776,5,1
27776,6,1
27776,7,1
27776,9,1
27776,10,0
27776,11,0
27776,12,0
27776,49,1
27776,50,1
27776,52,1
27776,53,1
27776,54,1
27776,56,1
27776,57,1
27776,59,1
27776,60,1
27776,61,1
27776,63,1
27776,64,1
27776,65,1
27776,66,1
27776,67,1
27776,72,1
27776,73,1
27776,74,1
27776,82,1
27776,83,1
27776,84,1
27776,86,1
27776,87,1
27776,88,1
27776,90,1
27776,91,1
27776,92,1
27776,93,1
27776,147,1
27776,148,0
27776,149,0
27776,150,0
27776,194,0
27776,196,0
27776,197,0
27776,198,0
27776,200,0
27776,201,1
27776,202,0
27776,203,0
27783,1,1
27783,2,0
27783,3,1
27783,5,1
27783,6,1
27783,7,1
27783,29,0
27783,30,0
27783,31,0
27783,32,0
27783,33,0
27783,34,0
27783,35,0
27783,36,0
27783,37,0
27783,39,1
27783,49,1
27783,50,1
27783,52,1
27783,53,1
27783,54,1
27783,56,1
27783,57,1
27783,59,1
27783,60,1
27783,61,1
27783,63,1
27783,64,1
27783,65,1
27783,66,1
27783,67,1
27783,72,1
27783,73,1
27783,74,1
27783,82,1
27783,83,1
27783,84,1
27783,86,1
27783,87,1
27783,88,1
27783,90,1
27783,91,1
27783,92,1
27783,93,1
27783,147,1
27783,148,0
27783,149,0
27783,150,0
27783,194,1
27783,196,0
27783,197,0
27783,198,0
27783,200,0
27783,201,1
27783,202,0
27783,203,0
27785,1,1
27785,2,0
27785,3,1
27785,5,1
27785,6,1
27785,7,1
27785,49,1
27785,50,1
27785,52,1
27785,53,1
27785,54,1
27785,56,1
27785,57,1
27785,59,1
27785,60,1
27785,61,1
27785,63,1
27785,64,1
27785,65,1
27785,66,1
27785,67,1
27785,72,1
27785,73,1
27785,74,1
27785,82,1
27785,83,1
27785,84,1
27785,86,1
27785,87,1
27785,88,1
27785,90,1
27785,91,1
27785,92,1
27785,93,1
27785,147,1
27785,148,0
27785,149,0
27785,150,0
27785,194,0
27785,196,0
27785,197,0
27785,198,0
27785,200,0
27785,201,1
27785,202,0
27785,203,0
27791,1,1
27791,2,0
27791,3,1
27791,5,1
27791,6,1
27791,7,1
27791,49,1
27791,50,1
27791,52,1
27791,53,1
27791,54,1
27791,56,1
27791,57,1
27791,59,1
27791,60,1
27791,61,1
27791,63,1
27791,64,1
27791,65,1
27791,66,1
27791,67,1
27791,72,1
27791,73,1
27791,74,1
27791,82,1
27791,83,1
27791,84,1
27791,86,1
27791,87,1
27791,88,1
27791,90,1
27791,91,1
27791,92,1
27791,93,1
27791,147,1
27791,148,0
27791,149,0
27791,150,0
27791,194,0
27791,196,0
27791,197,0
27791,198,0
27791,200,0
27791,201,0
27791,202,0
27791,203,0
27793,1,1
27793,5,1
27793,6,1
27793,7,1
27793,49,1
27793,50,1
27793,52,1
27793,53,1
27793,54,1
27793,56,1
27793,57,1
27793,59,1
27793,60,1
27793,61,1
27793,63,1
27793,64,1
27793,65,1
27793,66,1
27793,67,1
27793,72,1
27793,73,1
27793,74,1
27793,82,1
27793,83,1
27793,84,1
27793,86,1
27793,87,1
27793,88,1
27793,90,1
27793,91,1
27793,92,1
27793,93,1
27793,147,1
27793,148,0
27793,149,0
27793,150,0
27793,194,0
27793,196,0
27793,197,0
27793,198,0
27793,200,0
27793,201,1
27793,202,0
27793,203,0
27800,1,1
27800,2,0
27800,3,1
27800,5,1
27800,6,1
27800,7,1
27800,29,1
27800,30,1
27800,31,0
27800,32,0
27800,33,0
27800,34,0
27800,35,0
27800,36,0
27800,37,0
27800,39,0
27800,40,0
27800,41,0
27800,49,1
27800,50,1
27800,52,1
27800,53,1
27800,54,1
27800,56,1
27800,57,1
27800,59,1
27800,60,1
27800,61,1
27800,63,1
27800,64,1
27800,65,1
27800,66,1
27800,67,1
27800,72,1
27800,73,1
27800,74,1
27800,82,1
27800,83,1
27800,84,1
27800,86,1
27800,87,1
27800,88,1
27800,90,1
27800,91,1
27800,92,1
27800,93,1
27800,147,1
27800,148,0
27800,149,0
27800,150,0
27800,194,0
27800,196,0
27800,197,0
27800,198,0
27800,200,0
27800,201,1
27800,202,0
27800,203,0
27803,1,1
27803,2,0
27803,3,1
27803,5,1
27803,6,1
27803,7,1
27803,49,0
27803,50,0
27803,52,0
27803,53,1
27803,54,1
27803,56,0
27803,57,1
27803,59,1
27803,60,1
27803,61,1
27803,63,1
27803,64,1
27803,65,1
27803,66,1
27803,67,1
27803,72,1
27803,73,1
27803,74,1
27803,82,1
27803,83,1
27803,84,1
27803,86,1
27803,87,1
27803,88,1
27803,90,1
27803,91,1
27803,92,1
27803,93,0
27803,147,1
27803,148,0
27803,149,0
27803,150,0
27803,194,0
27803,196,0
27803,197,0
27803,198,0
27803,200,0
27803,201,0
27803,202,0
27803,203,0
27808,1,1
27808,5,1
27808,6,1
27808,7,1
27808,56,1
27808,57,1
27808,59,1
27808,60,1
27808,61,1
27808,63,1
27808,64,1
27808,65,1
27808,66,1
27808,67,1
27808,72,1
27808,73,1
27808,74,1
27808,82,1
27808,83,1
27808,84,1
27808,86,1
27808,87,1
27808,88,1
27808,90,1
27808,91,1
27808,92,1
27808,93,1
27808,147,1
27808,148,0
27808,149,0
27808,150,0
27808,194,0
27808,196,0
27808,197,0
27808,198,0
27808,200,0
27808,201,1
27808,202,0
27808,203,0
27812,1,1
27812,2,0
27812,3,1
27812,5,1
27812,6,1
27812,7,1
27812,9,1
27812,10,0
27812,11,0
27812,12,0
27812,29,1
27812,30,0
27812,31,1
27812,32,0
27812,33,0
27812,34,0
27812,35,0
27812,36,0
27812,37,0
27812,39,0
27812,40,0
27812,41,0
27812,49,1
27812,50,1
27812,52,1
27812,53,1
27812,54,1
27812,56,1
27812,57,1
27812,59,1
27812,60,1
27812,61,1
27812,63,1
27812,64,1
27812,65,1
27812,66,1
27812,67,1
27812,72,1
27812,73,1
27812,74,1
27812,82,1
27812,83,1
27812,84,1
27812,86,1
27812,87,1
27812,88,1
27812,90,1
27812,91,1
27812,92,1
27812,93,1
27812,147,0
27812,148,1
27812,149,0
27812,150,0
27812,152,1
27812,153,1
27812,154,1
27812,155,0
27812,157,0
27812,159,0
27812,160,0
27812,164,0
27812,170,0
27812,171,0
27812,172,0
27812,173,0
27812,174,0
27812,175,0
27812,176,0
27812,177,0
27812,178,0
27812,181,0
27812,182,0
27812,183,0
27812,184,0
27812,194,0
27812,196,0
27812,197,0
27812,198,0
27812,200,0
27812,201,1
27812,202,0
27812,203,0
27899,1,1
27899,2,0
27899,3,1
27899,5,1
27899,6,1
27899,7,1
27899,56,1
27899,57,1
27899,59,1
27899,60,1
27899,61,1
27899,63,1
27899,64,1
27899,65,1
27899,66,1
27899,67,1
27899,72,1
27899,73,1
27899,74,1
27899,82,1
27899,83,1
27899,84,1
27899,86,1
27899,87,1
27899,88,1
27899,90,1
27899,91,1
27899,92,1
27899,93,1
27899,147,1
27899,148,0
27899,149,0
27899,150,0
27899,194,0
27899,196,0
27899,197,0
27899,198,0
27899,200,0
27899,201,0
27899,202,0
27899,203,0
27900,1,1
27900,2,0
27900,3,1
27900,5,1
27900,6,1
27900,7,1
27900,49,1
27900,50,1
27900,52,1
27900,53,1
27900,54,1
27900,56,1
27900,57,1
27900,59,1
27900,60,1
27900,61,1
27900,63,1
27900,64,1
27900,65,1
27900,66,1
27900,67,1
27900,72,1
27900,73,1
27900,74,1
27900,82,1
27900,83,1
27900,84,1
27900,86,1
27900,87,1
27900,88,1
27900,90,1
27900,91,1
27900,92,1
27900,93,1
27900,147,1
27900,148,0
27900,149,0
27900,150,0
27900,194,0
27900,196,0
27900,197,0
27900,198,0
27900,200,0
27900,201,1
27900,202,0
27900,203,0
27906,1,1
27906,2,0
27906,3,1
27906,5,1
27906,6,1
27906,7,1
27906,29,1
27906,32,0
27906,33,0
27906,34,0
27906,35,0
27906,36,0
27906,37,0
27906,39,0
27906,40,0
27906,41,0
27906,49,1
27906,50,1
27906,52,1
27906,53,1
27906,54,1
27906,56,1
27906,57,1
27906,59,1
27906,60,1
27906,61,1
27906,63,1
27906,64,1
27906,65,1
27906,66,1
27906,67,1
27906,72,1
27906,73,1
27906,74,1
27906,82,1
27906,83,1
27906,84,1
27906,86,1
27906,87,1
27906,88,1
27906,90,1
27906,91,1
27906,92,1
27906,93,1
27906,147,1
27906,148,0
27906,149,0
27906,150,0
27906,194,0
27906,196,0
27906,197,0
27906,198,0
27906,200,0
27906,201,1
27906,202,0
27906,203,0
27907,1,1
27907,2,0
27907,3,1
27907,5,1
27907,6,1
27907,7,1
27907,147,1
27907,148,0
27907,149,0
27907,150,0
27907,194,0
27907,196,0
27907,197,0
27907,198,0
27907,200,0
27907,201,0
27907,202,0
27907,203,0
27911,1,1
27911,2,0
27911,3,1
27911,5,1
27911,6,1
27911,7,1
27911,72,1
27911,73,1
27911,74,1
27911,82,1
27911,83,1
27911,84,1
27911,86,1
27911,87,1
27911,88,1
27911,90,1
27911,91,1
27911,92,1
27911,93,1
27911,147,1
27911,148,0
27911,149,0
27911,150,0
27911,194,0
27911,196,0
27911,197,0
27911,198,0
27911,200,0
27911,201,1
27911,202,0
27911,203,0
28154,1,1
28154,5,1
28154,6,1
28154,7,1
28154,9,0
28154,10,1
28154,11,0
28154,12,0
28154,49,1
28154,50,1
28154,52,1
28154,53,1
28154,54,1
28154,56,1
28154,57,1
28154,59,1
28154,60,1
28154,61,1
28154,63,1
28154,64,1
28154,65,1
28154,66,1
28154,67,1
28154,72,1
28154,73,1
28154,74,1
28154,82,1
28154,83,1
28154,84,1
28154,86,1
28154,87,1
28154,88,1
28154,90,1
28154,91,1
28154,92,1
28154,93,1
28154,147,0
28154,148,0
28154,149,0
28154,150,1
28154,152,0
28154,153,0
28154,154,0
28154,155,0
28154,157,0
28154,159,0
28154,160,0
28154,164,0
28154,170,1
28154,171,1
28154,172,1
28154,173,0
28154,174,1
28154,175,1
28154,176,0
28154,177,0
28154,178,0
28154,181,0
28154,182,0
28154,183,0
28154,184,0
28154,194,1
28154,196,0
28154,197,0
28154,198,0
28154,200,0
28154,201,1
28154,202,0
28154,203,0
28155,1,1
28155,2,0
28155,3,1
28155,5,1
28155,6,1
28155,7,1
28155,9,0
28155,10,0
28155,11,1
28155,12,0
28155,29,0
28155,30,0
28155,31,0
28155,32,0
28155,33,0
28155,34,0
28155,35,1
28155,36,1
28155,37,0
28155,39,0
28155,40,0
28155,41,0
28155,49,1
28155,50,1
28155,52,1
28155,53,1
28155,54,1
28155,56,1
28155,57,1
28155,59,1
28155,60,1
28155,61,1
28155,63,0
28155,64,1
28155,65,1
28155,66,1
28155,67,1
28155,72,0
28155,73,1
28155,74,1
28155,82,1
28155,83,1
28155,84,1
28155,86,1
28155,87,1
28155,88,1
28155,90,1
28155,91,1
28155,92,1
28155,93,1
28155,147,1
28155,148,0
28155,149,0
28155,150,0
28155,194,0
28155,196,0
28155,197,0
28155,198,0
28155,200,0
28155,201,1
28155,202,0
28155,203,1
28157,1,1
28157,2,0
28157,3,1
28157,5,1
28157,6,1
28157,7,1
28157,49,0
28157,50,1
28157,52,1
28157,53,1
28157,54,1
28157,56,1
28157,57,1
28157,59,1
28157,60,1
28157,61,1
28157,63,1
28157,64,1
28157,65,1
28157,66,1
28157,67,1
28157,72,1
28157,73,1
28157,74,1
28157,82,1
28157,83,1
28157,84,1
28157,86,1
28157,87,1
28157,88,1
28157,90,1
28157,91,1
28157,92,1
28157,93,1
28157,147,1
28157,148,0
28157,149,0
28157,150,0
28157,194,0
28157,196,0
28157,197,0
28157,198,0
28157,200,0
28157,201,1
28157,202,0
28157,203,0
28162,1,1
28162,2,0
28162,3,1
28162,5,1
28162,6,1
28162,7,1
28162,49,1
28162,50,1
28162,52,1
28162,53,1
28162,54,1
28162,56,1
28162,57,1
28162,59,1
28162,60,1
28162,61,1
28162,63,1
28162,64,1
28162,65,1
28162,66,1
28162,67,1
28162,72,1
28162,73,1
28162,74,1
28162,82,1
28162,83,1
28162,84,1
28162,86,1
28162,87,1
28162,88,1
28162,90,1
28162,91,1
28162,92,1
28162,93,1
28162,147,1
28162,148,0
28162,149,0
28162,150,0
28162,194,0
28162,196,0
28162,197,0
28162,198,0
28162,200,0
28162,201,0
28162,202,0
28162,203,0
28163,1,1
28163,2,0
28163,3,1
28163,5,1
28163,6,1
28163,7,1
28163,9,1
28163,10,0
28163,11,0
28163,12,0
28163,29,1
28163,30,1
28163,31,0
28163,32,0
28163,33,0
28163,34,0
28163,35,0
28163,36,0
28163,37,0
28163,39,0
28163,40,0
28163,41,0
28163,49,1
28163,50,1
28163,52,1
28163,53,1
28163,54,1
28163,56,1
28163,57,1
28163,59,1
28163,60,1
28163,61,1
28163,63,1
28163,64,1
28163,65,1
28163,66,1
28163,67,1
28163,72,1
28163,73,1
28163,74,1
28163,82,1
28163,83,1
28163,84,1
28163,86,1
28163,87,1
28163,88,1
28163,90,1
28163,91,1
28163,92,1
28163,93,1
28163,147,0
28163,148,0
28163,149,1
28163,150,0
28163,152,1
28163,153,1
28163,154,1
28163,155,0
28163,157,1
28163,159,0
28163,160,0
28163,164,0
28163,170,0
28163,171,0
28163,172,0
28163,173,0
28163,174,0
28163,175,0
28163,176,0
28163,177,0
28163,178,0
28163,181,0
28163,182,0
28163,183,0
28163,184,0
28163,194,0
28163,196,0
28163,197,0
28163,198,0
28163,200,0
28163,201,1
28163,202,0
28163,203,0
28166,1,1
28166,5,1
28166,6,1
28166,7,1
28166,29,0
28166,30,0
28166,31,0
28166,32,0
28166,33,0
28166,34,0
28166,35,0
28166,36,0
28166,37,0
28166,39,1
28166,49,1
28166,50,1
28166,52,1
28166,53,1
28166,54,1
28166,56,1
28166,57,1
28166,59,1
28166,60,1
28166,61,1
28166,63,1
28166,64,1
28166,65,1
28166,66,1
28166,67,1
28166,72,1
28166,73,1
28166,74,1
28166,82,1
28166,83,1
28166,84,1
28166,86,1
28166,87,1
28166,88,1
28166,90,1
28166,91,0
28166,92,0
28166,93,0
28166,147,0
28166,148,1
28166,149,0
28166,150,0
28166,152,0
28166,153,0
28166,154,0
28166,155,0
28166,157,0
28166,159,0
28166,160,0
28166,164,0
28166,170,1
28166,171,1
28166,172,0
28166,173,0
28166,174,1
28166,175,0
28166,176,0
28166,177,0
28166,178,0
28166,181,0
28166,182,0
28166,183,0
28166,184,0
28166,194,1
28166,196,0
28166,197,0
28166,198,0
28166,200,0
28166,201,1
28166,202,0
28166,203,0
28175,1,1
28175,2,0
28175,3,1
28175,5,1
28175,6,1
28175,7,1
28175,9,0
28175,10,1
28175,11,0
28175,12,0
28175,29,1
28175,30,1
28175,31,0
28175,32,0
28175,33,0
28175,34,0
28175,35,0
28175,36,0
28175,37,0
28175,39,0
28175,40,0
28175,41,0
28175,49,1
28175,50,1
28175,52,1
28175,53,1
28175,54,1
28175,56,1
28175,57,1
28175,59,1
28175,60,1
28175,61,1
28175,63,1
28175,64,1
28175,65,1
28175,66,1
28175,67,1
28175,72,1
28175,73,1
28175,74,1
28175,82,1
28175,83,1
28175,84,1
28175,86,1
28175,87,1
28175,88,1
28175,90,1
28175,91,0
28175,92,0
28175,93,0
28175,147,1
28175,148,0
28175,149,0
28175,150,0
28175,194,0
28175,196,0
28175,197,0
28175,198,0
28175,200,0
28175,201,1
28175,202,0
28175,203,0
28177,1,1
28177,2,1
28177,3,0
28177,5,1
28177,6,1
28177,7,1
28177,49,1
28177,50,1
28177,52,1
28177,53,1
28177,54,1
28177,56,1
28177,57,1
28177,59,1
28177,60,1
28177,61,1
28177,63,1
28177,64,1
28177,65,1
28177,66,1
28177,67,1
28177,72,1
28177,73,1
28177,74,1
28177,82,1
28177,83,1
28177,84,1
28177,86,1
28177,87,1
28177,88,1
28177,90,1
28177,91,1
28177,92,1
28177,93,1
28177,147,1
28177,148,0
28177,149,0
28177,150,0
28177,194,1
28177,196,0
28177,197,0
28177,198,0
28177,200,0
28177,201,1
28177,202,0
28177,203,0
28181,1,1
28181,2,0
28181,3,1
28181,5,1
28181,6,1
28181,7,1
28181,29,1
28181,30,1
28181,31,0
28181,32,0
28181,33,0
28181,34,0
28181,35,0
28181,36,0
28181,37,0
28181,39,0
28181,40,0
28181,41,0
28181,56,1
28181,57,1
28181,59,1
28181,60,1
28181,61,1
28181,63,1
28181,64,1
28181,65,1
28181,66,1
28181,67,1
28181,72,1
28181,73,1
28181,74,1
28181,82,1
28181,83,1
28181,84,1
28181,86,1
28181,87,1
28181,88,1
28181,90,1
28181,91,1
28181,92,1
28181,93,1
28181,147,1
28181,148,0
28181,149,0
28181,150,0
28181,194,0
28181,196,0
28181,197,0
28181,198,0
28181,200,0
28181,201,0
28181,202,0
28181,203,0
28183,1,1
28183,2,0
28183,3,1
28183,5,1
28183,6,1
28183,7,1
28183,56,0
28183,57,1
28183,59,1
28183,60,1
28183,61,1
28183,63,1
28183,64,1
28183,65,1
28183,66,1
28183,67,1
28183,72,0
28183,73,1
28183,74,1
28183,82,1
28183,83,1
28183,84,1
28183,86,1
28183,87,1
28183,88,1
28183,90,1
28183,91,1
28183,92,1
28183,93,1
28183,147,1
28183,148,0
28183,149,0
28183,150,0
28183,194,0
28183,196,0
28183,197,0
28183,198,0
28183,200,0
28183,201,1
28183,202,0
28183,203,0
28187,1,1
28187,2,0
28187,3,1
28187,5,1
28187,6,1
28187,7,1
28187,29,0
28187,30,0
28187,31,0
28187,32,0
28187,33,0
28187,34,0
28187,35,0
28187,36,0
28187,37,0
28187,39,1
28187,49,0
28187,50,0
28187,52,0
28187,53,0
28187,54,1
28187,56,0
28187,57,0
28187,59,1
28187,60,1
28187,61,1
28187,63,1
28187,64,1
28187,65,1
28187,66,1
28187,67,1
28187,72,0
28187,73,1
28187,74,1
28187,82,1
28187,83,1
28187,84,1
28187,86,1
28187,87,1
28187,88,1
28187,90,1
28187,91,1
28187,92,1
28187,93,0
28187,147,1
28187,148,0
28187,149,0
28187,150,0
28187,194,0
28187,196,0
28187,197,0
28187,198,0
28187,200,0
28187,201,1
28187,202,0
28187,203,0
28204,1,1
28204,2,0
28204,3,1
28204,5,1
28204,6,1
28204,7,1
28204,9,0
28204,10,1
28204,11,0
28204,12,0
28204,29,0
28204,30,0
28204,31,0
28204,32,0
28204,33,0
28204,34,0
28204,35,1
28204,36,1
28204,37,0
28204,39,0
28204,40,0
28204,41,0
28204,49,0
28204,50,0
28204,52,1
28204,53,1
28204,54,1
28204,56,1
28204,57,1
28204,59,1
28204,60,1
28204,61,1
28204,63,1
28204,64,1
28204,65,1
28204,66,1
28204,67,1
28204,72,1
28204,73,1
28204,74,1
28204,82,1
28204,83,1
28204,84,1
28204,86,1
28204,87,1
28204,88,1
28204,90,1
28204,91,1
28204,92,1
28204,93,0
28204,147,1
28204,148,0
28204,149,0
28204,150,0
28204,194,0
28204,196,0
28204,197,0
28204,198,0
28204,200,0
28204,201,1
28204,202,1
28204,203,0
28211,1,1
28211,2,0
28211,3,1
28211,5,1
28211,6,1
28211,7,1
28211,56,1
28211,57,1
28211,59,1
28211,60,1
28211,61,1
28211,63,1
28211,64,1
28211,65,1
28211,66,1
28211,67,1
28211,72,1
28211,73,1
28211,74,1
28211,82,1
28211,83,1
28211,84,1
28211,86,1
28211,87,1
28211,88,1
28211,90,1
28211,91,1
28211,92,1
28211,93,0
28211,147,1
28211,148,0
28211,149,0
28211,150,0
28211,194,0
28211,196,0
28211,197,0
28211,198,0
28211,200,0
28211,201,0
28211,202,0
28211,203,0
28214,1,1
28214,2,0
28214,3,1
28214,5,1
28214,6,1
28214,7,1
28214,56,1
28214,57,1
28214,59,1
28214,60,1
28214,61,1
28214,63,1
28214,64,1
28214,65,1
28214,66,1
28214,67,1
28214,72,1
28214,73,1
28214,74,1
28214,82,1
28214,83,1
28214,84,1
28214,86,1
28214,87,1
28214,88,1
28214,90,1
28214,91,1
28214,92,1
28214,93,1
28214,147,1
28214,148,0
28214,149,0
28214,150,0
28214,194,0
28214,196,0
28214,197,0
28214,198,0
28214,200,0
28214,201,0
28214,202,0
28214,203,0
28217,1,1
28217,2,0
28217,3,1
28217,5,1
28217,6,1
28217,7,1
28217,49,1
28217,50,1
28217,52,1
28217,53,1
28217,54,1
28217,56,1
28217,57,1
28217,59,1
28217,60,1
28217,61,1
28217,63,1
28217,64,1
28217,65,1
28217,66,1
28217,67,1
28217,72,0
28217,73,1
28217,74,1
28217,82,1
28217,83,1
28217,84,1
28217,86,1
28217,87,1
28217,88,1
28217,90,1
28217,91,1
28217,92,1
28217,93,1
28217,147,1
28217,148,0
28217,149,0
28217,150,0
28217,194,0
28217,196,0
28217,197,0
28217,198,0
28217,200,0
28217,201,1
28217,202,0
28217,203,0
28224,1,1
28224,2,0
28224,3,1
28224,5,1
28224,6,1
28224,7,1
28224,29,1
28224,32,0
28224,33,0
28224,34,0
28224,35,0
28224,36,0
28224,37,0
28224,39,0
28224,40,0
28224,41,0
28224,49,1
28224,50,1
28224,52,1
28224,53,1
28224,54,1
28224,56,1
28224,57,1
28224,59,1
28224,60,1
28224,61,1
28224,63,1
28224,64,1
28224,65,1
28224,66,1
28224,67,1
28224,72,0
28224,73,0
28224,74,1
28224,82,1
28224,83,1
28224,84,1
28224,86,1
28224,87,1
28224,88,1
28224,90,1
28224,91,0
28224,92,0
28224,93,0
28224,147,1
28224,148,0
28224,149,0
28224,150,0
28224,194,0
28224,196,0
28224,197,0
28224,198,0
28224,200,0
28224,201,1
28224,202,0
28224,203,0
28226,1,1
28226,2,0
28226,3,1
28226,5,1
28226,6,1
28226,7,1
28226,49,1
28226,50,1
28226,52,1
28226,53,1
28226,54,1
28226,56,1
28226,57,1
28226,59,1
28226,60,1
28226,61,1
28226,63,1
28226,64,1
28226,65,1
28226,66,1
28226,67,1
28226,72,1
28226,73,1
28226,74,1
28226,82,1
28226,83,1
28226,84,1
28226,86,1
28226,87,1
28226,88,1
28226,90,1
28226,91,1
28226,92,1
28226,93,1
28226,147,1
28226,148,0
28226,149,0
28226,150,0
28226,194,0
28226,196,0
28226,197,0
28226,198,0
28226,200,0
28226,201,0
28226,202,0
28226,203,0
28227,1,1
28227,2,0
28227,3,1
28227,5,1
28227,6,1
28227,7,1
28227,29,1
28227,30,1
28227,31,0
28227,32,0
28227,33,0
28227,34,0
28227,35,0
28227,36,0
28227,37,0
28227,39,0
28227,40,0
28227,41,0
28227,49,1
28227,50,1
28227,52,1
28227,53,1
28227,54,1
28227,56,1
28227,57,1
28227,59,1
28227,60,1
28227,61,1
28227,63,1
28227,64,1
28227,65,1
28227,66,1
28227,67,1
28227,72,1
28227,73,1
28227,74,1
28227,82,1
28227,83,1
28227,84,1
28227,86,1
28227,87,1
28227,88,1
28227,90,1
28227,91,1
28227,92,1
28227,93,1
28227,147,1
28227,148,0
28227,149,0
28227,150,0
28227,194,0
28227,196,0
28227,197,0
28227,198,0
28227,200,0
28227,201,1
28227,202,1
28227,203,0
28231,1,1
28231,2,0
28231,3,1
28231,5,1
28231,6,1
28231,7,1
28231,49,1
28231,50,1
28231,52,1
28231,53,1
28231,54,1
28231,56,1
28231,57,1
28231,59,1
28231,60,1
28231,61,1
28231,63,1
28231,64,1
28231,65,1
28231,66,1
28231,67,1
28231,72,1
28231,73,1
28231,74,1
28231,82,1
28231,83,1
28231,84,1
28231,86,1
28231,87,1
28231,88,1
28231,90,1
28231,91,1
28231,92,1
28231,93,1
28231,147,1
28231,148,0
28231,149,0
28231,150,0
28231,194,0
28231,196,0
28231,197,0
28231,198,0
28231,200,0
28231,201,1
28231,202,0
28231,203,0
28235,1,1
28235,2,0
28235,3,1
28235,5,1
28235,6,1
28235,7,1
28235,49,1
28235,50,1
28235,52,1
28235,53,1
28235,54,1
28235,56,1
28235,57,1
28235,59,1
28235,60,1
28235,61,1
28235,63,1
28235,64,1
28235,65,1
28235,66,1
28235,67,1
28235,72,0
28235,73,1
28235,74,1
28235,82,1
28235,83,1
28235,84,1
28235,86,1
28235,87,1
28235,88,1
28235,90,1
28235,91,1
28235,92,1
28235,93,1
28235,147,1
28235,148,0
28235,149,0
28235,150,0
28235,194,0
28235,196,0
28235,197,0
28235,198,0
28235,200,0
28235,201,0
28235,202,0
28235,203,0
28242,1,1
28242,2,0
28242,3,1
28242,5,1
28242,6,1
28242,7,1
28242,49,1
28242,50,1
28242,52,1
28242,53,1
28242,54,1
28242,56,1
28242,57,1
28242,59,1
28242,60,1
28242,61,1
28242,63,1
28242,64,1
28242,65,1
28242,66,1
28242,67,1
28242,72,1
28242,73,1
28242,74,1
28242,82,1
28242,83,1
28242,84,1
28242,86,1
28242,87,1
28242,88,1
28242,90,1
28242,91,1
28242,92,1
28242,93,0
28242,147,1
28242,148,0
28242,149,0
28242,150,0
28242,194,0
28242,196,0
28242,197,0
28242,198,0
28242,200,0
28242,201,1
28242,202,0
28242,203,0
28518,1,1
28518,2,0
28518,3,1
28518,5,1
28518,6,1
28518,7,1
28518,147,1
28518,148,0
28518,149,0
28518,150,0
28518,194,0
28518,196,0
28518,197,0
28518,198,0
28518,200,0
28518,201,0
28518,202,0
28518,203,0
28519,1,1
28519,2,1
28519,3,0
28519,5,1
28519,6,1
28519,7,1
28519,49,1
28519,50,1
28519,52,1
28519,53,1
28519,54,1
28519,56,1
28519,57,1
28519,59,1
28519,60,1
28519,61,1
28519,63,1
28519,64,1
28519,65,1
28519,66,1
28519,67,1
28519,72,0
28519,73,1
28519,74,1
28519,82,1
28519,83,1
28519,84,1
28519,86,1
28519,87,1
28519,88,1
28519,90,1
28519,91,1
28519,92,0
28519,93,0
28519,147,1
28519,148,0
28519,149,0
28519,150,0
28519,194,0
28519,196,0
28519,197,0
28519,198,0
28519,200,0
28519,201,1
28519,202,1
28519,203,0
28527,1,1
28527,2,0
28527,3,1
28527,5,1
28527,6,1
28527,7,1
28527,9,0
28527,10,1
28527,11,0
28527,12,0
28527,29,0
28527,30,0
28527,31,0
28527,32,1
28527,33,1
28527,34,0
28527,35,0
28527,36,0
28527,37,0
28527,39,0
28527,40,0
28527,41,0
28527,49,1
28527,50,1
28527,52,1
28527,53,1
28527,54,1
28527,56,1
28527,57,1
28527,59,1
28527,60,1
28527,61,1
28527,63,1
28527,64,1
28527,65,1
28527,66,1
28527,67,1
28527,72,1
28527,73,1
28527,74,1
28527,82,1
28527,83,1
28527,84,1
28527,86,1
28527,87,1
28527,88,1
28527,90,1
28527,91,1
28527,92,1
28527,93,1
28527,147,0
28527,148,1
28527,149,0
28527,150,0
28527,152,1
28527,153,1
28527,154,0
28527,155,1
28527,157,1
28527,159,1
28527,160,0
28527,164,0
28527,170,0
28527,171,0
28527,172,0
28527,173,0
28527,174,0
28527,175,0
28527,176,0
28527,177,0
28527,178,0
28527,181,0
28527,182,0
28527,183,0
28527,184,0
28527,194,0
28527,196,0
28527,197,0
28527,198,0
28527,200,0
28527,201,1
28527,202,0
28527,203,0
28532,1,1
28532,2,0
28532,3,1
28532,5,1
28532,6,1
28532,7,1
28532,49,1
28532,50,1
28532,52,1
28532,53,1
28532,54,1
28532,56,1
28532,57,1
28532,59,1
28532,60,1
28532,61,1
28532,63,1
28532,64,1
28532,65,1
28532,66,1
28532,67,1
28532,72,1
28532,73,1
28532,74,1
28532,82,1
28532,83,1
28532,84,1
28532,86,1
28532,87,1
28532,88,1
28532,90,1
28532,91,0
28532,92,0
28532,93,0
28532,147,1
28532,148,0
28532,149,0
28532,150,0
28532,194,0
28532,196,0
28532,197,0
28532,198,0
28532,200,0
28532,201,1
28532,202,0
28532,203,0
28533,1,1
28533,2,0
28533,3,1
28533,5,1
28533,6,1
28533,7,1
28533,9,0
28533,10,1
28533,11,0
28533,12,0
28533,49,0
28533,50,0
28533,52,0
28533,53,0
28533,54,0
28533,56,0
28533,57,0
28533,59,0
28533,60,0
28533,61,0
28533,63,0
28533,64,1
28533,65,1
28533,66,1
28533,67,1
28533,72,1
28533,73,1
28533,74,1
28533,82,1
28533,83,1
28533,84,1
28533,86,1
28533,87,1
28533,88,1
28533,90,1
28533,91,1
28533,92,1
28533,93,1
28533,147,1
28533,148,0
28533,149,0
28533,150,0
28533,194,0
28533,196,0
28533,197,0
28533,198,0
28533,200,0
28533,201,1
28533,202,0
28533,203,0
28536,1,1
28536,2,0
28536,3,1
28536,5,1
28536,6,1
28536,7,1
28536,9,0
28536,10,0
28536,11,1
28536,12,0
28536,29,0
28536,30,0
28536,31,0
28536,32,0
28536,33,0
28536,34,0
28536,35,1
28536,39,0
28536,40,0
28536,41,0
28536,49,1
28536,50,1
28536,52,1
28536,53,1
28536,54,1
28536,56,1
28536,57,1
28536,59,1
28536,60,1
28536,61,1
28536,63,1
28536,64,1
28536,65,1
28536,66,1
28536,67,1
28536,72,1
28536,73,1
28536,74,1
28536,82,1
28536,83,1
28536,84,1
28536,86,1
28536,87,1
28536,88,1
28536,90,1
28536,91,1
28536,92,1
28536,93,1
28536,147,0
28536,148,1
28536,149,0
28536,150,0
28536,152,0
28536,153,0
28536,154,0
28536,155,0
28536,157,0
28536,159,0
28536,160,0
28536,164,0
28536,170,1
28536,171,1
28536,172,0
28536,173,0
28536,174,0
28536,175,1
28536,176,0
28536,177,0
28536,178,0
28536,181,0
28536,182,0
28536,183,0
28536,184,0
28536,194,0
28536,196,0
28536,197,0
28536,198,0
28536,200,0
28536,201,1
28536,202,0
28536,203,0
28537,1,1
28537,2,0
28537,3,1
28537,5,1
28537,6,1
28537,7,1
28537,49,1
28537,50,1
28537,52,1
28537,53,1
28537,54,1
28537,56,1
28537,57,1
28537,59,1
28537,60,1
28537,61,1
28537,63,1
28537,64,1
28537,65,1
28537,66,1
28537,67,1
28537,72,1
28537,73,1
28537,74,1
28537,82,1
28537,83,1
28537,84,1
28537,86,1
28537,87,1
28537,88,1
28537,90,1
28537,91,1
28537,92,1
28537,93,1
28537,147,1
28537,148,0
28537,149,0
28537,150,0
28537,194,0
28537,196,0
28537,197,0
28537,198,0
28537,200,0
28537,201,1
28537,202,0
28537,203,0
28538,1,1
28538,2,1
28538,3,0
28538,5,1
28538,6,1
28538,7,1
28538,29,0
28538,30,0
28538,31,0
28538,32,0
28538,33,0
28538,34,0
28538,35,1
28538,36,0
28538,37,1
28538,39,0
28538,40,0
28538,41,0
28538,49,1
28538,50,1
28538,52,1
28538,53,1
28538,54,1
28538,56,1
28538,57,1
28538,59,1
28538,60,1
28538,61,1
28538,63,1
28538,64,1
28538,65,1
28538,66,1
28538,67,1
28538,72,0
28538,73,1
28538,74,1
28538,82,1
28538,83,1
28538,84,1
28538,86,1
28538,87,1
28538,88,1
28538,90,1
28538,91,1
28538,92,1
28538,93,1
28538,147,1
28538,148,0
28538,149,0
28538,150,0
28538,194,0
28538,196,0
28538,197,0
28538,198,0
28538,200,0
28538,201,0
28538,202,0
28538,203,0
28540,1,1
28540,2,1
28540,3,0
28540,5,1
28540,6,1
28540,7,1
28540,29,0
28540,30,0
28540,31,0
28540,32,0
28540,33,0
28540,34,0
28540,35,1
28540,36,0
28540,37,1
28540,39,0
28540,40,0
28540,41,0
28540,49,1
28540,50,1
28540,52,1
28540,53,1
28540,54,1
28540,56,1
28540,57,1
28540,59,1
28540,60,1
28540,61,1
28540,63,1
28540,64,1
28540,65,1
28540,66,1
28540,67,1
28540,72,1
28540,73,1
28540,74,1
28540,82,1
28540,83,1
28540,84,1
28540,86,1
28540,87,1
28540,88,1
28540,90,1
28540,91,1
28540,92,1
28540,93,1
28540,147,1
28540,148,0
28540,149,0
28540,150,0
28540,194,0
28540,196,0
28540,197,0
28540,198,0
28540,200,0
28540,201,1
28540,202,1
28540,203,0
28552,1,1
28552,2,0
28552,3,1
28552,5,1
28552,6,1
28552,7,1
28552,72,1
28552,73,1
28552,74,1
28552,82,1
28552,83,1
28552,84,1
28552,86,1
28552,87,1
28552,88,1
28552,90,1
28552,91,1
28552,92,1
28552,93,0
28552,147,1
28552,148,0
28552,149,0
28552,150,0
28552,194,0
28552,196,0
28552,197,0
28552,198,0
28552,200,0
28552,201,1
28552,202,0
28552,203,0
28554,1,1
28554,2,0
28554,3,1
28554,5,1
28554,6,1
28554,7,1
28554,29,1
28554,30,1
28554,31,0
28554,32,0
28554,33,0
28554,34,0
28554,35,0
28554,36,0
28554,37,0
28554,39,0
28554,40,0
28554,41,0
28554,49,1
28554,50,1
28554,52,1
28554,53,1
28554,54,1
28554,56,1
28554,57,1
28554,59,1
28554,60,1
28554,61,1
28554,63,1
28554,64,1
28554,65,1
28554,66,1
28554,67,1
28554,72,1
28554,73,1
28554,74,1
28554,82,1
28554,83,1
28554,84,1
28554,86,1
28554,87,1
28554,88,1
28554,90,1
28554,91,1
28554,92,1
28554,93,1
28554,147,1
28554,148,0
28554,149,0
28554,150,0
28554,194,0
28554,196,0
28554,197,0
28554,198,0
28554,200,0
28554,201,0
28554,202,0
28554,203,0
28555,1,1
28555,2,1
28555,3,0
28555,5,1
28555,6,1
28555,7,1
28555,56,1
28555,57,1
28555,59,1
28555,60,1
28555,61,1
28555,63,1
28555,64,1
28555,65,1
28555,66,1
28555,67,1
28555,72,1
28555,73,1
28555,74,1
28555,82,1
28555,83,1
28555,84,1
28555,86,1
28555,87,1
28555,88,1
28555,90,1
28555,91,1
28555,92,1
28555,93,1
28555,147,1
28555,148,0
28555,149,0
28555,150,0
28555,194,0
28555,196,0
28555,197,0
28555,198,0
28555,200,0
28555,201,0
28555,202,0
28555,203,0
28561,1,1
28561,2,0
28561,3,1
28561,5,1
28561,6,1
28561,7,1
28561,29,1
28561,30,1
28561,31,0
28561,32,0
28561,33,0
28561,34,0
28561,35,0
28561,36,0
28561,37,0
28561,39,0
28561,40,0
28561,41,0
28561,147,1
28561,148,0
28561,149,0
28561,150,0
28561,194,0
28561,196,0
28561,197,0
28561,198,0
28561,200,0
28561,201,0
28561,202,0
28561,203,0
28563,1,1
28563,2,0
28563,3,1
28563,5,1
28563,6,1
28563,7,1
28563,49,1
28563,50,1
28563,52,1
28563,53,1
28563,54,1
28563,56,1
28563,57,1
28563,59,1
28563,60,1
28563,61,1
28563,63,1
28563,64,1
28563,65,1
28563,66,1
28563,67,1
28563,72,1
28563,73,1
28563,74,1
28563,82,1
28563,83,1
28563,84,1
28563,86,1
28563,87,1
28563,88,1
28563,90,1
28563,91,1
28563,92,0
28563,93,0
28563,147,1
28563,148,0
28563,149,0
28563,150,0
28563,194,0
28563,196,1
28563,197,0
28563,198,0
28563,200,1
28563,201,1
28563,202,0
28563,203,0
28567,1,1
28567,2,1
28567,3,0
28567,5,1
28567,6,1
28567,7,1
28567,49,1
28567,50,1
28567,52,1
28567,53,1
28567,54,1
28567,56,1
28567,57,1
28567,59,1
28567,60,1
28567,61,1
28567,63,1
28567,64,1
28567,65,1
28567,66,1
28567,67,1
28567,72,1
28567,73,1
28567,74,1
28567,82,1
28567,83,1
28567,84,1
28567,86,1
28567,87,1
28567,88,1
28567,90,1
28567,91,1
28567,92,1
28567,93,1
28567,147,1
28567,148,0
28567,149,0
28567,150,0
28567,194,0
28567,196,0
28567,197,0
28567,198,0
28567,200,0
28567,201,0
28567,202,0
28567,203,0
28571,1,1
28571,2,0
28571,3,1
28571,5,1
28571,6,1
28571,7,1
28571,49,1
28571,50,1
28571,52,1
28571,53,1
28571,54,1
28571,56,1
28571,57,1
28571,59,1
28571,60,1
28571,61,1
28571,63,0
28571,64,1
28571,65,1
28571,66,1
28571,67,1
28571,72,1
28571,73,1
28571,74,1
28571,82,1
28571,83,1
28571,84,1
28571,86,1
28571,87,1
28571,88,1
28571,90,1
28571,91,1
28571,92,1
28571,93,1
28571,147,0
28571,148,1
28571,149,0
28571,150,0
28571,152,1
28571,153,1
28571,154,0
28571,155,1
28571,157,0
28571,159,0
28571,160,0
28571,164,0
28571,170,0
28571,171,0
28571,172,0
28571,173,0
28571,174,0
28571,175,0
28571,176,0
28571,177,0
28571,178,0
28571,181,0
28571,182,0
28571,183,0
28571,184,0
28571,194,1
28571,196,1
28571,197,0
28571,198,0
28571,200,0
28571,201,1
28571,202,0
28571,203,0
28578,1,1
28578,2,0
28578,3,1
28578,5,1
28578,6,1
28578,7,1
28578,49,1
28578,50,1
28578,52,1
28578,53,1
28578,54,1
28578,56,1
28578,57,1
28578,59,1
28578,60,1
28578,61,1
28578,63,1
28578,64,1
28578,65,1
28578,66,1
28578,67,1
28578,72,1
28578,73,1
28578,74,1
28578,82,1
28578,83,1
28578,84,1
28578,86,1
28578,87,1
28578,88,1
28578,90,1
28578,91,1
28578,92,1
28578,93,1
28578,147,1
28578,148,0
28578,149,0
28578,150,0
28578,194,0
28578,196,0
28578,197,0
28578,198,0
28578,200,0
28578,201,0
28578,202,0
28578,203,0
28581,1,1
28581,2,0
28581,3,1
28581,5,1
28581,6,1
28581,7,1
28581,29,0
28581,30,0
28581,31,0
28581,32,0
28581,33,0
28581,34,0
28581,35,0
28581,36,0
28581,37,0
28581,39,1
28581,49,1
28581,50,1
28581,52,1
28581,53,1
28581,54,1
28581,56,1
28581,57,1
28581,59,1
28581,60,1
28581,61,1
28581,63,1
28581,64,1
28581,65,1
28581,66,1
28581,67,1
28581,72,1
28581,73,1
28581,74,1
28581,82,1
28581,83,1
28581,84,1
28581,86,1
28581,87,1
28581,88,1
28581,90,1
28581,91,1
28581,92,1
28581,93,1
28581,147,1
28581,148,0
28581,149,0
28581,150,0
28581,194,1
28581,196,0
28581,197,0
28581,198,0
28581,200,0
28581,201,1
28581,202,0
28581,203,0
28585,1,1
28585,2,0
28585,3,1
28585,5,1
28585,6,1
28585,7,1
28585,49,0
28585,50,1
28585,52,1
28585,53,1
28585,54,1
28585,56,1
28585,57,1
28585,59,1
28585,60,1
28585,61,1
28585,63,1
28585,64,1
28585,65,1
28585,66,1
28585,67,1
28585,72,1
28585,73,1
28585,74,1
28585,82,1
28585,83,1
28585,84,1
28585,86,1
28585,87,1
28585,88,1
28585,90,1
28585,91,1
28585,92,1
28585,93,1
28585,147,1
28585,148,0
28585,149,0
28585,150,0
28585,194,0
28585,196,0
28585,197,0
28585,198,0
28585,200,0
28585,201,1
28585,202,0
28585,203,0
28592,1,1
28592,2,0
28592,3,1
28592,5,1
28592,6,1
28592,7,1
28592,29,0
28592,30,0
28592,31,0
28592,32,0
28592,33,0
28592,34,0
28592,35,0
28592,36,0
28592,37,0
28592,39,1
28592,56,1
28592,57,1
28592,59,1
28592,60,1
28592,61,1
28592,63,1
28592,64,1
28592,65,1
28592,66,1
28592,67,1
28592,72,1
28592,73,1
28592,74,1
28592,82,1
28592,83,1
28592,84,1
28592,86,1
28592,87,1
28592,88,1
28592,90,1
28592,91,1
28592,92,1
28592,93,1
28592,147,1
28592,148,0
28592,149,0
28592,150,0
28592,194,0
28592,196,0
28592,197,0
28592,198,0
28592,200,0
28592,201,0
28592,202,0
28592,203,0
28597,1,1
28597,2,0
28597,3,1
28597,5,1
28597,6,1
28597,7,1
28597,49,1
28597,50,1
28597,52,1
28597,53,1
28597,54,1
28597,56,1
28597,57,1
28597,59,1
28597,60,1
28597,61,1
28597,63,1
28597,64,1
28597,65,1
28597,66,1
28597,67,1
28597,72,1
28597,73,1
28597,74,1
28597,82,1
28597,83,1
28597,84,1
28597,86,1
28597,87,1
28597,88,1
28597,90,1
28597,91,1
28597,92,1
28597,93,1
28597,147,1
28597,148,0
28597,149,0
28597,150,0
28597,194,0
28597,196,1
28597,197,0
28597,198,0
28597,200,0
28597,201,1
28597,202,0
28597,203,0
28598,1,1
28598,2,0
28598,3,1
28598,5,1
28598,6,1
28598,7,1
28598,49,1
28598,50,1
28598,52,1
28598,53,1
28598,54,1
28598,56,1
28598,57,1
28598,59,1
28598,60,1
28598,61,1
28598,63,1
28598,64,1
28598,65,1
28598,66,1
28598,67,1
28598,72,1
28598,73,1
28598,74,1
28598,82,1
28598,83,0
28598,84,0
28598,86,1
28598,87,1
28598,88,1
28598,90,1
28598,91,1
28598,92,1
28598,93,1
28598,147,0
28598,148,1
28598,149,0
28598,150,0
28598,152,1
28598,153,1
28598,154,0
28598,155,1
28598,157,0
28598,159,0
28598,160,0
28598,164,0
28598,170,0
28598,171,0
28598,172,0
28598,173,0
28598,174,0
28598,175,0
28598,176,0
28598,177,0
28598,178,0
28598,181,0
28598,182,0
28598,183,0
28598,184,0
28598,194,0
28598,196,0
28598,197,0
28598,198,0
28598,200,0
28598,201,1
28598,202,0
28598,203,0
28599,1,1
28599,2,0
28599,3,1
28599,5,1
28599,6,1
28599,7,1
28599,72,1
28599,73,1
28599,74,1
28599,82,1
28599,83,1
28599,84,1
28599,86,1
28599,87,1
28599,88,1
28599,90,1
28599,91,1
28599,92,1
28599,93,1
28599,147,1
28599,148,0
28599,149,0
28599,150,0
28599,194,0
28599,196,0
28599,197,0
28599,198,0
28599,200,0
28599,201,1
28599,202,0
28599,203,0
28604,1,1
28604,2,0
28604,3,1
28604,5,1
28604,6,1
28604,7,1
28604,72,1
28604,73,1
28604,74,1
28604,82,1
28604,83,1
28604,84,1
28604,86,1
28604,87,1
28604,88,1
28604,90,1
28604,91,1
28604,92,1
28604,93,1
28604,147,1
28604,148,0
28604,149,0
28604,150,0
28604,194,0
28604,196,0
28604,197,0
28604,198,0
28604,200,0
28604,201,0
28604,202,0
28604,203,0
28978,1,1
28978,2,0
28978,3,1
28978,5,1
28978,6,1
28978,7,1
28978,29,1
28978,30,1
28978,31,0
28978,32,0
28978,33,0
28978,34,0
28978,35,0
28978,36,0
28978,37,0
28978,39,0
28978,40,0
28978,41,0
28978,49,1
28978,50,1
28978,52,1
28978,53,1
28978,54,1
28978,56,1
28978,57,1
28978,59,1
28978,60,1
28978,61,1
28978,63,1
28978,64,1
28978,65,1
28978,66,1
28978,67,1
28978,72,1
28978,73,1
28978,74,1
28978,82,1
28978,83,1
28978,84,1
28978,86,1
28978,87,1
28978,88,1
28978,90,1
28978,91,1
28978,92,1
28978,93,1
28978,147,1
28978,148,0
28978,149,0
28978,150,0
28978,194,0
28978,196,0
28978,197,0
28978,198,0
28978,200,0
28978,201,1
28978,202,0
28978,203,0
28979,1,1
28979,2,1
28979,3,0
28979,5,1
28979,6,1
28979,7,1
28979,9,0
28979,10,0
28979,11,0
28979,12,1
28979,49,1
28979,50,1
28979,52,1
28979,53,1
28979,54,1
28979,56,1
28979,57,1
28979,59,1
28979,60,1
28979,61,1
28979,63,1
28979,64,1
28979,65,1
28979,66,1
28979,67,1
28979,72,1
28979,73,1
28979,74,1
28979,82,1
28979,83,1
28979,84,1
28979,86,1
28979,87,1
28979,88,1
28979,90,1
28979,91,1
28979,92,1
28979,93,1
28979,147,1
28979,148,0
28979,149,0
28979,150,0
28979,194,0
28979,196,1
28979,197,0
28979,198,0
28979,200,0
28979,201,1
28979,202,0
28979,203,0
28984,1,1
28984,2,1
28984,3,0
28984,5,1
28984,6,1
28984,7,1
28984,9,0
28984,10,0
28984,11,0
28984,12,1
28984,147,1
28984,148,0
28984,149,0
28984,150,0
28984,194,0
28984,196,0
28984,197,0
28984,198,0
28984,200,0
28984,201,0
28984,202,0
28984,203,0
28985,1,1
28985,2,0
28985,3,1
28985,5,1
28985,6,1
28985,7,1
28985,49,0
28985,50,1
28985,52,1
28985,53,1
28985,54,1
28985,56,0
28985,57,0
28985,59,1
28985,60,1
28985,61,1
28985,63,0
28985,64,0
28985,65,1
28985,66,1
28985,67,1
28985,72,0
28985,73,0
28985,74,0
28985,82,1
28985,83,1
28985,84,1
28985,86,1
28985,87,1
28985,88,1
28985,90,1
28985,91,1
28985,92,1
28985,93,1
28985,147,1
28985,148,0
28985,149,0
28985,150,0
28985,194,0
28985,196,0
28985,197,0
28985,198,0
28985,200,0
28985,201,0
28985,202,0
28985,203,0
28987,1,1
28987,2,0
28987,3,1
28987,5,1
28987,6,1
28987,7,1
28987,56,1
28987,57,1
28987,59,1
28987,60,1
28987,61,1
28987,63,1
28987,64,1
28987,65,1
28987,66,1
28987,67,1
28987,72,1
28987,73,1
28987,74,1
28987,82,1
28987,83,1
28987,84,1
28987,86,1
28987,87,1
28987,88,1
28987,90,1
28987,91,1
28987,92,1
28987,93,1
28987,147,1
28987,148,0
28987,149,0
28987,150,0
28987,194,0
28987,196,0
28987,197,0
28987,198,0
28987,200,0
28987,201,1
28987,202,0
28987,203,0
28989,1,1
28989,2,0
28989,3,1
28989,5,1
28989,6,1
28989,7,1
28989,9,0
28989,10,0
28989,11,0
28989,12,0
28989,29,0
28989,30,0
28989,31,0
28989,32,0
28989,33,0
28989,34,0
28989,35,0
28989,36,0
28989,37,0
28989,39,1
28989,49,1
28989,50,1
28989,52,1
28989,53,1
28989,54,1
28989,56,1
28989,57,1
28989,59,1
28989,60,1
28989,61,1
28989,63,1
28989,64,1
28989,65,1
28989,66,1
28989,67,1
28989,72,0
28989,73,1
28989,74,1
28989,82,1
28989,83,1
28989,84,1
28989,86,1
28989,87,1
28989,88,1
28989,90,1
28989,91,1
28989,92,0
28989,93,0
28989,147,0
28989,148,1
28989,149,0
28989,150,0
28989,152,1
28989,153,1
28989,154,0
28989,155,1
28989,157,0
28989,159,0
28989,160,0
28989,164,0
28989,170,0
28989,171,0
28989,172,0
28989,173,0
28989,174,0
28989,175,0
28989,176,0
28989,177,0
28989,178,0
28989,181,0
28989,182,0
28989,183,0
28989,184,0
28989,194,0
28989,196,0
28989,197,0
28989,198,0
28989,200,0
28989,201,1
28989,202,0
28989,203,0
28997,1,1
28997,2,0
28997,3,1
28997,5,1
28997,6,1
28997,7,1
28997,49,1
28997,50,1
28997,52,1
28997,53,1
28997,54,1
28997,56,1
28997,57,1
28997,59,1
28997,60,1
28997,61,1
28997,63,1
28997,64,1
28997,65,1
28997,66,1
28997,67,1
28997,72,1
28997,73,1
28997,74,1
28997,82,1
28997,83,1
28997,84,1
28997,86,1
28997,87,1
28997,88,1
28997,90,1
28997,91,1
28997,92,1
28997,93,1
28997,147,1
28997,148,0
28997,149,0
28997,150,0
28997,194,0
28997,196,0
28997,197,0
28997,198,0
28997,200,0
28997,201,1
28997,202,0
28997,203,0
29002,1,1
29002,2,0
29002,3,1
29002,5,1
29002,6,1
29002,7,1
29002,49,1
29002,50,1
29002,52,1
29002,53,1
29002,54,1
29002,56,1
29002,57,1
29002,59,1
29002,60,1
29002,61,1
29002,63,1
29002,64,1
29002,65,1
29002,66,1
29002,67,1
29002,72,1
29002,73,1
29002,74,1
29002,82,1
29002,83,1
29002,84,1
29002,86,1
29002,87,1
29002,88,1
29002,90,1
29002,91,1
29002,92,1
29002,93,1
29002,147,1
29002,148,0
29002,149,0
29002,150,0
29002,194,0
29002,196,0
29002,197,0
29002,198,0
29002,200,0
29002,201,1
29002,202,0
29002,203,0
29030,1,1
29030,2,0
29030,3,1
29030,5,1
29030,6,1
29030,7,1
29030,56,1
29030,57,1
29030,59,1
29030,60,1
29030,61,1
29030,63,1
29030,64,1
29030,65,1
29030,66,1
29030,67,1
29030,72,1
29030,73,1
29030,74,1
29030,82,1
29030,83,1
29030,84,1
29030,86,1
29030,87,1
29030,88,1
29030,90,1
29030,91,1
29030,92,1
29030,93,1
29030,147,1
29030,148,0
29030,149,0
29030,150,0
29030,194,0
29030,196,0
29030,197,0
29030,198,0
29030,200,0
29030,201,1
29030,202,0
29030,203,0
29031,1,1
29031,2,1
29031,3,0
29031,5,1
29031,6,1
29031,7,1
29031,72,1
29031,73,1
29031,74,1
29031,82,1
29031,83,1
29031,84,1
29031,86,1
29031,87,1
29031,88,1
29031,90,1
29031,91,1
29031,92,1
29031,93,1
29031,147,1
29031,148,0
29031,149,0
29031,150,0
29031,194,0
29031,196,0
29031,197,0
29031,198,0
29031,200,0
29031,201,0
29031,202,0
29031,203,0
29035,1,1
29035,2,0
29035,3,1
29035,5,1
29035,6,1
29035,7,1
29035,9,1
29035,10,0
29035,11,0
29035,12,0
29035,29,1
29035,30,1
29035,31,0
29035,32,0
29035,33,0
29035,34,0
29035,35,0
29035,36,0
29035,37,0
29035,39,0
29035,40,0
29035,41,0
29035,49,1
29035,50,1
29035,52,1
29035,53,1
29035,54,1
29035,56,1
29035,57,1
29035,59,1
29035,60,1
29035,61,1
29035,63,1
29035,64,1
29035,65,1
29035,66,1
29035,67,1
29035,72,1
29035,73,1
29035,74,1
29035,82,1
29035,83,1
29035,84,1
29035,86,1
29035,87,1
29035,88,1
29035,90,1
29035,91,1
29035,92,1
29035,93,1
29035,147,1
29035,148,0
29035,149,0
29035,150,0
29035,194,0
29035,196,0
29035,197,0
29035,198,0
29035,200,0
29035,201,1
29035,202,0
29035,203,0
29039,1,1
29039,2,0
29039,3,1
29039,5,1
29039,6,1
29039,7,1
29039,72,1
29039,73,1
29039,74,1
29039,82,1
29039,83,1
29039,84,1
29039,90,1
29039,91,1
29039,92,1
29039,93,1
29039,147,1
29039,148,0
29039,149,0
29039,150,0
29039,194,0
29039,196,0
29039,197,0
29039,198,0
29039,200,0
29039,201,0
29039,202,0
29039,203,0
29041,1,1
29041,2,1
29041,3,0
29041,5,1
29041,6,1
29041,7,1
29041,72,1
29041,73,1
29041,74,1
29041,82,1
29041,83,1
29041,84,1
29041,90,1
29041,91,1
29041,92,1
29041,93,1
29041,147,1
29041,148,0
29041,149,0
29041,150,0
29041,194,0
29041,196,0
29041,197,0
29041,198,0
29041,200,0
29041,201,0
29041,202,0
29041,203,0
29049,1,1
29049,2,0
29049,3,1
29049,5,1
29049,6,1
29049,7,1
29049,49,1
29049,50,1
29049,52,1
29049,53,1
29049,54,1
29049,56,1
29049,57,1
29049,59,1
29049,60,1
29049,61,1
29049,63,1
29049,64,1
29049,65,1
29049,66,1
29049,67,1
29049,72,1
29049,73,1
29049,74,1
29049,82,1
29049,83,1
29049,84,1
29049,86,1
29049,87,1
29049,88,1
29049,90,1
29049,91,1
29049,92,1
29049,93,1
29049,147,1
29049,148,0
29049,149,0
29049,150,0
29049,194,1
29049,196,1
29049,197,0
29049,198,0
29049,200,0
29049,201,1
29049,202,0
29049,203,0
29050,1,1
29050,2,0
29050,3,1
29050,5,1
29050,6,1
29050,7,1
29050,29,1
29050,30,1
29050,31,0
29050,32,0
29050,33,0
29050,34,0
29050,35,0
29050,36,0
29050,37,0
29050,39,0
29050,40,0
29050,41,0
29050,56,1
29050,57,1
29050,59,1
29050,60,1
29050,61,1
29050,63,1
29050,64,1
29050,65,1
29050,66,1
29050,67,1
29050,72,1
29050,73,1
29050,74,1
29050,82,1
29050,83,1
29050,84,1
29050,86,1
29050,87,1
29050,88,1
29050,90,1
29050,91,1
29050,92,1
29050,93,1
29050,147,1
29050,148,0
29050,149,0
29050,150,0
29050,194,0
29050,196,0
29050,197,0
29050,198,0
29050,200,0
29050,201,0
29050,202,0
29050,203,0
29056,1,1
29056,2,0
29056,3,1
29056,5,1
29056,6,1
29056,7,1
29056,72,1
29056,73,1
29056,74,1
29056,82,1
29056,83,1
29056,84,1
29056,86,1
29056,87,1
29056,88,1
29056,90,1
29056,91,1
29056,92,1
29056,93,1
29056,147,1
29056,148,0
29056,149,0
29056,150,0
29056,194,0
29056,196,0
29056,197,0
29056,198,0
29056,200,0
29056,201,0
29056,202,0
29056,203,0
29057,1,1
29057,2,0
29057,3,1
29057,5,1
29057,6,1
29057,7,1
29057,9,0
29057,10,0
29057,11,1
29057,12,0
29057,29,0
29057,30,0
29057,31,0
29057,32,0
29057,33,0
29057,34,0
29057,35,0
29057,36,0
29057,37,0
29057,39,1
29057,49,1
29057,50,1
29057,52,1
29057,53,1
29057,54,1
29057,56,1
29057,57,1
29057,59,1
29057,60,1
29057,61,1
29057,63,1
29057,64,1
29057,65,1
29057,66,1
29057,67,1
29057,72,1
29057,73,1
29057,74,1
29057,82,1
29057,83,1
29057,84,1
29057,86,1
29057,87,1
29057,88,1
29057,90,1
29057,91,1
29057,92,1
29057,93,1
29057,147,1
29057,148,0
29057,149,0
29057,150,0
29057,194,0
29057,196,0
29057,197,0
29057,198,0
29057,200,0
29057,201,1
29057,202,0
29057,203,0
29058,1,1
29058,2,0
29058,3,1
29058,5,1
29058,6,1
29058,7,1
29058,29,0
29058,30,0
29058,31,0
29058,32,0
29058,33,0
29058,34,0
29058,35,0
29058,36,0
29058,37,0
29058,39,1
29058,49,1
29058,50,1
29058,52,1
29058,53,1
29058,54,1
29058,56,1
29058,57,1
29058,59,1
29058,60,1
29058,61,1
29058,63,1
29058,64,1
29058,65,1
29058,66,1
29058,67,1
29058,72,1
29058,73,1
29058,74,1
29058,82,1
29058,83,1
29058,84,1
29058,86,1
29058,87,1
29058,88,1
29058,90,1
29058,91,1
29058,92,1
29058,93,1
29058,147,1
29058,148,0
29058,149,0
29058,150,0
29058,194,0
29058,196,0
29058,197,0
29058,198,0
29058,200,0
29058,201,0
29058,202,0
29058,203,0
29060,1,1
29060,2,0
29060,3,1
29060,5,1
29060,6,1
29060,7,1
29060,29,1
29060,30,1
29060,31,0
29060,32,0
29060,33,0
29060,34,0
29060,35,0
29060,36,0
29060,37,0
29060,39,0
29060,40,0
29060,41,0
29060,49,1
29060,50,1
29060,52,1
29060,53,1
29060,54,1
29060,56,1
29060,57,1
29060,59,1
29060,60,1
29060,61,1
29060,63,1
29060,64,1
29060,65,1
29060,66,1
29060,67,1
29060,72,1
29060,73,1
29060,74,1
29060,82,1
29060,83,1
29060,84,1
29060,86,1
29060,87,1
29060,88,1
29060,90,1
29060,91,1
29060,92,0
29060,93,0
29060,147,1
29060,148,0
29060,149,0
29060,150,0
29060,194,0
29060,196,0
29060,197,0
29060,198,0
29060,200,0
29060,201,0
29060,202,0
29060,203,1
29061,1,1
29061,2,1
29061,3,0
29061,5,1
29061,6,1
29061,7,1
29061,49,1
29061,50,1
29061,52,1
29061,53,1
29061,54,1
29061,56,1
29061,57,1
29061,59,1
29061,60,1
29061,61,1
29061,63,1
29061,64,1
29061,65,1
29061,66,1
29061,67,1
29061,72,1
29061,73,1
29061,74,1
29061,82,1
29061,83,1
29061,84,1
29061,86,1
29061,87,1
29061,88,1
29061,90,1
29061,91,1
29061,92,1
29061,93,0
29061,147,1
29061,148,0
29061,149,0
29061,150,0
29061,194,0
29061,196,0
29061,197,0
29061,198,0
29061,200,0
29061,201,1
29061,202,0
29061,203,0
29065,1,1
29065,2,1
29065,3,0
29065,5,1
29065,6,1
29065,7,1
29065,147,1
29065,148,0
29065,149,0
29065,150,0
29065,194,0
29065,196,0
29065,197,0
29065,198,0
29065,200,0
29065,201,0
29065,202,0
29065,203,0
29066,1,1
29066,2,0
29066,3,1
29066,5,1
29066,6,1
29066,7,1
29066,49,1
29066,50,1
29066,52,1
29066,53,1
29066,54,1
29066,56,1
29066,57,1
29066,59,1
29066,60,1
29066,61,1
29066,63,1
29066,64,1
29066,65,1
29066,66,1
29066,67,1
29066,72,0
29066,73,0
29066,74,0
29066,82,1
29066,83,1
29066,84,1
29066,86,1
29066,87,1
29066,88,1
29066,90,1
29066,91,1
29066,92,1
29066,93,0
29066,147,1
29066,148,0
29066,149,0
29066,150,0
29066,194,0
29066,196,0
29066,197,0
29066,198,0
29066,200,0
29066,201,0
29066,202,1
29066,203,0
29071,1,1
29071,2,0
29071,3,1
29071,5,1
29071,6,1
29071,7,1
29071,72,1
29071,73,1
29071,74,1
29071,82,1
29071,83,1
29071,84,1
29071,86,1
29071,87,1
29071,88,1
29071,90,1
29071,91,1
29071,92,1
29071,93,1
29071,147,1
29071,148,0
29071,149,0
29071,150,0
29071,194,0
29071,196,0
29071,197,0
29071,198,0
29071,200,0
29071,201,0
29071,202,0
29071,203,0
29073,1,1
29073,2,1
29073,3,0
29073,5,1
29073,6,1
29073,7,1
29073,29,1
29073,30,0
29073,31,1
29073,32,0
29073,33,0
29073,34,0
29073,35,0
29073,36,0
29073,37,0
29073,39,0
29073,40,0
29073,41,0
29073,49,1
29073,50,1
29073,52,1
29073,53,1
29073,54,1
29073,56,1
29073,57,1
29073,59,1
29073,60,1
29073,61,1
29073,63,1
29073,64,1
29073,65,1
29073,66,1
29073,67,1
29073,72,1
29073,73,1
29073,74,1
29073,82,1
29073,83,1
29073,84,1
29073,86,1
29073,87,1
29073,88,1
29073,90,1
29073,91,1
29073,92,1
29073,93,1
29073,147,1
29073,148,0
29073,149,0
29073,150,0
29073,194,1
29073,196,0
29073,197,0
29073,198,0
29073,200,0
29073,201,1
29073,202,0
29073,203,0
29075,1,1
29075,2,0
29075,3,1
29075,5,1
29075,6,1
29075,7,1
29075,49,1
29075,50,1
29075,52,1
29075,53,1
29075,54,1
29075,56,1
29075,57,1
29075,59,1
29075,60,1
29075,61,1
29075,63,1
29075,64,1
29075,65,1
29075,66,1
29075,67,1
29075,72,1
29075,73,1
29075,74,1
29075,82,1
29075,83,1
29075,84,1
29075,86,1
29075,87,1
29075,88,1
29075,90,1
29075,91,1
29075,92,0
29075,93,0
29075,147,1
29075,148,0
29075,149,0
29075,150,0
29075,194,0
29075,196,0
29075,197,0
29075,198,0
29075,200,0
29075,201,1
29075,202,0
29075,203,0
29080,1,1
29080,2,0
29080,3,1
29080,5,1
29080,6,1
29080,7,1
29080,29,0
29080,30,0
29080,31,0
29080,32,0
29080,33,0
29080,34,0
29080,35,0
29080,36,0
29080,37,0
29080,39,1
29080,49,1
29080,50,1
29080,52,1
29080,53,1
29080,54,1
29080,56,1
29080,57,1
29080,59,1
29080,60,1
29080,61,1
29080,63,1
29080,64,1
29080,65,1
29080,66,1
29080,67,1
29080,72,1
29080,73,1
29080,74,1
29080,82,1
29080,83,1
29080,84,1
29080,86,1
29080,87,1
29080,88,1
29080,90,1
29080,91,1
29080,92,1
29080,93,1
29080,147,1
29080,148,0
29080,149,0
29080,150,0
29080,194,0
29080,196,0
29080,197,0
29080,198,0
29080,200,0
29080,201,0
29080,202,0
29080,203,0
29156,1,1
29156,2,0
29156,3,0
29156,5,1
29156,6,1
29156,7,1
29156,9,0
29156,10,1
29156,11,0
29156,12,0
29156,49,1
29156,50,1
29156,52,1
29156,53,1
29156,54,1
29156,56,1
29156,57,1
29156,59,1
29156,60,1
29156,61,1
29156,63,1
29156,64,1
29156,65,1
29156,66,1
29156,67,1
29156,72,0
29156,73,1
29156,74,1
29156,82,1
29156,83,1
29156,84,1
29156,86,1
29156,87,1
29156,88,1
29156,90,1
29156,91,1
29156,92,1
29156,93,1
29156,147,1
29156,148,0
29156,149,0
29156,150,0
29156,194,0
29156,196,0
29156,197,0
29156,198,0
29156,200,0
29156,201,1
29156,202,0
29156,203,0
29564,1,1
29564,2,0
29564,3,1
29564,5,1
29564,6,1
29564,7,1
29564,49,1
29564,50,1
29564,52,1
29564,53,1
29564,54,1
29564,56,1
29564,57,1
29564,59,1
29564,60,1
29564,61,1
29564,63,1
29564,64,1
29564,65,1
29564,66,1
29564,67,1
29564,72,1
29564,73,1
29564,74,1
29564,82,1
29564,83,1
29564,84,1
29564,86,1
29564,87,1
29564,88,1
29564,90,1
29564,91,1
29564,92,1
29564,93,1
29564,147,1
29564,148,0
29564,149,0
29564,150,0
29564,194,0
29564,196,0
29564,197,0
29564,198,0
29564,200,0
29564,201,1
29564,202,0
29564,203,0
29566,1,1
29566,2,0
29566,3,1
29566,5,1
29566,6,1
29566,7,1
29566,49,1
29566,50,1
29566,52,1
29566,53,1
29566,54,1
29566,56,1
29566,57,1
29566,59,1
29566,60,1
29566,61,1
29566,63,1
29566,64,1
29566,65,1
29566,66,1
29566,67,1
29566,72,1
29566,73,1
29566,74,1
29566,82,1
29566,83,1
29566,84,1
29566,86,1
29566,87,1
29566,88,1
29566,90,1
29566,91,1
29566,92,1
29566,93,1
29566,147,1
29566,148,0
29566,149,0
29566,150,0
29566,194,0
29566,196,0
29566,197,0
29566,198,0
29566,200,0
29566,201,1
29566,202,1
29566,203,1
29569,1,1
29569,2,0
29569,3,1
29569,5,1
29569,6,1
29569,7,1
29569,9,1
29569,10,0
29569,11,0
29569,12,0
29569,29,0
29569,30,0
29569,31,0
29569,32,0
29569,33,0
29569,34,0
29569,35,0
29569,36,0
29569,37,0
29569,39,1
29569,49,0
29569,50,1
29569,52,1
29569,53,1
29569,54,1
29569,56,0
29569,57,1
29569,59,1
29569,60,1
29569,61,1
29569,63,1
29569,64,1
29569,65,1
29569,66,1
29569,67,1
29569,72,1
29569,73,1
29569,74,1
29569,82,1
29569,83,1
29569,84,1
29569,86,1
29569,87,1
29569,88,1
29569,90,1
29569,91,1
29569,92,1
29569,93,1
29569,147,0
29569,148,1
29569,149,0
29569,150,0
29569,152,0
29569,153,0
29569,154,0
29569,155,0
29569,157,0
29569,159,0
29569,160,0
29569,164,0
29569,170,1
29569,171,0
29569,172,0
29569,173,0
29569,174,0
29569,175,0
29569,176,0
29569,177,1
29569,178,1
29569,181,0
29569,182,0
29569,183,0
29569,184,0
29569,194,0
29569,196,0
29569,197,0
29569,198,0
29569,200,0
29569,201,1
29569,202,0
29569,203,0
29573,1,1
29573,2,0
29573,3,1
29573,5,1
29573,6,1
29573,7,1
29573,49,1
29573,50,1
29573,52,1
29573,53,1
29573,54,1
29573,56,1
29573,57,1
29573,59,1
29573,60,1
29573,61,1
29573,63,1
29573,64,1
29573,65,1
29573,66,1
29573,67,1
29573,72,1
29573,73,1
29573,74,1
29573,82,1
29573,83,1
29573,84,1
29573,86,1
29573,87,1
29573,88,1
29573,90,1
29573,91,1
29573,92,1
29573,93,1
29573,147,1
29573,148,0
29573,149,0
29573,150,0
29573,194,0
29573,196,0
29573,197,0
29573,198,0
29573,200,0
29573,201,1
29573,202,0
29573,203,0
29590,1,1
29590,2,0
29590,3,1
29590,5,1
29590,6,1
29590,7,1
29590,49,1
29590,50,1
29590,52,1
29590,53,1
29590,54,1
29590,56,1
29590,57,1
29590,59,1
29590,60,1
29590,61,1
29590,63,1
29590,64,1
29590,65,1
29590,66,1
29590,67,1
29590,72,0
29590,73,1
29590,74,1
29590,82,1
29590,83,1
29590,84,1
29590,86,1
29590,87,1
29590,88,1
29590,90,0
29590,91,0
29590,92,0
29590,93,0
29590,147,1
29590,148,0
29590,149,0
29590,150,0
29590,194,0
29590,196,0
29590,197,0
29590,198,0
29590,200,0
29590,201,1
29590,202,1
29590,203,0
29592,1,1
29592,2,1
29592,3,0
29592,5,1
29592,6,1
29592,7,1
29592,9,1
29592,10,0
29592,11,0
29592,12,0
29592,29,0
29592,30,0
29592,31,0
29592,32,1
29592,33,0
29592,34,1
29592,35,0
29592,36,0
29592,37,0
29592,39,0
29592,40,0
29592,41,0
29592,49,1
29592,50,1
29592,52,1
29592,53,1
29592,54,1
29592,56,1
29592,57,1
29592,59,1
29592,60,1
29592,61,1
29592,63,1
29592,64,1
29592,65,1
29592,66,1
29592,67,1
29592,72,1
29592,73,1
29592,74,1
29592,82,1
29592,83,1
29592,84,1
29592,86,1
29592,87,1
29592,88,1
29592,90,1
29592,91,1
29592,92,1
29592,93,1
29592,147,0
29592,148,0
29592,149,1
29592,150,0
29592,152,1
29592,153,1
29592,154,1
29592,155,0
29592,157,1
29592,159,0
29592,160,0
29592,164,0
29592,170,0
29592,171,0
29592,172,0
29592,173,0
29592,174,0
29592,175,0
29592,176,0
29592,177,0
29592,178,0
29592,181,0
29592,182,0
29592,183,0
29592,184,0
29592,194,0
29592,196,0
29592,197,0
29592,198,0
29592,200,0
29592,201,1
29592,202,0
29592,203,0
29593,1,1
29593,2,0
29593,3,1
29593,5,1
29593,6,1
29593,7,1
29593,9,0
29593,10,0
29593,11,1
29593,12,0
29593,29,0
29593,30,0
29593,31,0
29593,32,0
29593,33,0
29593,34,0
29593,35,1
29593,36,0
29593,37,1
29593,39,0
29593,40,0
29593,41,0
29593,49,1
29593,50,1
29593,52,1
29593,53,1
29593,54,1
29593,56,1
29593,57,1
29593,59,1
29593,60,1
29593,61,1
29593,63,1
29593,64,1
29593,65,1
29593,66,1
29593,67,1
29593,72,1
29593,73,1
29593,74,1
29593,82,1
29593,83,1
29593,84,1
29593,86,1
29593,87,1
29593,88,1
29593,90,1
29593,91,1
29593,92,1
29593,93,1
29593,147,0
29593,148,1
29593,149,0
29593,150,0
29593,152,1
29593,153,0
29593,154,0
29593,155,0
29593,157,0
29593,159,0
29593,160,0
29593,164,0
29593,170,0
29593,171,0
29593,172,0
29593,173,0
29593,174,0
29593,175,0
29593,176,0
29593,177,0
29593,178,0
29593,181,0
29593,182,0
29593,183,0
29593,184,0
29593,194,0
29593,196,0
29593,197,0
29593,198,0
29593,200,0
29593,201,1
29593,202,0
29593,203,0
29597,1,1
29597,2,1
29597,3,0
29597,5,1
29597,6,1
29597,7,1
29597,49,1
29597,50,1
29597,52,1
29597,53,1
29597,54,1
29597,56,1
29597,57,1
29597,59,1
29597,60,1
29597,61,1
29597,63,1
29597,64,1
29597,65,1
29597,66,1
29597,67,1
29597,72,1
29597,73,1
29597,74,1
29597,82,1
29597,83,1
29597,84,1
29597,86,1
29597,87,1
29597,88,1
29597,90,1
29597,91,1
29597,92,1
29597,93,1
29597,147,1
29597,148,0
29597,149,0
29597,150,0
29597,194,0
29597,196,0
29597,197,0
29597,198,0
29597,200,0
29597,201,1
29597,202,0
29597,203,0
29604,1,1
29604,5,1
29604,6,1
29604,7,1
29604,49,1
29604,50,1
29604,52,1
29604,53,1
29604,54,1
29604,56,1
29604,57,1
29604,59,1
29604,60,1
29604,61,1
29604,63,1
29604,64,1
29604,65,1
29604,66,1
29604,67,1
29604,72,0
29604,73,1
29604,74,1
29604,82,1
29604,83,1
29604,84,1
29604,86,1
29604,87,1
29604,88,1
29604,90,1
29604,91,1
29604,92,1
29604,93,1
29604,147,1
29604,148,0
29604,149,0
29604,150,0
29604,194,0
29604,196,0
29604,197,0
29604,198,0
29604,200,0
29604,201,0
29604,202,0
29604,203,0
29612,1,1
29612,2,0
29612,3,1
29612,5,1
29612,6,1
29612,7,1
29612,29,1
29612,32,0
29612,33,0
29612,34,0
29612,35,0
29612,36,0
29612,37,0
29612,39,0
29612,40,0
29612,41,0
29612,49,1
29612,50,1
29612,52,1
29612,53,1
29612,54,1
29612,56,1
29612,57,1
29612,59,1
29612,60,1
29612,61,1
29612,63,1
29612,64,1
29612,65,1
29612,66,1
29612,67,1
29612,72,0
29612,73,1
29612,74,1
29612,82,1
29612,83,1
29612,84,1
29612,86,1
29612,87,1
29612,88,1
29612,90,1
29612,91,1
29612,92,1
29612,93,1
29612,147,1
29612,148,0
29612,149,0
29612,150,0
29612,194,0
29612,196,0
29612,197,0
29612,198,0
29612,200,0
29612,201,1
29612,202,0
29612,203,0
29614,1,1
29614,2,0
29614,3,1
29614,5,1
29614,6,1
29614,7,1
29614,29,1
29614,30,1
29614,31,0
29614,32,0
29614,33,0
29614,34,0
29614,35,0
29614,36,0
29614,37,0
29614,39,0
29614,40,0
29614,41,0
29614,49,1
29614,50,1
29614,52,1
29614,53,1
29614,54,1
29614,56,1
29614,57,1
29614,59,1
29614,60,1
29614,61,1
29614,63,1
29614,64,1
29614,65,1
29614,66,1
29614,67,1
29614,72,1
29614,73,1
29614,74,1
29614,82,1
29614,83,1
29614,84,1
29614,86,1
29614,87,1
29614,88,1
29614,90,1
29614,91,1
29614,92,1
29614,93,0
29614,147,1
29614,148,0
29614,149,0
29614,150,0
29614,194,0
29614,196,0
29614,197,0
29614,198,0
29614,200,0
29614,201,0
29614,202,0
29614,203,0
29618,1,1
29618,2,0
29618,3,1
29618,5,1
29618,6,1
29618,7,1
29618,9,1
29618,10,0
29618,11,0
29618,12,0
29618,49,1
29618,50,1
29618,52,1
29618,53,1
29618,54,1
29618,56,1
29618,57,1
29618,59,1
29618,60,1
29618,61,1
29618,63,1
29618,64,1
29618,65,1
29618,66,1
29618,67,1
29618,72,1
29618,73,1
29618,74,1
29618,82,1
29618,83,1
29618,84,1
29618,86,1
29618,87,1
29618,88,1
29618,90,1
29618,91,1
29618,92,1
29618,93,1
29618,147,1
29618,148,0
29618,149,0
29618,150,0
29618,194,0
29618,196,0
29618,197,0
29618,198,0
29618,200,0
29618,201,1
29618,202,0
29618,203,0
29619,1,1
29619,2,0
29619,3,1
29619,5,1
29619,6,1
29619,7,1
29619,29,1
29619,30,1
29619,31,0
29619,32,0
29619,33,0
29619,34,0
29619,35,0
29619,36,0
29619,37,0
29619,39,0
29619,40,0
29619,41,0
29619,56,1
29619,57,1
29619,59,1
29619,60,1
29619,61,1
29619,63,1
29619,64,1
29619,65,1
29619,66,1
29619,67,1
29619,72,1
29619,73,1
29619,74,1
29619,82,1
29619,83,1
29619,84,1
29619,86,1
29619,87,1
29619,88,1
29619,90,1
29619,91,1
29619,92,0
29619,93,0
29619,147,1
29619,148,0
29619,149,0
29619,150,0
29619,194,0
29619,196,0
29619,197,0
29619,198,0
29619,200,0
29619,201,1
29619,202,0
29619,203,0
29628,1,1
29628,2,0
29628,3,1
29628,5,1
29628,6,1
29628,7,1
29628,9,1
29628,10,0
29628,11,0
29628,12,0
29628,29,1
29628,32,0
29628,33,0
29628,34,0
29628,35,0
29628,36,0
29628,37,0
29628,39,0
29628,40,0
29628,41,0
29628,49,1
29628,50,1
29628,52,1
29628,53,1
29628,54,1
29628,56,1
29628,57,1
29628,59,1
29628,60,1
29628,61,1
29628,63,1
29628,64,1
29628,65,1
29628,66,1
29628,67,1
29628,72,1
29628,73,1
29628,74,1
29628,82,1
29628,83,1
29628,84,1
29628,86,1
29628,87,1
29628,88,1
29628,90,1
29628,91,1
29628,92,1
29628,93,1
29628,147,1
29628,148,0
29628,149,0
29628,150,0
29628,194,0
29628,196,0
29628,197,0
29628,198,0
29628,200,0
29628,201,1
29628,202,0
29628,203,0
29634,1,1
29634,2,0
29634,3,1
29634,5,1
29634,6,1
29634,7,1
29634,9,0
29634,10,1
29634,11,0
29634,12,0
29634,29,1
29634,30,1
29634,31,0
29634,32,0
29634,33,0
29634,34,0
29634,35,0
29634,36,0
29634,37,0
29634,39,1
29634,40,0
29634,41,0
29634,49,1
29634,50,1
29634,52,1
29634,53,1
29634,54,1
29634,56,1
29634,57,1
29634,59,1
29634,60,1
29634,61,1
29634,63,1
29634,64,1
29634,65,1
29634,66,1
29634,67,1
29634,72,1
29634,73,1
29634,74,1
29634,82,1
29634,83,1
29634,84,1
29634,86,1
29634,87,1
29634,88,1
29634,90,1
29634,91,1
29634,92,1
29634,93,1
29634,147,0
29634,148,0
29634,149,1
29634,150,0
29634,152,1
29634,153,1
29634,154,0
29634,155,1
29634,157,1
29634,159,0
29634,160,1
29634,164,0
29634,170,0
29634,171,0
29634,172,0
29634,173,0
29634,174,0
29634,175,0
29634,176,0
29634,177,0
29634,178,0
29634,181,0
29634,182,0
29634,183,0
29634,184,0
29634,194,0
29634,196,0
29634,197,0
29634,198,0
29634,200,0
29634,201,1
29634,202,0
29634,203,0
29638,1,1
29638,2,0
29638,3,1
29638,5,1
29638,6,1
29638,7,1
29638,49,1
29638,50,1
29638,52,1
29638,53,1
29638,54,1
29638,56,1
29638,57,1
29638,59,1
29638,60,1
29638,61,1
29638,63,1
29638,64,1
29638,65,1
29638,66,1
29638,67,1
29638,72,1
29638,73,1
29638,74,1
29638,82,1
29638,83,0
29638,84,0
29638,86,1
29638,87,1
29638,88,1
29638,90,1
29638,91,1
29638,92,1
29638,93,1
29638,147,0
29638,148,0
29638,149,1
29638,150,0
29638,152,1
29638,153,1
29638,154,0
29638,155,1
29638,157,0
29638,159,0
29638,160,0
29638,164,0
29638,170,0
29638,171,0
29638,172,0
29638,173,0
29638,174,0
29638,175,0
29638,176,0
29638,177,0
29638,178,0
29638,181,0
29638,182,0
29638,183,0
29638,184,0
29638,194,0
29638,196,0
29638,197,0
29638,198,0
29638,200,0
29638,201,1
29638,202,0
29638,203,0
29640,1,1
29640,2,0
29640,3,1
29640,5,1
29640,6,1
29640,7,1
29640,9,0
29640,10,1
29640,11,0
29640,12,0
29640,49,1
29640,50,1
29640,52,1
29640,53,1
29640,54,1
29640,56,1
29640,57,1
29640,59,1
29640,60,1
29640,61,1
29640,63,1
29640,64,1
29640,65,1
29640,66,1
29640,67,1
29640,72,1
29640,73,1
29640,74,1
29640,82,1
29640,83,1
29640,84,1
29640,86,1
29640,87,1
29640,88,1
29640,90,1
29640,91,1
29640,92,1
29640,93,1
29640,147,0
29640,148,0
29640,149,1
29640,150,0
29640,152,1
29640,153,1
29640,154,1
29640,155,1
29640,157,1
29640,159,0
29640,160,0
29640,164,0
29640,170,0
29640,171,0
29640,172,0
29640,173,0
29640,174,0
29640,175,0
29640,176,0
29640,177,0
29640,178,0
29640,181,0
29640,182,0
29640,183,0
29640,184,0
29640,194,0
29640,196,0
29640,197,0
29640,198,0
29640,200,0
29640,201,1
29640,202,0
29640,203,0
29643,1,1
29643,2,0
29643,3,1
29643,5,1
29643,6,1
29643,7,1
29643,29,1
29643,30,1
29643,31,0
29643,32,0
29643,33,0
29643,34,0
29643,35,0
29643,36,0
29643,37,0
29643,39,0
29643,40,0
29643,41,0
29643,147,1
29643,148,0
29643,149,0
29643,150,0
29643,194,0
29643,196,0
29643,197,0
29643,198,0
29643,200,0
29643,201,0
29643,202,0
29643,203,0
29644,1,1
29644,2,0
29644,3,1
29644,5,1
29644,6,1
29644,7,1
29644,49,1
29644,50,1
29644,52,1
29644,53,1
29644,54,1
29644,56,1
29644,57,1
29644,59,1
29644,60,1
29644,61,1
29644,63,1
29644,64,1
29644,65,1
29644,66,1
29644,67,1
29644,72,1
29644,73,1
29644,74,1
29644,82,1
29644,83,1
29644,84,1
29644,86,1
29644,87,1
29644,88,1
29644,90,1
29644,91,1
29644,92,1
29644,93,1
29644,147,1
29644,148,0
29644,149,0
29644,150,0
29644,194,0
29644,196,0
29644,197,0
29644,198,0
29644,200,0
29644,201,1
29644,202,0
29644,203,0
29771,1,1
29771,2,0
29771,3,1
29771,5,1
29771,6,1
29771,7,1
29771,147,1
29771,148,0
29771,149,0
29771,150,0
29771,194,0
29771,196,0
29771,197,0
29771,198,0
29771,200,0
29771,201,0
29771,202,0
29771,203,0
30036,1,1
30036,2,0
30036,3,1
30036,5,1
30036,6,1
30036,7,1
30036,9,1
30036,10,0
30036,11,0
30036,12,0
30036,29,1
30036,32,0
30036,33,0
30036,34,0
30036,35,0
30036,36,0
30036,37,0
30036,39,0
30036,40,0
30036,41,0
30036,49,1
30036,50,1
30036,52,1
30036,53,1
30036,54,1
30036,56,1
30036,57,1
30036,59,1
30036,60,1
30036,61,1
30036,63,1
30036,64,1
30036,65,1
30036,66,1
30036,67,1
30036,72,1
30036,73,1
30036,74,1
30036,82,1
30036,83,1
30036,84,1
30036,86,1
30036,87,1
30036,88,1
30036,90,1
30036,91,1
30036,92,1
30036,93,1
30036,147,1
30036,148,0
30036,149,0
30036,150,0
30036,194,0
30036,196,0
30036,197,0
30036,198,0
30036,200,0
30036,201,1
30036,202,0
30036,203,0
30041,1,1
30041,2,0
30041,3,1
30041,5,1
30041,6,1
30041,7,1
30041,49,1
30041,50,1
30041,52,1
30041,53,1
30041,54,1
30041,56,1
30041,57,1
30041,59,1
30041,60,1
30041,61,1
30041,63,1
30041,64,1
30041,65,1
30041,66,1
30041,67,1
30041,72,1
30041,73,1
30041,74,1
30041,82,1
30041,83,1
30041,84,1
30041,86,1
30041,87,1
30041,88,1
30041,90,1
30041,91,1
30041,92,0
30041,93,0
30041,147,1
30041,148,0
30041,149,0
30041,150,0
30041,194,0
30041,196,0
30041,197,0
30041,198,0
30041,200,0
30041,201,1
30041,202,0
30041,203,0
30044,1,1
30044,2,0
30044,3,1
30044,5,1
30044,6,1
30044,7,1
30044,49,1
30044,50,1
30044,52,1
30044,53,1
30044,54,1
30044,56,1
30044,57,1
30044,59,1
30044,60,1
30044,61,1
30044,63,1
30044,64,1
30044,65,1
30044,66,1
30044,67,1
30044,72,1
30044,73,1
30044,74,1
30044,82,1
30044,83,1
30044,84,1
30044,86,1
30044,87,1
30044,88,1
30044,90,1
30044,91,1
30044,92,1
30044,93,1
30044,147,1
30044,148,0
30044,149,0
30044,150,0
30044,194,0
30044,196,0
30044,197,0
30044,198,0
30044,200,0
30044,201,1
30044,202,1
30044,203,0
30049,1,1
30049,2,0
30049,3,1
30049,5,1
30049,6,1
30049,7,1
30049,9,1
30049,10,0
30049,11,0
30049,12,0
30049,29,0
30049,30,0
30049,31,0
30049,32,0
30049,33,0
30049,34,0
30049,35,0
30049,36,0
30049,37,0
30049,39,1
30049,72,1
30049,73,1
30049,74,1
30049,82,1
30049,83,1
30049,84,1
30049,90,1
30049,91,1
30049,92,1
30049,93,1
30049,147,0
30049,148,0
30049,149,1
30049,150,0
30049,152,1
30049,153,1
30049,154,0
30049,155,1
30049,157,1
30049,159,1
30049,160,0
30049,164,0
30049,170,0
30049,171,0
30049,172,0
30049,173,0
30049,174,0
30049,175,0
30049,176,0
30049,177,0
30049,178,0
30049,181,0
30049,182,0
30049,183,0
30049,184,0
30049,194,1
30049,196,0
30049,197,0
30049,198,0
30049,200,0
30049,201,1
30049,202,0
30049,203,0
30051,1,1
30051,2,0
30051,3,1
30051,5,1
30051,6,1
30051,7,1
30051,29,1
30051,30,1
30051,31,0
30051,32,0
30051,33,0
30051,34,0
30051,35,0
30051,36,0
30051,37,0
30051,39,0
30051,40,0
30051,41,0
30051,49,1
30051,50,1
30051,52,1
30051,53,1
30051,54,1
30051,56,1
30051,57,1
30051,59,1
30051,60,1
30051,61,1
30051,63,1
30051,64,1
30051,65,1
30051,66,1
30051,67,1
30051,72,1
30051,73,1
30051,74,1
30051,82,1
30051,83,1
30051,84,1
30051,86,1
30051,87,1
30051,88,1
30051,90,1
30051,91,1
30051,92,1
30051,93,1
30051,147,1
30051,148,0
30051,149,0
30051,150,0
30051,194,0
30051,196,0
30051,197,0
30051,198,0
30051,200,0
30051,201,0
30051,202,0
30051,203,0
30052,1,1
30052,2,1
30052,3,0
30052,5,1
30052,6,1
30052,7,1
30052,29,1
30052,30,0
30052,31,1
30052,32,0
30052,33,0
30052,34,0
30052,35,0
30052,36,0
30052,37,0
30052,39,0
30052,40,0
30052,41,0
30052,49,1
30052,50,1
30052,52,1
30052,53,1
30052,54,1
30052,56,1
30052,57,1
30052,59,1
30052,60,1
30052,61,1
30052,63,1
30052,64,1
30052,65,1
30052,66,1
30052,67,1
30052,72,1
30052,73,1
30052,74,1
30052,82,1
30052,83,1
30052,84,1
30052,86,1
30052,87,1
30052,88,1
30052,90,1
30052,91,1
30052,92,1
30052,93,1
30052,147,1
30052,148,0
30052,149,0
30052,150,0
30052,194,0
30052,196,0
30052,197,0
30052,198,0
30052,200,0
30052,201,0
30052,202,0
30052,203,0
30053,1,1
30053,2,0
30053,3,1
30053,5,1
30053,6,1
30053,7,1
30053,9,0
30053,10,1
30053,11,0
30053,12,0
30053,49,1
30053,50,1
30053,52,1
30053,53,1
30053,54,1
30053,56,1
30053,57,1
30053,59,1
30053,60,1
30053,61,1
30053,63,1
30053,64,1
30053,65,1
30053,66,1
30053,67,1
30053,72,1
30053,73,1
30053,74,1
30053,82,1
30053,83,1
30053,84,1
30053,86,1
30053,87,1
30053,88,1
30053,90,1
30053,91,1
30053,92,1
30053,93,1
30053,147,1
30053,148,0
30053,149,0
30053,150,0
30053,194,0
30053,196,0
30053,197,0
30053,198,0
30053,200,0
30053,201,1
30053,202,0
30053,203,0
30058,1,1
30058,2,0
30058,3,1
30058,5,1
30058,6,1
30058,7,1
30058,56,1
30058,57,1
30058,59,1
30058,60,1
30058,61,1
30058,63,1
30058,64,1
30058,65,1
30058,66,1
30058,67,1
30058,72,1
30058,73,1
30058,74,1
30058,82,1
30058,83,1
30058,84,1
30058,86,1
30058,87,1
30058,88,1
30058,90,1
30058,91,1
30058,92,1
30058,93,1
30058,147,1
30058,148,0
30058,149,0
30058,150,0
30058,194,0
30058,196,0
30058,197,0
30058,198,0
30058,200,0
30058,201,0
30058,202,0
30058,203,0
30062,1,1
30062,2,0
30062,3,1
30062,5,1
30062,6,1
30062,7,1
30062,49,1
30062,50,1
30062,52,1
30062,53,1
30062,54,1
30062,72,1
30062,73,1
30062,74,1
30062,82,1
30062,83,1
30062,84,1
30062,86,1
30062,87,1
30062,88,1
30062,90,1
30062,91,1
30062,92,1
30062,93,0
30062,147,1
30062,148,0
30062,149,0
30062,150,0
30062,194,0
30062,196,0
30062,197,0
30062,198,0
30062,200,0
30062,201,0
30062,202,0
30062,203,0
30065,1,1
30065,2,0
30065,3,1
30065,5,1
30065,6,1
30065,7,1
30065,9,0
30065,10,1
30065,11,0
30065,12,0
30065,29,0
30065,30,0
30065,31,0
30065,32,0
30065,33,0
30065,34,0
30065,35,0
30065,36,0
30065,37,0
30065,39,1
30065,49,1
30065,50,1
30065,52,1
30065,53,1
30065,54,1
30065,56,1
30065,57,1
30065,59,1
30065,60,1
30065,61,1
30065,63,1
30065,64,1
30065,65,1
30065,66,1
30065,67,1
30065,72,1
30065,73,1
30065,74,1
30065,82,1
30065,83,1
30065,84,1
30065,86,1
30065,87,1
30065,88,1
30065,90,1
30065,91,1
30065,92,1
30065,93,1
30065,147,0
30065,148,0
30065,149,1
30065,150,0
30065,152,0
30065,153,0
30065,154,0
30065,155,0
30065,157,0
30065,159,0
30065,160,0
30065,164,0
30065,170,1
30065,171,1
30065,172,0
30065,173,0
30065,174,1
30065,175,1
30065,176,0
30065,177,0
30065,178,0
30065,181,0
30065,182,0
30065,183,0
30065,184,0
30065,194,1
30065,196,0
30065,197,0
30065,198,0
30065,200,0
30065,201,1
30065,202,0
30065,203,0
30066,1,1
30066,2,0
30066,3,1
30066,5,1
30066,6,1
30066,7,1
30066,9,0
30066,10,1
30066,11,0
30066,12,0
30066,29,0
30066,30,0
30066,31,0
30066,32,0
30066,33,0
30066,34,0
30066,35,1
30066,36,0
30066,37,1
30066,39,0
30066,40,0
30066,41,0
30066,49,1
30066,50,1
30066,52,1
30066,53,1
30066,54,1
30066,56,1
30066,57,1
30066,59,1
30066,60,1
30066,61,1
30066,63,1
30066,64,1
30066,65,1
30066,66,1
30066,67,1
30066,72,1
30066,73,1
30066,74,1
30066,82,1
30066,83,1
30066,84,1
30066,86,1
30066,87,1
30066,88,1
30066,90,1
30066,91,1
30066,92,1
30066,93,1
30066,147,0
30066,148,1
30066,149,0
30066,150,0
30066,152,1
30066,153,1
30066,154,1
30066,155,0
30066,157,0
30066,159,0
30066,160,0
30066,164,0
30066,170,0
30066,171,0
30066,172,0
30066,173,0
30066,174,0
30066,175,0
30066,176,0
30066,177,0
30066,178,0
30066,181,0
30066,182,0
30066,183,0
30066,184,0
30066,194,1
30066,196,0
30066,197,0
30066,198,0
30066,200,0
30066,201,1
30066,202,0
30066,203,0
30067,1,1
30067,2,1
30067,3,0
30067,5,1
30067,6,1
30067,7,1
30067,9,1
30067,10,0
30067,11,0
30067,12,0
30067,72,1
30067,73,1
30067,74,1
30067,82,1
30067,83,1
30067,84,1
30067,86,1
30067,87,1
30067,88,1
30067,90,1
30067,91,1
30067,92,1
30067,93,1
30067,147,1
30067,148,0
30067,149,0
30067,150,0
30067,194,0
30067,196,0
30067,197,0
30067,198,0
30067,200,0
30067,201,1
30067,202,0
30067,203,0
30068,1,1
30068,2,1
30068,3,0
30068,5,1
30068,6,1
30068,7,1
30068,9,0
30068,10,0
30068,11,0
30068,12,1
30068,29,0
30068,30,0
30068,31,0
30068,32,1
30068,33,0
30068,34,1
30068,35,0
30068,36,0
30068,37,0
30068,39,0
30068,40,0
30068,41,0
30068,49,1
30068,50,1
30068,52,1
30068,53,1
30068,54,1
30068,56,1
30068,57,1
30068,59,1
30068,60,1
30068,61,1
30068,63,1
30068,64,1
30068,65,1
30068,66,1
30068,67,1
30068,72,1
30068,73,1
30068,74,1
30068,82,1
30068,83,1
30068,84,1
30068,86,1
30068,87,1
30068,88,1
30068,90,1
30068,91,1
30068,92,1
30068,93,1
30068,147,0
30068,148,1
30068,149,0
30068,150,0
30068,152,0
30068,153,0
30068,154,0
30068,155,0
30068,157,1
30068,159,0
30068,160,0
30068,164,0
30068,170,0
30068,171,0
30068,172,0
30068,173,0
30068,174,0
30068,175,0
30068,176,0
30068,177,0
30068,178,0
30068,181,0
30068,182,0
30068,183,0
30068,184,0
30068,194,0
30068,196,0
30068,197,0
30068,198,0
30068,200,0
30068,201,0
30068,202,0
30068,203,0
30071,1,1
30071,2,1
30071,3,0
30071,5,1
30071,6,1
30071,7,1
30071,49,1
30071,50,1
30071,52,1
30071,53,1
30071,54,1
30071,56,1
30071,57,1
30071,59,1
30071,60,1
30071,61,1
30071,63,1
30071,64,1
30071,65,1
30071,66,1
30071,67,1
30071,72,1
30071,73,1
30071,74,1
30071,82,1
30071,83,1
30071,84,1
30071,86,1
30071,87,1
30071,88,1
30071,90,1
30071,91,1
30071,92,1
30071,93,1
30071,147,1
30071,148,0
30071,149,0
30071,150,0
30071,194,0
30071,196,0
30071,197,0
30071,198,0
30071,200,0
30071,201,1
30071,202,0
30071,203,0
30078,1,1
30078,2,0
30078,3,1
30078,5,1
30078,6,1
30078,7,1
30078,29,0
30078,30,0
30078,31,0
30078,32,0
30078,33,0
30078,34,0
30078,35,0
30078,36,0
30078,37,0
30078,39,1
30078,49,1
30078,50,1
30078,52,1
30078,53,1
30078,54,1
30078,56,1
30078,57,1
30078,59,1
30078,60,1
30078,61,1
30078,63,1
30078,64,1
30078,65,1
30078,66,1
30078,67,1
30078,72,1
30078,73,1
30078,74,1
30078,82,1
30078,83,1
30078,84,1
30078,86,1
30078,87,1
30078,88,1
30078,90,1
30078,91,1
30078,92,1
30078,93,1
30078,147,0
30078,148,1
30078,149,0
30078,150,0
30078,152,1
30078,153,1
30078,154,1
30078,155,0
30078,157,0
30078,159,0
30078,160,0
30078,164,0
30078,170,1
30078,171,0
30078,172,0
30078,173,0
30078,174,0
30078,175,0
30078,176,0
30078,177,0
30078,178,0
30078,181,0
30078,182,0
30078,183,0
30078,184,0
30078,194,0
30078,196,0
30078,197,0
30078,198,0
30078,200,0
30078,201,1
30078,202,0
30078,203,1
30085,1,1
30085,2,0
30085,3,1
30085,5,1
30085,6,1
30085,7,1
30085,72,1
30085,73,1
30085,74,1
30085,82,1
30085,83,1
30085,84,1
30085,86,1
30085,87,1
30085,88,1
30085,90,1
30085,91,1
30085,92,1
30085,93,1
30085,147,1
30085,148,0
30085,149,0
30085,150,0
30085,194,0
30085,196,0
30085,197,0
30085,198,0
30085,200,0
30085,201,1
30085,202,0
30085,203,0
30089,1,1
30089,2,0
30089,3,1
30089,5,1
30089,6,1
30089,7,1
30089,56,1
30089,57,1
30089,59,1
30089,60,1
30089,61,1
30089,63,1
30089,64,1
30089,65,1
30089,66,1
30089,67,1
30089,72,1
30089,73,1
30089,74,1
30089,82,1
30089,83,1
30089,84,1
30089,86,1
30089,87,1
30089,88,1
30089,90,1
30089,91,1
30089,92,1
30089,93,1
30089,147,1
30089,148,0
30089,149,0
30089,150,0
30089,194,0
30089,196,0
30089,197,0
30089,198,0
30089,200,0
30089,201,1
30089,202,0
30089,203,0
30100,1,1
30100,2,0
30100,3,1
30100,5,1
30100,6,1
30100,7,1
30100,9,0
30100,10,1
30100,11,0
30100,12,0
30100,29,0
30100,30,0
30100,31,0
30100,32,0
30100,33,0
30100,34,0
30100,35,0
30100,36,0
30100,37,0
30100,39,1
30100,49,1
30100,50,1
30100,52,1
30100,53,1
30100,54,1
30100,56,1
30100,57,1
30100,59,1
30100,60,1
30100,61,1
30100,63,1
30100,64,1
30100,65,1
30100,66,1
30100,67,1
30100,72,1
30100,73,1
30100,74,1
30100,82,1
30100,83,1
30100,84,1
30100,86,1
30100,87,1
30100,88,1
30100,90,1
30100,91,1
30100,92,1
30100,93,1
30100,147,0
30100,148,0
30100,149,1
30100,150,0
30100,152,1
30100,153,0
30100,154,0
30100,155,0
30100,157,1
30100,159,0
30100,160,1
30100,164,0
30100,170,0
30100,171,0
30100,172,0
30100,173,0
30100,174,0
30100,175,0
30100,176,0
30100,177,0
30100,178,0
30100,181,0
30100,182,0
30100,183,0
30100,184,0
30100,194,0
30100,196,0
30100,197,0
30100,198,0
30100,200,0
30100,201,1
30100,202,0
30100,203,0
30102,1,1
30102,2,1
30102,3,0
30102,5,1
30102,6,1
30102,7,1
30102,72,0
30102,73,0
30102,74,1
30102,82,1
30102,83,1
30102,84,1
30102,86,1
30102,87,1
30102,88,1
30102,90,0
30102,91,0
30102,92,0
30102,93,0
30102,147,1
30102,148,0
30102,149,0
30102,150,0
30102,194,0
30102,196,0
30102,197,0
30102,198,0
30102,200,0
30102,201,1
30102,202,0
30102,203,0
30105,1,1
30105,2,0
30105,3,1
30105,5,1
30105,6,1
30105,7,1
30105,49,1
30105,50,1
30105,52,1
30105,53,1
30105,54,1
30105,72,1
30105,73,1
30105,74,1
30105,82,1
30105,83,1
30105,84,1
30105,90,1
30105,91,1
30105,92,1
30105,93,1
30105,147,1
30105,148,0
30105,149,0
30105,150,0
30105,194,0
30105,196,0
30105,197,0
30105,198,0
30105,200,0
30105,201,1
30105,202,0
30105,203,0
30107,1,1
30107,2,0
30107,3,1
30107,5,1
30107,6,1
30107,7,1
30107,49,0
30107,50,0
30107,52,0
30107,53,0
30107,54,0
30107,56,0
30107,57,0
30107,59,1
30107,60,1
30107,61,1
30107,63,1
30107,64,1
30107,65,1
30107,66,1
30107,67,1
30107,72,0
30107,73,1
30107,74,1
30107,82,1
30107,83,1
30107,84,1
30107,86,1
30107,87,1
30107,88,1
30107,90,1
30107,91,1
30107,92,1
30107,93,1
30107,147,1
30107,148,0
30107,149,0
30107,150,0
30107,194,0
30107,196,0
30107,197,0
30107,198,0
30107,200,0
30107,201,1
30107,202,0
30107,203,0
30109,1,1
30109,2,0
30109,3,1
30109,5,1
30109,6,1
30109,7,1
30109,49,1
30109,50,1
30109,52,1
30109,53,1
30109,54,1
30109,56,1
30109,57,1
30109,59,1
30109,60,1
30109,61,1
30109,63,1
30109,64,1
30109,65,1
30109,66,1
30109,67,1
30109,72,1
30109,73,1
30109,74,1
30109,82,1
30109,83,1
30109,84,1
30109,86,1
30109,87,1
30109,88,1
30109,90,1
30109,91,1
30109,92,1
30109,93,1
30109,147,1
30109,148,0
30109,149,0
30109,150,0
30109,194,0
30109,196,0
30109,197,0
30109,198,0
30109,200,0
30109,201,1
30109,202,0
30109,203,0
30111,1,1
30111,2,0
30111,3,1
30111,5,1
30111,6,1
30111,7,1
30111,56,1
30111,57,1
30111,59,1
30111,60,1
30111,61,1
30111,63,1
30111,64,1
30111,65,1
30111,66,1
30111,67,1
30111,72,1
30111,73,1
30111,74,1
30111,82,1
30111,83,1
30111,84,1
30111,86,1
30111,87,1
30111,88,1
30111,90,1
30111,91,1
30111,92,1
30111,93,1
30111,147,1
30111,148,0
30111,149,0
30111,150,0
30111,194,0
30111,196,0
30111,197,0
30111,198,0
30111,200,0
30111,201,0
30111,202,0
30111,203,0
30112,1,1
30112,2,1
30112,3,0
30112,5,1
30112,6,1
30112,7,1
30112,9,0
30112,10,0
30112,11,1
30112,12,0
30112,29,0
30112,30,0
30112,31,0
30112,32,0
30112,33,0
30112,34,0
30112,35,0
30112,36,0
30112,37,0
30112,39,1
30112,49,1
30112,50,1
30112,52,1
30112,53,1
30112,54,1
30112,56,1
30112,57,1
30112,59,1
30112,60,1
30112,61,1
30112,63,1
30112,64,1
30112,65,1
30112,66,1
30112,67,1
30112,72,1
30112,73,1
30112,74,1
30112,82,1
30112,83,1
30112,84,1
30112,86,1
30112,87,1
30112,88,1
30112,90,0
30112,91,0
30112,92,0
30112,93,0
30112,147,1
30112,148,0
30112,149,0
30112,150,0
30112,194,1
30112,196,0
30112,197,0
30112,198,0
30112,200,0
30112,201,1
30112,202,1
30112,203,0
30121,1,1
30121,2,0
30121,3,1
30121,5,1
30121,6,1
30121,7,1
30121,49,1
30121,50,1
30121,52,1
30121,53,1
30121,54,1
30121,56,1
30121,57,1
30121,59,1
30121,60,1
30121,61,1
30121,63,1
30121,64,1
30121,65,1
30121,66,1
30121,67,1
30121,72,1
30121,73,1
30121,74,1
30121,82,1
30121,83,1
30121,84,1
30121,86,1
30121,87,1
30121,88,1
30121,90,1
30121,91,1
30121,92,1
30121,93,1
30121,147,1
30121,148,0
30121,149,0
30121,150,0
30121,194,0
30121,196,0
30121,197,0
30121,198,0
30121,200,0
30121,201,0
30121,202,0
30121,203,0
30127,1,1
30127,2,0
30127,3,1
30127,5,1
30127,6,1
30127,7,1
30127,9,0
30127,10,1
30127,11,0
30127,12,0
30127,29,0
30127,30,0
30127,31,0
30127,32,0
30127,33,0
30127,34,0
30127,35,1
30127,36,1
30127,37,0
30127,39,0
30127,40,0
30127,41,0
30127,49,1
30127,50,1
30127,52,1
30127,53,1
30127,54,1
30127,56,1
30127,57,1
30127,59,1
30127,60,1
30127,61,1
30127,63,1
30127,64,1
30127,65,1
30127,66,1
30127,67,1
30127,72,1
30127,73,1
30127,74,1
30127,82,1
30127,83,1
30127,84,1
30127,86,1
30127,87,1
30127,88,1
30127,90,1
30127,91,1
30127,92,1
30127,93,1
30127,147,1
30127,148,0
30127,149,0
30127,150,0
30127,194,0
30127,196,0
30127,197,0
30127,198,0
30127,200,0
30127,201,1
30127,202,0
30127,203,0
30128,1,1
30128,2,0
30128,3,1
30128,5,1
30128,6,1
30128,7,1
30128,9,1
30128,10,0
30128,11,0
30128,12,0
30128,29,1
30128,32,0
30128,33,0
30128,34,0
30128,35,0
30128,36,0
30128,37,0
30128,39,0
30128,40,0
30128,41,0
30128,49,1
30128,50,1
30128,52,1
30128,53,1
30128,54,1
30128,56,1
30128,57,1
30128,59,1
30128,60,1
30128,61,1
30128,63,1
30128,64,1
30128,65,1
30128,66,1
30128,67,1
30128,72,0
30128,73,1
30128,74,1
30128,82,1
30128,83,1
30128,84,1
30128,86,1
30128,87,1
30128,88,1
30128,90,1
30128,91,1
30128,92,1
30128,93,1
30128,147,1
30128,148,0
30128,149,0
30128,150,0
30128,194,0
30128,196,0
30128,197,0
30128,198,0
30128,200,0
30128,201,1
30128,202,0
30128,203,0
30135,1,1
30135,2,0
30135,3,1
30135,5,1
30135,6,1
30135,7,1
30135,29,1
30135,30,1
30135,31,0
30135,32,0
30135,33,0
30135,34,0
30135,35,0
30135,36,0
30135,37,0
30135,39,0
30135,40,0
30135,41,0
30135,49,1
30135,50,1
30135,52,1
30135,53,1
30135,54,1
30135,56,1
30135,57,1
30135,59,1
30135,60,1
30135,61,1
30135,63,1
30135,64,1
30135,65,1
30135,66,1
30135,67,1
30135,72,1
30135,73,1
30135,74,1
30135,82,1
30135,83,1
30135,84,1
30135,86,1
30135,87,1
30135,88,1
30135,90,1
30135,91,1
30135,92,1
30135,93,1
30135,147,1
30135,148,0
30135,149,0
30135,150,0
30135,194,0
30135,196,0
30135,197,0
30135,198,0
30135,200,0
30135,201,1
30135,202,0
30135,203,0
30136,1,1
30136,2,0
30136,3,1
30136,5,1
30136,6,1
30136,7,1
30136,72,1
30136,73,1
30136,74,1
30136,82,1
30136,83,1
30136,84,1
30136,86,1
30136,87,1
30136,88,1
30136,90,1
30136,91,1
30136,92,1
30136,93,1
30136,147,1
30136,148,0
30136,149,0
30136,150,0
30136,194,0
30136,196,0
30136,197,0
30136,198,0
30136,200,0
30136,201,0
30136,202,0
30136,203,0
30137,1,1
30137,2,0
30137,3,1
30137,5,1
30137,6,1
30137,7,1
30137,49,1
30137,50,1
30137,52,1
30137,53,1
30137,54,1
30137,56,1
30137,57,1
30137,59,1
30137,60,1
30137,61,1
30137,63,1
30137,64,1
30137,65,1
30137,66,1
30137,67,1
30137,72,1
30137,73,1
30137,74,1
30137,82,1
30137,83,1
30137,84,1
30137,86,1
30137,87,1
30137,88,1
30137,90,1
30137,91,1
30137,92,1
30137,93,1
30137,147,1
30137,148,0
30137,149,0
30137,150,0
30137,194,0
30137,196,0
30137,197,0
30137,198,0
30137,200,0
30137,201,1
30137,202,0
30137,203,0
30138,1,1
30138,2,0
30138,3,1
30138,5,1
30138,6,1
30138,7,1
30138,49,1
30138,50,1
30138,52,1
30138,53,1
30138,54,1
30138,56,1
30138,57,1
30138,59,1
30138,60,1
30138,61,1
30138,63,1
30138,64,1
30138,65,1
30138,66,1
30138,67,1
30138,72,1
30138,73,1
30138,74,1
30138,82,1
30138,83,1
30138,84,1
30138,86,1
30138,87,1
30138,88,1
30138,90,1
30138,91,1
30138,92,1
30138,93,1
30138,147,1
30138,148,0
30138,149,0
30138,150,0
30138,194,0
30138,196,0
30138,197,0
30138,198,0
30138,200,0
30138,201,1
30138,202,0
30138,203,0
30142,1,1
30142,2,0
30142,3,1
30142,5,1
30142,6,1
30142,7,1
30142,49,0
30142,50,0
30142,52,1
30142,53,1
30142,54,1
30142,56,0
30142,57,0
30142,59,0
30142,60,1
30142,61,1
30142,63,1
30142,64,1
30142,65,1
30142,66,1
30142,67,1
30142,72,1
30142,73,1
30142,74,1
30142,82,1
30142,83,1
30142,84,0
30142,86,1
30142,87,1
30142,88,1
30142,90,1
30142,91,1
30142,92,1
30142,93,1
30142,147,1
30142,148,0
30142,149,0
30142,150,0
30142,194,0
30142,196,0
30142,197,0
30142,198,0
30142,200,0
30142,201,1
30142,202,0
30142,203,0
30143,1,1
30143,2,0
30143,3,1
30143,5,1
30143,6,1
30143,7,1
30143,9,0
30143,10,1
30143,11,0
30143,12,0
30143,29,0
30143,30,0
30143,31,0
30143,32,1
30143,33,1
30143,34,0
30143,35,0
30143,36,0
30143,37,0
30143,39,0
30143,40,0
30143,41,0
30143,49,1
30143,50,1
30143,52,1
30143,53,1
30143,54,1
30143,56,1
30143,57,1
30143,59,1
30143,60,1
30143,61,1
30143,63,1
30143,64,1
30143,65,1
30143,66,1
30143,67,1
30143,72,0
30143,73,1
30143,74,1
30143,82,1
30143,83,1
30143,84,1
30143,86,1
30143,87,1
30143,88,1
30143,90,1
30143,91,1
30143,92,1
30143,93,1
30143,147,0
30143,148,1
30143,149,0
30143,150,0
30143,152,1
30143,153,1
30143,154,0
30143,155,1
30143,157,0
30143,159,0
30143,160,0
30143,164,0
30143,170,0
30143,171,0
30143,172,0
30143,173,0
30143,174,0
30143,175,0
30143,176,0
30143,177,0
30143,178,0
30143,181,0
30143,182,0
30143,183,0
30143,184,0
30143,194,1
30143,196,1
30143,197,0
30143,198,0
30143,200,0
30143,201,1
30143,202,0
30143,203,0
30145,1,1
30145,2,0
30145,3,1
30145,5,1
30145,6,1
30145,7,1
30145,147,1
30145,148,0
30145,149,0
30145,150,0
30145,194,0
30145,196,0
30145,197,0
30145,198,0
30145,200,0
30145,201,1
30145,202,0
30145,203,0
30146,1,1
30146,2,0
30146,3,1
30146,5,1
30146,6,1
30146,7,1
30146,29,0
30146,30,0
30146,31,0
30146,32,0
30146,33,0
30146,34,0
30146,35,1
30146,36,0
30146,37,1
30146,39,0
30146,40,0
30146,41,0
30146,49,1
30146,50,1
30146,52,1
30146,53,1
30146,54,1
30146,56,0
30146,57,1
30146,59,1
30146,60,1
30146,61,1
30146,63,0
30146,64,1
30146,65,1
30146,66,1
30146,67,1
30146,72,1
30146,73,1
30146,74,1
30146,82,1
30146,83,1
30146,84,0
30146,86,1
30146,87,1
30146,88,1
30146,90,1
30146,91,1
30146,92,1
30146,93,1
30146,147,1
30146,148,0
30146,149,0
30146,150,0
30146,194,0
30146,196,0
30146,197,0
30146,198,0
30146,200,0
30146,201,1
30146,202,0
30146,203,0
30148,1,1
30148,2,0
30148,3,1
30148,5,1
30148,6,1
30148,7,1
30148,49,0
30148,50,1
30148,52,1
30148,53,1
30148,54,1
30148,56,0
30148,57,0
30148,59,1
30148,60,1
30148,61,1
30148,63,1
30148,64,1
30148,65,1
30148,66,1
30148,67,1
30148,72,1
30148,73,1
30148,74,1
30148,82,1
30148,83,1
30148,84,1
30148,86,1
30148,87,1
30148,88,1
30148,90,1
30148,91,1
30148,92,1
30148,93,1
30148,147,1
30148,148,0
30148,149,0
30148,150,0
30148,194,1
30148,196,0
30148,197,0
30148,198,0
30148,200,0
30148,201,1
30148,202,0
30148,203,0
30337,1,1
30337,2,0
30337,3,1
30337,5,1
30337,6,1
30337,7,1
30337,29,1
30337,32,0
30337,33,0
30337,34,0
30337,35,0
30337,36,0
30337,37,0
30337,39,0
30337,40,0
30337,41,0
30337,49,1
30337,50,1
30337,52,1
30337,53,1
30337,54,1
30337,56,1
30337,57,1
30337,59,1
30337,60,1
30337,61,1
30337,63,1
30337,64,1
30337,65,1
30337,66,1
30337,67,1
30337,72,0
30337,73,1
30337,74,1
30337,82,1
30337,83,1
30337,84,1
30337,86,1
30337,87,1
30337,88,1
30337,90,1
30337,91,1
30337,92,1
30337,93,1
30337,147,1
30337,148,0
30337,149,0
30337,150,0
30337,194,0
30337,196,0
30337,197,0
30337,198,0
30337,200,0
30337,201,1
30337,202,0
30337,203,0
30343,1,1
30343,2,0
30343,3,1
30343,5,1
30343,6,1
30343,7,1
30343,72,1
30343,73,1
30343,74,1
30343,82,1
30343,83,1
30343,84,1
30343,86,1
30343,87,1
30343,88,1
30343,90,1
30343,91,1
30343,92,1
30343,93,1
30343,147,1
30343,148,0
30343,149,0
30343,150,0
30343,194,0
30343,196,0
30343,197,0
30343,198,0
30343,200,0
30343,201,1
30343,202,0
30343,203,0
30353,1,1
30353,2,0
30353,3,1
30353,5,1
30353,6,1
30353,7,1
30353,29,1
30353,30,1
30353,31,0
30353,32,0
30353,33,0
30353,34,0
30353,35,0
30353,36,0
30353,37,0
30353,39,0
30353,40,0
30353,41,0
30353,49,1
30353,50,1
30353,52,1
30353,53,1
30353,54,1
30353,56,1
30353,57,1
30353,59,1
30353,60,1
30353,61,1
30353,63,1
30353,64,1
30353,65,1
30353,66,1
30353,67,1
30353,72,0
30353,73,1
30353,74,1
30353,82,1
30353,83,1
30353,84,1
30353,86,1
30353,87,1
30353,88,1
30353,90,1
30353,91,1
30353,92,1
30353,93,1
30353,147,1
30353,148,0
30353,149,0
30353,150,0
30353,194,0
30353,196,0
30353,197,0
30353,198,0
30353,200,0
30353,201,1
30353,202,0
30353,203,0
30377,1,1
30377,2,0
30377,3,1
30377,5,1
30377,6,1
30377,7,1
30377,49,1
30377,50,1
30377,52,1
30377,53,1
30377,54,1
30377,56,1
30377,57,1
30377,59,1
30377,60,1
30377,61,1
30377,63,1
30377,64,1
30377,65,1
30377,66,1
30377,67,1
30377,72,1
30377,73,1
30377,74,1
30377,82,1
30377,83,1
30377,84,1
30377,86,1
30377,87,1
30377,88,1
30377,90,1
30377,91,1
30377,92,1
30377,93,0
30377,147,1
30377,148,0
30377,149,0
30377,150,0
30377,194,0
30377,196,0
30377,197,0
30377,198,0
30377,200,0
30377,201,0
30377,202,0
30377,203,0
30380,1,1
30380,2,0
30380,3,1
30380,5,1
30380,6,1
30380,7,1
30380,72,1
30380,73,1
30380,74,1
30380,82,1
30380,83,1
30380,84,1
30380,90,1
30380,91,1
30380,92,1
30380,93,0
30380,147,1
30380,148,0
30380,149,0
30380,150,0
30380,194,0
30380,196,0
30380,197,0
30380,198,1
30380,200,0
30380,201,1
30380,202,0
30380,203,0
30387,1,1
30387,2,0
30387,3,1
30387,5,1
30387,6,1
30387,7,1
30387,49,1
30387,50,1
30387,52,1
30387,53,1
30387,54,1
30387,56,1
30387,57,1
30387,59,1
30387,60,1
30387,61,1
30387,63,1
30387,64,1
30387,65,1
30387,66,1
30387,67,1
30387,72,1
30387,73,1
30387,74,1
30387,82,1
30387,83,1
30387,84,1
30387,86,1
30387,87,1
30387,88,1
30387,90,1
30387,91,1
30387,92,1
30387,93,1
30387,147,1
30387,148,0
30387,149,0
30387,150,0
30387,194,0
30387,196,0
30387,197,0
30387,198,0
30387,200,0
30387,201,1
30387,202,0
30387,203,0
30399,1,1
30399,2,0
30399,3,1
30399,5,1
30399,6,1
30399,7,1
30399,9,0
30399,10,0
30399,11,0
30399,12,1
30399,29,1
30399,32,0
30399,33,0
30399,34,0
30399,35,0
30399,36,0
30399,37,0
30399,39,0
30399,40,0
30399,41,0
30399,49,1
30399,50,1
30399,52,1
30399,53,1
30399,54,1
30399,56,1
30399,57,1
30399,59,1
30399,60,1
30399,61,1
30399,63,1
30399,64,1
30399,65,1
30399,66,1
30399,67,1
30399,72,1
30399,73,1
30399,74,1
30399,82,1
30399,83,1
30399,84,1
30399,86,1
30399,87,1
30399,88,1
30399,90,1
30399,91,1
30399,92,1
30399,93,1
30399,147,1
30399,148,0
30399,149,0
30399,150,0
30399,194,0
30399,196,0
30399,197,0
30399,198,0
30399,200,0
30399,201,1
30399,202,0
30399,203,0
30400,1,1
30400,2,0
30400,3,1
30400,5,1
30400,6,1
30400,7,1
30400,29,0
30400,30,0
30400,31,0
30400,32,0
30400,33,0
30400,34,0
30400,35,1
30400,36,1
30400,37,0
30400,39,0
30400,40,0
30400,41,0
30400,49,0
30400,50,1
30400,52,1
30400,53,1
30400,54,1
30400,56,1
30400,57,1
30400,59,1
30400,60,1
30400,61,1
30400,63,1
30400,64,1
30400,65,1
30400,66,1
30400,67,1
30400,72,0
30400,73,1
30400,74,1
30400,82,1
30400,83,1
30400,84,1
30400,86,1
30400,87,1
30400,88,1
30400,90,1
30400,91,1
30400,92,1
30400,93,1
30400,147,1
30400,148,0
30400,149,0
30400,150,0
30400,194,0
30400,196,0
30400,197,0
30400,198,0
30400,200,0
30400,201,1
30400,202,0
30400,203,0
30401,1,1
30401,2,1
30401,3,0
30401,5,1
30401,6,1
30401,7,1
30401,9,0
30401,10,0
30401,11,1
30401,12,0
30401,29,0
30401,30,0
30401,31,0
30401,32,0
30401,33,0
30401,34,0
30401,35,1
30401,36,1
30401,37,0
30401,39,0
30401,40,0
30401,41,0
30401,49,1
30401,50,1
30401,52,1
30401,53,1
30401,54,1
30401,56,1
30401,57,1
30401,59,1
30401,60,1
30401,61,1
30401,63,1
30401,64,1
30401,65,1
30401,66,1
30401,67,1
30401,72,1
30401,73,1
30401,74,1
30401,82,1
30401,83,1
30401,84,1
30401,86,1
30401,87,1
30401,88,1
30401,90,0
30401,91,0
30401,92,0
30401,93,0
30401,147,0
30401,148,1
30401,149,0
30401,150,0
30401,152,0
30401,153,0
30401,154,0
30401,155,0
30401,157,1
30401,159,1
30401,160,0
30401,164,0
30401,170,0
30401,171,0
30401,172,0
30401,173,0
30401,174,0
30401,175,0
30401,176,0
30401,177,0
30401,178,0
30401,181,0
30401,182,0
30401,183,0
30401,184,0
30401,194,0
30401,196,0
30401,197,0
30401,198,0
30401,200,0
30401,201,0
30401,202,0
30401,203,0
30402,1,1
30402,2,0
30402,3,1
30402,5,1
30402,6,1
30402,7,1
30402,29,1
30402,30,1
30402,31,0
30402,32,0
30402,33,0
30402,34,0
30402,35,0
30402,36,0
30402,37,0
30402,39,0
30402,40,0
30402,41,0
30402,49,1
30402,50,1
30402,52,1
30402,53,1
30402,54,1
30402,56,1
30402,57,1
30402,59,1
30402,60,1
30402,61,1
30402,63,1
30402,64,1
30402,65,1
30402,66,1
30402,67,1
30402,72,1
30402,73,1
30402,74,1
30402,82,1
30402,83,1
30402,84,1
30402,86,1
30402,87,1
30402,88,1
30402,90,1
30402,91,1
30402,92,1
30402,93,1
30402,147,1
30402,148,0
30402,149,0
30402,150,0
30402,194,0
30402,196,0
30402,197,0
30402,198,0
30402,200,0
30402,201,1
30402,202,0
30402,203,0
30411,1,1
30411,2,0
30411,3,1
30411,5,1
30411,6,1
30411,7,1
30411,29,1
30411,30,1
30411,31,0
30411,32,0
30411,33,0
30411,34,0
30411,35,0
30411,36,0
30411,37,0
30411,39,0
30411,40,0
30411,41,0
30411,49,0
30411,50,1
30411,52,1
30411,53,1
30411,54,1
30411,56,1
30411,57,1
30411,59,1
30411,60,1
30411,61,1
30411,63,1
30411,64,1
30411,65,1
30411,66,1
30411,67,1
30411,72,1
30411,73,1
30411,74,1
30411,82,1
30411,83,1
30411,84,1
30411,86,1
30411,87,1
30411,88,1
30411,90,1
30411,91,1
30411,92,0
30411,93,0
30411,147,1
30411,148,0
30411,149,0
30411,150,0
30411,194,0
30411,196,0
30411,197,0
30411,198,0
30411,200,0
30411,201,1
30411,202,0
30411,203,0
30413,1,1
30413,2,1
30413,3,0
30413,5,1
30413,6,1
30413,7,1
30413,29,1
30413,30,1
30413,31,0
30413,32,0
30413,33,0
30413,34,0
30413,35,0
30413,36,0
30413,37,0
30413,39,0
30413,40,0
30413,41,0
30413,72,1
30413,73,1
30413,74,1
30413,82,1
30413,83,1
30413,84,1
30413,86,1
30413,87,1
30413,88,1
30413,90,1
30413,91,1
30413,92,1
30413,93,1
30413,147,1
30413,148,0
30413,149,0
30413,150,0
30413,194,0
30413,196,0
30413,197,0
30413,198,0
30413,200,0
30413,201,0
30413,202,0
30413,203,1
30419,1,1
30419,2,0
30419,3,1
30419,5,1
30419,6,1
30419,7,1
30419,9,0
30419,10,1
30419,11,0
30419,12,0
30419,29,0
30419,30,0
30419,31,0
30419,32,1
30419,33,1
30419,34,0
30419,35,0
30419,36,0
30419,37,0
30419,39,0
30419,40,0
30419,41,0
30419,49,1
30419,50,1
30419,52,1
30419,53,1
30419,54,1
30419,56,1
30419,57,1
30419,59,1
30419,60,1
30419,61,1
30419,63,1
30419,64,1
30419,65,1
30419,66,1
30419,67,1
30419,72,1
30419,73,1
30419,74,1
30419,82,1
30419,83,1
30419,84,1
30419,86,1
30419,87,1
30419,88,1
30419,90,1
30419,91,1
30419,92,1
30419,93,1
30419,147,1
30419,148,0
30419,149,0
30419,150,0
30419,194,0
30419,196,0
30419,197,0
30419,198,0
30419,200,0
30419,201,0
30419,202,1
30419,203,0
30422,1,1
30422,2,0
30422,3,1
30422,5,1
30422,6,1
30422,7,1
30422,49,1
30422,50,1
30422,52,1
30422,53,1
30422,54,1
30422,56,1
30422,57,1
30422,59,1
30422,60,1
30422,61,1
30422,63,1
30422,64,1
30422,65,1
30422,66,1
30422,67,1
30422,72,1
30422,73,1
30422,74,1
30422,82,1
30422,83,1
30422,84,1
30422,86,1
30422,87,1
30422,88,1
30422,90,1
30422,91,1
30422,92,1
30422,93,0
30422,147,1
30422,148,0
30422,149,0
30422,150,0
30422,194,0
30422,196,0
30422,197,0
30422,198,0
30422,200,0
30422,201,1
30422,202,0
30422,203,0
30853,1,1
30853,2,0
30853,3,1
30853,5,1
30853,6,1
30853,7,1
30853,29,1
30853,32,0
30853,33,0
30853,34,0
30853,35,0
30853,36,0
30853,37,0
30853,39,0
30853,40,0
30853,41,0
30853,49,1
30853,50,1
30853,52,1
30853,53,1
30853,54,1
30853,56,0
30853,57,0
30853,59,1
30853,60,1
30853,61,1
30853,63,1
30853,64,1
30853,65,1
30853,66,1
30853,67,1
30853,72,1
30853,73,1
30853,74,1
30853,82,1
30853,83,1
30853,84,1
30853,86,1
30853,87,1
30853,88,1
30853,90,1
30853,91,1
30853,92,1
30853,93,1
30853,147,1
30853,148,0
30853,149,0
30853,150,0
30853,194,0
30853,196,0
30853,197,0
30853,198,0
30853,200,0
30853,201,0
30853,202,0
30853,203,0
30867,1,1
30867,2,0
30867,3,1
30867,5,1
30867,6,1
30867,7,1
30867,56,1
30867,57,1
30867,59,1
30867,60,1
30867,61,1
30867,63,1
30867,64,1
30867,65,1
30867,66,1
30867,67,1
30867,72,0
30867,73,1
30867,74,1
30867,82,1
30867,83,1
30867,84,1
30867,86,1
30867,87,1
30867,88,1
30867,90,1
30867,91,1
30867,92,0
30867,93,0
30867,147,1
30867,148,0
30867,149,0
30867,150,0
30867,194,0
30867,196,0
30867,197,0
30867,198,0
30867,200,0
30867,201,1
30867,202,0
30867,203,0
30869,1,1
30869,2,0
30869,3,1
30869,5,1
30869,6,1
30869,7,1
30869,9,0
30869,10,1
30869,11,0
30869,12,0
30869,29,1
30869,32,0
30869,33,0
30869,34,0
30869,35,0
30869,36,0
30869,37,0
30869,39,0
30869,40,0
30869,41,0
30869,49,1
30869,50,1
30869,52,1
30869,53,1
30869,54,1
30869,56,1
30869,57,1
30869,59,1
30869,60,1
30869,61,1
30869,63,1
30869,64,1
30869,65,1
30869,66,1
30869,67,1
30869,72,1
30869,73,1
30869,74,1
30869,82,1
30869,83,1
30869,84,1
30869,86,1
30869,87,1
30869,88,1
30869,90,1
30869,91,1
30869,92,1
30869,93,1
30869,147,1
30869,148,0
30869,149,0
30869,150,0
30869,194,0
30869,196,0
30869,197,0
30869,198,0
30869,200,0
30869,201,1
30869,202,1
30869,203,0
30870,1,1
30870,2,0
30870,3,1
30870,5,1
30870,6,1
30870,7,1
30870,72,1
30870,73,1
30870,74,1
30870,82,1
30870,83,1
30870,84,1
30870,86,1
30870,87,1
30870,88,1
30870,90,1
30870,91,1
30870,92,1
30870,93,1
30870,147,1
30870,148,0
30870,149,0
30870,150,0
30870,194,0
30870,196,0
30870,197,0
30870,198,0
30870,200,0
30870,201,1
30870,202,0
30870,203,0
30877,1,1
30877,2,1
30877,3,0
30877,5,1
30877,6,1
30877,7,1
30877,49,1
30877,50,1
30877,52,1
30877,53,1
30877,54,1
30877,56,1
30877,57,1
30877,59,1
30877,60,1
30877,61,1
30877,63,1
30877,64,1
30877,65,1
30877,66,1
30877,67,1
30877,72,1
30877,73,1
30877,74,1
30877,82,1
30877,83,1
30877,84,1
30877,86,1
30877,87,1
30877,88,1
30877,90,1
30877,91,1
30877,92,1
30877,93,1
30877,147,1
30877,148,0
30877,149,0
30877,150,0
30877,194,0
30877,196,0
30877,197,0
30877,198,0
30877,200,0
30877,201,1
30877,202,0
30877,203,0
30881,1,1
30881,2,0
30881,3,1
30881,5,1
30881,6,1
30881,7,1
30881,9,0
30881,10,0
30881,11,1
30881,12,0
30881,49,1
30881,50,1
30881,52,1
30881,53,1
30881,54,1
30881,56,1
30881,57,1
30881,59,1
30881,60,1
30881,61,1
30881,63,1
30881,64,1
30881,65,1
30881,66,1
30881,67,1
30881,72,1
30881,73,1
30881,74,1
30881,82,1
30881,83,1
30881,84,1
30881,86,1
30881,87,1
30881,88,1
30881,90,1
30881,91,1
30881,92,1
30881,93,1
30881,147,1
30881,148,0
30881,149,0
30881,150,0
30881,194,0
30881,196,0
30881,197,0
30881,198,0
30881,200,0
30881,201,1
30881,202,0
30881,203,0
30886,1,1
30886,2,1
30886,3,0
30886,5,1
30886,6,1
30886,7,1
30886,29,1
30886,32,0
30886,33,0
30886,34,0
30886,35,0
30886,36,0
30886,37,0
30886,39,0
30886,40,0
30886,41,0
30886,49,1
30886,50,1
30886,52,1
30886,53,1
30886,54,1
30886,56,1
30886,57,1
30886,59,1
30886,60,1
30886,61,1
30886,63,1
30886,64,1
30886,65,1
30886,66,1
30886,67,1
30886,72,1
30886,73,1
30886,74,1
30886,82,1
30886,83,0
30886,84,0
30886,86,1
30886,87,1
30886,88,1
30886,90,1
30886,91,1
30886,92,0
30886,93,0
30886,147,1
30886,148,0
30886,149,0
30886,150,0
30886,194,0
30886,196,0
30886,197,0
30886,198,0
30886,200,0
30886,201,0
30886,202,0
30886,203,0
30899,1,1
30899,2,0
30899,3,1
30899,5,1
30899,6,1
30899,7,1
30899,72,1
30899,73,1
30899,74,1
30899,82,1
30899,83,1
30899,84,1
30899,90,1
30899,91,1
30899,92,1
30899,93,1
30899,147,1
30899,148,0
30899,149,0
30899,150,0
30899,194,0
30899,196,0
30899,197,0
30899,198,0
30899,200,0
30899,201,1
30899,202,0
30899,203,0
30908,1,1
30908,2,0
30908,3,1
30908,5,1
30908,6,1
30908,7,1
30908,9,1
30908,10,0
30908,11,0
30908,12,0
30908,29,0
30908,30,0
30908,31,0
30908,32,0
30908,33,0
30908,34,0
30908,35,0
30908,36,0
30908,37,0
30908,39,1
30908,49,1
30908,50,1
30908,52,1
30908,53,1
30908,54,1
30908,56,1
30908,57,1
30908,59,1
30908,60,1
30908,61,1
30908,63,1
30908,64,1
30908,65,1
30908,66,1
30908,67,1
30908,72,1
30908,73,1
30908,74,1
30908,82,1
30908,83,1
30908,84,1
30908,86,1
30908,87,1
30908,88,1
30908,90,1
30908,91,1
30908,92,1
30908,93,1
30908,147,0
30908,148,0
30908,149,1
30908,150,0
30908,152,1
30908,153,1
30908,154,0
30908,155,1
30908,157,1
30908,159,1
30908,160,0
30908,164,0
30908,170,0
30908,171,0
30908,172,0
30908,173,0
30908,174,0
30908,175,0
30908,176,0
30908,177,0
30908,178,0
30908,181,0
30908,182,0
30908,183,0
30908,184,0
30908,194,1
30908,196,1
30908,197,0
30908,198,0
30908,200,0
30908,201,1
30908,202,1
30908,203,0
30909,1,1
30909,2,0
30909,3,1
30909,5,1
30909,6,1
30909,7,1
30909,9,1
30909,10,0
30909,11,0
30909,12,0
30909,49,1
30909,50,1
30909,52,1
30909,53,1
30909,54,1
30909,56,1
30909,57,1
30909,59,1
30909,60,1
30909,61,1
30909,63,1
30909,64,1
30909,65,1
30909,66,1
30909,67,1
30909,72,1
30909,73,1
30909,74,1
30909,82,1
30909,83,1
30909,84,1
30909,86,1
30909,87,1
30909,88,1
30909,90,1
30909,91,1
30909,92,1
30909,93,1
30909,147,0
30909,148,1
30909,149,0
30909,150,0
30909,152,0
30909,153,0
30909,154,0
30909,155,0
30909,157,0
30909,159,0
30909,160,0
30909,164,0
30909,170,1
30909,171,1
30909,172,0
30909,173,0
30909,174,1
30909,175,0
30909,176,0
30909,177,0
30909,178,0
30909,181,0
30909,182,0
30909,183,0
30909,184,0
30909,194,0
30909,196,0
30909,197,0
30909,198,0
30909,200,0
30909,201,1
30909,202,0
30909,203,0
30915,1,1
30915,2,0
30915,3,1
30915,5,1
30915,6,1
30915,7,1
30915,9,1
30915,10,0
30915,11,0
30915,12,0
30915,29,1
30915,30,1
30915,31,0
30915,32,0
30915,33,0
30915,34,0
30915,35,0
30915,36,0
30915,37,0
30915,39,0
30915,40,0
30915,41,0
30915,49,1
30915,50,1
30915,52,1
30915,53,1
30915,54,1
30915,56,1
30915,57,1
30915,59,1
30915,60,1
30915,61,1
30915,63,1
30915,64,1
30915,65,1
30915,66,1
30915,67,1
30915,72,1
30915,73,1
30915,74,1
30915,82,1
30915,83,1
30915,84,1
30915,86,1
30915,87,1
30915,88,1
30915,90,1
30915,91,1
30915,92,1
30915,93,1
30915,147,0
30915,148,1
30915,149,0
30915,150,0
30915,152,0
30915,153,0
30915,154,0
30915,155,0
30915,157,1
30915,159,1
30915,160,0
30915,164,0
30915,170,0
30915,171,0
30915,172,0
30915,173,0
30915,174,0
30915,175,0
30915,176,0
30915,177,0
30915,178,0
30915,181,0
30915,182,0
30915,183,0
30915,184,0
30915,194,0
30915,196,0
30915,197,0
30915,198,0
30915,200,0
30915,201,0
30915,202,0
30915,203,0
30922,1,1
30922,2,0
30922,3,1
30922,5,1
30922,6,1
30922,7,1
30922,49,1
30922,50,1
30922,52,1
30922,53,1
30922,54,1
30922,56,1
30922,57,1
30922,59,1
30922,60,1
30922,61,1
30922,63,1
30922,64,1
30922,65,1
30922,66,1
30922,67,1
30922,72,1
30922,73,1
30922,74,1
30922,82,1
30922,83,1
30922,84,1
30922,86,1
30922,87,1
30922,88,1
30922,90,1
30922,91,1
30922,92,1
30922,93,1
30922,147,1
30922,148,0
30922,149,0
30922,150,0
30922,194,0
30922,196,0
30922,197,0
30922,198,0
30922,200,0
30922,201,0
30922,202,0
30922,203,0
30923,1,1
30923,2,1
30923,3,0
30923,5,1
30923,6,1
30923,7,1
30923,49,1
30923,50,1
30923,52,1
30923,53,1
30923,54,1
30923,56,1
30923,57,1
30923,59,1
30923,60,1
30923,61,1
30923,63,1
30923,64,1
30923,65,1
30923,66,1
30923,67,1
30923,72,1
30923,73,1
30923,74,1
30923,82,1
30923,83,1
30923,84,1
30923,86,1
30923,87,1
30923,88,1
30923,90,1
30923,91,1
30923,92,1
30923,93,1
30923,147,1
30923,148,0
30923,149,0
30923,150,0
30923,194,0
30923,196,0
30923,197,0
30923,198,0
30923,200,0
30923,201,1
30923,202,0
30923,203,0
30926,1,1
30926,2,0
30926,3,1
30926,5,1
30926,6,1
30926,7,1
30926,72,1
30926,73,1
30926,74,1
30926,82,1
30926,83,1
30926,84,1
30926,86,1
30926,87,1
30926,88,1
30926,90,1
30926,91,1
30926,92,1
30926,93,1
30926,147,1
30926,148,0
30926,149,0
30926,150,0
30926,194,0
30926,196,0
30926,197,0
30926,198,0
30926,200,0
30926,201,1
30926,202,0
30926,203,0
30928,1,1
30928,2,0
30928,3,1
30928,5,1
30928,6,1
30928,7,1
30928,29,0
30928,30,0
30928,31,0
30928,32,0
30928,33,0
30928,34,0
30928,35,1
30928,36,1
30928,37,0
30928,39,0
30928,40,0
30928,41,0
30928,49,1
30928,50,1
30928,52,1
30928,53,1
30928,54,1
30928,56,1
30928,57,1
30928,59,1
30928,60,1
30928,61,1
30928,63,1
30928,64,1
30928,65,1
30928,66,1
30928,67,1
30928,72,1
30928,73,1
30928,74,1
30928,82,1
30928,83,1
30928,84,1
30928,86,1
30928,87,1
30928,88,1
30928,90,1
30928,91,1
30928,92,1
30928,93,1
30928,147,1
30928,148,0
30928,149,0
30928,150,0
30928,194,0
30928,196,1
30928,197,0
30928,198,0
30928,200,0
30928,201,1
30928,202,0
30928,203,0
30930,1,1
30930,2,1
30930,3,0
30930,5,1
30930,6,1
30930,7,1
30930,9,0
30930,10,0
30930,11,1
30930,12,0
30930,29,0
30930,30,0
30930,31,0
30930,32,0
30930,33,0
30930,34,0
30930,35,0
30930,36,0
30930,37,0
30930,39,1
30930,49,1
30930,50,1
30930,52,1
30930,53,1
30930,54,1
30930,56,1
30930,57,1
30930,59,1
30930,60,1
30930,61,1
30930,63,1
30930,64,1
30930,65,1
30930,66,1
30930,67,1
30930,72,1
30930,73,1
30930,74,1
30930,82,1
30930,83,1
30930,84,1
30930,86,1
30930,87,1
30930,88,1
30930,90,1
30930,91,1
30930,92,1
30930,93,1
30930,147,0
30930,148,1
30930,149,0
30930,150,0
30930,152,0
30930,153,0
30930,154,0
30930,155,0
30930,157,0
30930,159,0
30930,160,0
30930,164,0
30930,170,1
30930,171,1
30930,172,0
30930,173,0
30930,174,0
30930,175,1
30930,176,0
30930,177,0
30930,178,0
30930,181,0
30930,182,0
30930,183,0
30930,184,0
30930,194,1
30930,196,1
30930,197,0
30930,198,0
30930,200,0
30930,201,1
30930,202,0
30930,203,0
30933,1,1
30933,2,1
30933,3,0
30933,5,1
30933,6,1
30933,7,1
30933,147,1
30933,148,0
30933,149,0
30933,150,0
30933,194,0
30933,196,0
30933,197,0
30933,198,0
30933,200,0
30933,201,1
30933,202,0
30933,203,0
30937,1,1
30937,2,0
30937,3,1
30937,5,1
30937,6,1
30937,7,1
30937,9,1
30937,10,0
30937,11,0
30937,12,0
30937,29,1
30937,30,0
30937,31,1
30937,32,0
30937,33,0
30937,34,0
30937,35,0
30937,36,0
30937,37,0
30937,39,0
30937,40,0
30937,41,0
30937,49,1
30937,50,1
30937,52,1
30937,53,1
30937,54,1
30937,56,1
30937,57,1
30937,59,1
30937,60,1
30937,61,1
30937,63,1
30937,64,1
30937,65,1
30937,66,1
30937,67,1
30937,72,1
30937,73,1
30937,74,1
30937,82,1
30937,83,1
30937,84,1
30937,86,1
30937,87,1
30937,88,1
30937,90,1
30937,91,1
30937,92,1
30937,93,1
30937,147,1
30937,148,0
30937,149,0
30937,150,0
30937,194,0
30937,196,0
30937,197,0
30937,198,0
30937,200,0
30937,201,1
30937,202,0
30937,203,0
30940,1,1
30940,5,1
30940,6,1
30940,7,1
30940,49,0
30940,50,0
30940,52,0
30940,53,0
30940,54,0
30940,56,0
30940,57,0
30940,59,0
30940,60,0
30940,61,0
30940,63,0
30940,64,0
30940,65,0
30940,66,0
30940,67,0
30940,72,0
30940,73,1
30940,74,1
30940,82,1
30940,83,1
30940,84,1
30940,86,1
30940,87,1
30940,88,1
30940,90,1
30940,91,1
30940,92,1
30940,93,1
30940,147,1
30940,148,0
30940,149,0
30940,150,0
30940,194,0
30940,196,0
30940,197,0
30940,198,0
30940,200,0
30940,201,1
30940,202,1
30940,203,0
30960,1,1
30960,2,0
30960,3,1
30960,5,1
30960,6,1
30960,7,1
30960,9,0
30960,10,0
30960,11,0
30960,12,1
30960,29,0
30960,30,0
30960,31,0
30960,32,0
30960,33,0
30960,34,0
30960,35,1
30960,36,1
30960,37,0
30960,39,0
30960,40,0
30960,41,0
30960,49,1
30960,50,1
30960,52,1
30960,53,1
30960,54,1
30960,56,1
30960,57,1
30960,59,1
30960,60,1
30960,61,1
30960,63,1
30960,64,1
30960,65,1
30960,66,1
30960,67,1
30960,72,1
30960,73,1
30960,74,1
30960,82,1
30960,83,1
30960,84,1
30960,86,1
30960,87,1
30960,88,1
30960,90,1
30960,91,1
30960,92,0
30960,93,0
30960,147,0
30960,148,0
30960,149,0
30960,150,0
30960,152,1
30960,153,1
30960,154,1
30960,155,1
30960,157,1
30960,159,0
30960,160,0
30960,164,0
30960,170,0
30960,171,0
30960,172,0
30960,173,0
30960,174,0
30960,175,0
30960,176,0
30960,177,0
30960,178,0
30960,181,0
30960,182,0
30960,183,0
30960,184,0
30960,194,0
30960,196,0
30960,197,0
30960,198,0
30960,200,0
30960,201,1
30960,202,0
30960,203,0
30961,1,1
30961,2,0
30961,3,1
30961,5,1
30961,6,1
30961,7,1
30961,9,1
30961,10,0
30961,11,0
30961,12,0
30961,29,0
30961,30,0
30961,31,0
30961,32,0
30961,33,0
30961,34,0
30961,35,1
30961,39,0
30961,40,0
30961,41,0
30961,49,1
30961,50,1
30961,52,1
30961,53,1
30961,54,1
30961,56,1
30961,57,1
30961,59,1
30961,60,1
30961,61,1
30961,63,1
30961,64,1
30961,65,1
30961,66,1
30961,67,1
30961,72,1
30961,73,1
30961,74,1
30961,82,1
30961,83,1
30961,84,1
30961,86,1
30961,87,1
30961,88,1
30961,90,1
30961,91,1
30961,92,1
30961,93,1
30961,147,0
30961,148,1
30961,149,0
30961,150,0
30961,152,1
30961,153,1
30961,154,1
30961,155,0
30961,157,0
30961,159,0
30961,160,0
30961,164,0
30961,170,0
30961,171,0
30961,172,0
30961,173,0
30961,174,0
30961,175,0
30961,176,0
30961,177,0
30961,178,0
30961,181,0
30961,182,0
30961,183,0
30961,184,0
30961,194,0
30961,196,0
30961,197,0
30961,198,0
30961,200,0
30961,201,1
30961,202,0
30961,203,0
31304,1,1
31304,2,0
31304,3,1
31304,5,1
31304,6,1
31304,7,1
31304,56,1
31304,57,1
31304,59,1
31304,60,1
31304,61,1
31304,63,1
31304,64,1
31304,65,1
31304,66,1
31304,67,1
31304,72,1
31304,73,1
31304,74,1
31304,82,1
31304,83,1
31304,84,1
31304,86,1
31304,87,1
31304,88,1
31304,90,1
31304,91,1
31304,92,1
31304,93,1
31304,147,1
31304,148,0
31304,149,0
31304,150,0
31304,194,0
31304,196,0
31304,197,0
31304,198,0
31304,200,0
31304,201,0
31304,202,0
31304,203,0
31314,1,1
31314,2,0
31314,3,1
31314,5,1
31314,6,1
31314,7,1
31314,29,1
31314,32,0
31314,33,0
31314,34,0
31314,35,0
31314,36,0
31314,37,0
31314,39,0
31314,40,0
31314,41,0
31314,49,1
31314,50,1
31314,52,1
31314,53,1
31314,54,1
31314,56,1
31314,57,1
31314,59,1
31314,60,1
31314,61,1
31314,63,1
31314,64,1
31314,65,1
31314,66,1
31314,67,1
31314,72,0
31314,73,1
31314,74,1
31314,82,1
31314,83,1
31314,84,1
31314,86,1
31314,87,1
31314,88,1
31314,90,1
31314,91,1
31314,92,1
31314,93,1
31314,147,1
31314,148,0
31314,149,0
31314,150,0
31314,194,0
31314,196,0
31314,197,0
31314,198,0
31314,200,0
31314,201,0
31314,202,0
31314,203,0
31318,1,1
31318,2,0
31318,3,1
31318,5,1
31318,6,1
31318,7,1
31318,56,1
31318,57,1
31318,59,1
31318,60,1
31318,61,1
31318,63,1
31318,64,1
31318,65,1
31318,66,1
31318,67,1
31318,72,1
31318,73,1
31318,74,1
31318,82,1
31318,83,1
31318,84,1
31318,86,1
31318,87,1
31318,88,1
31318,90,1
31318,91,1
31318,92,1
31318,93,1
31318,147,1
31318,148,0
31318,149,0
31318,150,0
31318,194,0
31318,196,0
31318,197,0
31318,198,0
31318,200,0
31318,201,0
31318,202,0
31318,203,0
31320,1,1
31320,2,1
31320,3,0
31320,5,1
31320,6,1
31320,7,1
31320,29,0
31320,30,0
31320,31,0
31320,32,0
31320,33,0
31320,34,0
31320,35,1
31320,36,1
31320,37,0
31320,39,0
31320,40,0
31320,41,0
31320,49,1
31320,50,1
31320,52,1
31320,53,1
31320,54,1
31320,56,1
31320,57,1
31320,59,1
31320,60,1
31320,61,1
31320,63,1
31320,64,1
31320,65,1
31320,66,1
31320,67,1
31320,72,0
31320,73,0
31320,74,0
31320,82,1
31320,83,1
31320,84,1
31320,86,1
31320,87,1
31320,88,1
31320,90,1
31320,91,1
31320,92,1
31320,93,1
31320,147,1
31320,148,0
31320,149,0
31320,150,0
31320,194,0
31320,196,0
31320,197,0
31320,198,0
31320,200,0
31320,201,1
31320,202,0
31320,203,0
31321,1,1
31321,2,1
31321,3,0
31321,5,1
31321,6,1
31321,7,1
31321,9,0
31321,10,0
31321,11,1
31321,12,0
31321,29,0
31321,30,0
31321,31,0
31321,32,0
31321,33,0
31321,34,0
31321,35,0
31321,36,0
31321,37,0
31321,39,1
31321,49,1
31321,50,1
31321,52,1
31321,53,1
31321,54,1
31321,56,1
31321,57,1
31321,59,1
31321,60,1
31321,61,1
31321,63,1
31321,64,1
31321,65,1
31321,66,1
31321,67,1
31321,72,1
31321,73,1
31321,74,1
31321,82,1
31321,83,1
31321,84,1
31321,86,1
31321,87,1
31321,88,1
31321,90,1
31321,91,1
31321,92,1
31321,93,1
31321,147,0
31321,148,0
31321,149,1
31321,150,0
31321,152,1
31321,153,1
31321,154,0
31321,155,1
31321,157,0
31321,159,0
31321,160,0
31321,164,0
31321,170,1
31321,171,1
31321,172,0
31321,173,0
31321,174,1
31321,175,0
31321,176,0
31321,177,0
31321,178,0
31321,181,0
31321,182,0
31321,183,0
31321,184,0
31321,194,0
31321,196,0
31321,197,0
31321,198,0
31321,200,0
31321,201,0
31321,202,0
31321,203,0
31331,1,1
31331,2,0
31331,3,1
31331,5,1
31331,6,1
31331,7,1
31331,29,1
31331,30,1
31331,31,0
31331,32,0
31331,33,0
31331,34,0
31331,35,0
31331,36,0
31331,37,0
31331,39,0
31331,40,0
31331,41,0
31331,72,1
31331,73,1
31331,74,1
31331,82,1
31331,83,1
31331,84,1
31331,86,1
31331,87,1
31331,88,1
31331,90,1
31331,91,1
31331,92,0
31331,93,0
31331,147,1
31331,148,0
31331,149,0
31331,150,0
31331,194,0
31331,196,0
31331,197,0
31331,198,0
31331,200,0
31331,201,1
31331,202,0
31331,203,0
31333,1,1
31333,2,0
31333,3,1
31333,5,1
31333,6,1
31333,7,1
31333,147,0
31333,148,1
31333,149,0
31333,150,0
31333,152,0
31333,153,0
31333,154,0
31333,155,0
31333,157,0
31333,159,0
31333,160,0
31333,164,0
31333,170,1
31333,171,1
31333,172,0
31333,173,0
31333,174,0
31333,175,1
31333,176,0
31333,177,0
31333,178,0
31333,181,0
31333,182,0
31333,183,0
31333,184,0
31333,194,0
31333,196,0
31333,197,0
31333,198,0
31333,200,0
31333,201,1
31333,202,0
31333,203,0
31345,1,1
31345,2,1
31345,3,0
31345,5,1
31345,6,1
31345,7,1
31345,49,1
31345,50,1
31345,52,1
31345,53,1
31345,54,1
31345,56,1
31345,57,1
31345,59,1
31345,60,1
31345,61,1
31345,63,1
31345,64,1
31345,65,1
31345,66,1
31345,67,1
31345,72,0
31345,73,1
31345,74,1
31345,82,1
31345,83,1
31345,84,1
31345,86,1
31345,87,1
31345,88,1
31345,90,1
31345,91,1
31345,92,1
31345,93,1
31345,147,0
31345,148,1
31345,149,0
31345,150,0
31345,152,1
31345,153,1
31345,154,1
31345,155,0
31345,157,0
31345,159,0
31345,160,0
31345,164,0
31345,170,0
31345,171,0
31345,172,0
31345,173,0
31345,174,0
31345,175,0
31345,176,0
31345,177,0
31345,178,0
31345,181,0
31345,182,0
31345,183,0
31345,184,0
31345,194,0
31345,196,0
31345,197,0
31345,198,0
31345,200,0
31345,201,1
31345,202,1
31345,203,1
31346,1,1
31346,2,0
31346,3,1
31346,5,1
31346,6,1
31346,7,1
31346,147,1
31346,148,0
31346,149,0
31346,150,0
31346,194,0
31346,196,0
31346,197,0
31346,198,0
31346,200,0
31346,201,1
31346,202,0
31346,203,0
31348,1,1
31348,2,0
31348,3,1
31348,5,1
31348,6,1
31348,7,1
31348,29,1
31348,32,0
31348,33,0
31348,34,0
31348,35,0
31348,36,0
31348,37,0
31348,39,0
31348,40,0
31348,41,0
31348,49,1
31348,50,1
31348,52,1
31348,53,1
31348,54,1
31348,56,1
31348,57,1
31348,59,1
31348,60,1
31348,61,1
31348,63,1
31348,64,1
31348,65,1
31348,66,1
31348,67,1
31348,72,1
31348,73,1
31348,74,1
31348,82,1
31348,83,1
31348,84,1
31348,86,1
31348,87,1
31348,88,1
31348,90,1
31348,91,1
31348,92,1
31348,93,1
31348,147,1
31348,148,0
31348,149,0
31348,150,0
31348,194,0
31348,196,0
31348,197,0
31348,198,0
31348,200,0
31348,201,1
31348,202,0
31348,203,0
31356,1,1
31356,2,1
31356,3,0
31356,5,1
31356,6,1
31356,7,1
31356,72,1
31356,73,1
31356,74,1
31356,82,1
31356,83,1
31356,84,1
31356,86,1
31356,87,1
31356,88,1
31356,90,1
31356,91,1
31356,92,1
31356,93,1
31356,147,1
31356,148,0
31356,149,0
31356,150,0
31356,194,0
31356,196,0
31356,197,0
31356,198,0
31356,200,0
31356,201,1
31356,202,0
31356,203,0
31360,1,1
31360,2,0
31360,3,1
31360,5,1
31360,6,1
31360,7,1
31360,29,1
31360,30,1
31360,31,0
31360,32,0
31360,33,0
31360,34,0
31360,35,0
31360,36,0
31360,37,0
31360,39,0
31360,40,0
31360,41,0
31360,72,1
31360,73,1
31360,74,1
31360,82,1
31360,83,1
31360,84,1
31360,86,1
31360,87,1
31360,88,1
31360,90,1
31360,91,1
31360,92,1
31360,93,1
31360,147,1
31360,148,0
31360,149,0
31360,150,0
31360,194,0
31360,196,0
31360,197,0
31360,198,0
31360,200,0
31360,201,0
31360,202,0
31360,203,0
31366,1,1
31366,2,0
31366,3,1
31366,5,1
31366,6,1
31366,7,1
31366,9,0
31366,10,1
31366,11,0
31366,12,0
31366,29,1
31366,32,0
31366,33,0
31366,34,0
31366,35,0
31366,36,0
31366,37,0
31366,39,0
31366,40,0
31366,41,0
31366,56,1
31366,57,1
31366,59,1
31366,60,1
31366,61,1
31366,63,1
31366,64,1
31366,65,1
31366,66,1
31366,67,1
31366,72,1
31366,73,1
31366,74,1
31366,82,1
31366,83,1
31366,84,1
31366,86,1
31366,87,1
31366,88,1
31366,90,1
31366,91,1
31366,92,1
31366,93,1
31366,147,1
31366,148,0
31366,149,0
31366,150,0
31366,194,0
31366,196,0
31366,197,0
31366,198,0
31366,200,0
31366,201,1
31366,202,0
31366,203,0
31368,1,1
31368,2,0
31368,3,1
31368,5,1
31368,6,1
31368,7,1
31368,29,1
31368,30,1
31368,31,0
31368,32,0
31368,33,0
31368,34,0
31368,35,0
31368,36,0
31368,37,0
31368,39,0
31368,40,0
31368,41,0
31368,49,1
31368,50,1
31368,52,1
31368,53,1
31368,54,1
31368,56,1
31368,57,1
31368,59,1
31368,60,1
31368,61,1
31368,63,1
31368,64,1
31368,65,1
31368,66,1
31368,67,1
31368,72,1
31368,73,1
31368,74,1
31368,82,1
31368,83,1
31368,84,1
31368,86,1
31368,87,1
31368,88,1
31368,90,1
31368,91,1
31368,92,1
31368,93,1
31368,147,1
31368,148,0
31368,149,0
31368,150,0
31368,194,0
31368,196,0
31368,197,0
31368,198,0
31368,200,0
31368,201,1
31368,202,0
31368,203,0
31372,1,1
31372,2,0
31372,3,1
31372,5,1
31372,6,1
31372,7,1
31372,29,0
31372,30,0
31372,31,0
31372,32,0
31372,33,0
31372,34,0
31372,35,0
31372,36,0
31372,37,0
31372,39,1
31372,147,0
31372,148,0
31372,149,0
31372,150,0
31372,152,1
31372,153,1
31372,154,0
31372,155,1
31372,157,0
31372,159,0
31372,160,0
31372,164,0
31372,170,1
31372,171,1
31372,172,1
31372,173,0
31372,174,1
31372,175,0
31372,176,0
31372,177,0
31372,178,0
31372,181,0
31372,182,0
31372,183,0
31372,184,0
31372,194,0
31372,196,0
31372,197,0
31372,198,0
31372,200,0
31372,201,1
31372,202,0
31372,203,0
31379,1,1
31379,2,0
31379,3,1
31379,5,1
31379,6,1
31379,7,1
31379,72,1
31379,73,1
31379,74,1
31379,82,1
31379,83,1
31379,84,0
31379,90,1
31379,91,1
31379,92,0
31379,93,0
31379,147,1
31379,148,0
31379,149,0
31379,150,0
31379,194,0
31379,196,0
31379,197,0
31379,198,0
31379,200,0
31379,201,1
31379,202,0
31379,203,0
31382,1,1
31382,2,1
31382,3,0
31382,5,1
31382,6,1
31382,7,1
31382,29,0
31382,30,0
31382,31,0
31382,32,1
31382,33,1
31382,34,0
31382,35,0
31382,36,0
31382,37,0
31382,39,0
31382,40,0
31382,41,0
31382,49,1
31382,50,1
31382,52,1
31382,53,1
31382,54,1
31382,56,1
31382,57,1
31382,59,1
31382,60,1
31382,61,1
31382,63,1
31382,64,1
31382,65,1
31382,66,1
31382,67,1
31382,72,1
31382,73,1
31382,74,1
31382,82,1
31382,83,1
31382,84,1
31382,86,1
31382,87,1
31382,88,1
31382,90,1
31382,91,1
31382,92,1
31382,93,1
31382,147,0
31382,148,1
31382,149,0
31382,150,0
31382,152,1
31382,153,1
31382,154,1
31382,155,0
31382,157,0
31382,159,0
31382,160,0
31382,164,0
31382,170,0
31382,171,0
31382,172,0
31382,173,0
31382,174,0
31382,175,0
31382,176,0
31382,177,0
31382,178,0
31382,181,0
31382,182,0
31382,183,0
31382,184,0
31382,194,0
31382,196,0
31382,197,0
31382,198,0
31382,200,0
31382,201,1
31382,202,0
31382,203,0
31385,1,1
31385,2,0
31385,3,1
31385,5,1
31385,6,1
31385,7,1
31385,9,1
31385,10,0
31385,11,0
31385,12,0
31385,29,0
31385,30,0
31385,31,0
31385,32,0
31385,33,0
31385,34,0
31385,35,0
31385,36,0
31385,37,0
31385,39,1
31385,49,1
31385,50,1
31385,52,1
31385,53,1
31385,54,1
31385,56,1
31385,57,1
31385,59,1
31385,60,1
31385,61,1
31385,63,1
31385,64,1
31385,65,1
31385,66,1
31385,67,1
31385,72,1
31385,73,1
31385,74,1
31385,82,1
31385,83,1
31385,84,1
31385,86,1
31385,87,1
31385,88,1
31385,90,1
31385,91,1
31385,92,1
31385,93,1
31385,147,0
31385,148,0
31385,149,1
31385,150,0
31385,152,0
31385,153,0
31385,154,0
31385,155,0
31385,157,0
31385,159,0
31385,160,0
31385,164,0
31385,170,1
31385,171,0
31385,172,0
31385,173,0
31385,174,0
31385,175,0
31385,176,0
31385,177,1
31385,178,1
31385,181,0
31385,182,0
31385,183,0
31385,184,0
31385,194,1
31385,196,0
31385,197,0
31385,198,0
31385,200,0
31385,201,1
31385,202,1
31385,203,0
31392,1,1
31392,2,0
31392,3,1
31392,5,1
31392,6,1
31392,7,1
31392,29,1
31392,30,0
31392,31,1
31392,32,0
31392,33,0
31392,34,0
31392,35,0
31392,36,0
31392,37,0
31392,39,0
31392,40,0
31392,41,0
31392,147,1
31392,148,0
31392,149,0
31392,150,0
31392,194,0
31392,196,0
31392,197,0
31392,198,0
31392,200,0
31392,201,0
31392,202,0
31392,203,0
31554,1,1
31554,2,0
31554,3,1
31554,5,1
31554,6,1
31554,7,1
31554,56,0
31554,57,1
31554,59,1
31554,60,1
31554,61,1
31554,63,1
31554,64,1
31554,65,1
31554,66,1
31554,67,1
31554,72,1
31554,73,1
31554,74,1
31554,82,1
31554,83,1
31554,84,1
31554,86,1
31554,87,1
31554,88,1
31554,90,1
31554,91,1
31554,92,1
31554,93,1
31554,147,1
31554,148,0
31554,149,0
31554,150,0
31554,194,0
31554,196,0
31554,197,0
31554,198,0
31554,200,0
31554,201,0
31554,202,0
31554,203,0
31556,1,1
31556,2,0
31556,3,1
31556,5,1
31556,6,1
31556,7,1
31556,49,1
31556,50,1
31556,52,1
31556,53,1
31556,54,1
31556,56,1
31556,57,1
31556,59,1
31556,60,1
31556,61,1
31556,63,1
31556,64,1
31556,65,1
31556,66,1
31556,67,1
31556,72,1
31556,73,1
31556,74,1
31556,82,1
31556,83,1
31556,84,1
31556,86,1
31556,87,1
31556,88,1
31556,90,1
31556,91,1
31556,92,1
31556,93,1
31556,147,1
31556,148,0
31556,149,0
31556,150,0
31556,194,0
31556,196,0
31556,197,0
31556,198,0
31556,200,0
31556,201,1
31556,202,0
31556,203,0
31558,1,1
31558,2,0
31558,3,1
31558,5,1
31558,6,1
31558,7,1
31558,49,1
31558,50,1
31558,52,1
31558,53,1
31558,54,1
31558,56,1
31558,57,1
31558,59,1
31558,60,1
31558,61,1
31558,63,1
31558,64,1
31558,65,1
31558,66,1
31558,67,1
31558,72,1
31558,73,1
31558,74,1
31558,82,1
31558,83,1
31558,84,1
31558,86,1
31558,87,1
31558,88,1
31558,90,1
31558,91,1
31558,92,1
31558,93,1
31558,147,1
31558,148,0
31558,149,0
31558,150,0
31558,194,0
31558,196,0
31558,197,0
31558,198,0
31558,200,0
31558,201,1
31558,202,0
31558,203,0
31559,1,1
31559,2,1
31559,3,0
31559,5,1
31559,6,1
31559,7,1
31559,9,0
31559,10,1
31559,11,0
31559,12,0
31559,29,1
31559,30,0
31559,31,1
31559,32,0
31559,33,0
31559,34,0
31559,35,0
31559,36,0
31559,37,0
31559,39,0
31559,40,0
31559,41,0
31559,72,1
31559,73,1
31559,74,1
31559,82,1
31559,83,1
31559,84,1
31559,90,1
31559,91,1
31559,92,1
31559,93,1
31559,147,1
31559,148,0
31559,149,0
31559,150,0
31559,194,0
31559,196,0
31559,197,0
31559,198,0
31559,200,0
31559,201,0
31559,202,0
31559,203,0
31561,1,1
31561,2,1
31561,3,0
31561,5,1
31561,6,1
31561,7,1
31561,29,0
31561,30,0
31561,31,0
31561,32,0
31561,33,0
31561,34,0
31561,35,1
31561,36,1
31561,37,0
31561,39,0
31561,40,0
31561,41,0
31561,49,1
31561,50,1
31561,52,1
31561,53,1
31561,54,1
31561,56,1
31561,57,1
31561,59,1
31561,60,1
31561,61,1
31561,63,1
31561,64,1
31561,65,1
31561,66,1
31561,67,1
31561,72,1
31561,73,1
31561,74,1
31561,82,1
31561,83,1
31561,84,1
31561,86,1
31561,87,1
31561,88,1
31561,90,1
31561,91,1
31561,92,1
31561,93,1
31561,147,1
31561,148,0
31561,149,0
31561,150,0
31561,194,0
31561,196,0
31561,197,0
31561,198,0
31561,200,0
31561,201,0
31561,202,0
31561,203,0
31562,1,1
31562,2,0
31562,3,1
31562,5,1
31562,6,1
31562,7,1
31562,56,1
31562,57,1
31562,59,1
31562,60,1
31562,61,1
31562,63,1
31562,64,1
31562,65,1
31562,66,1
31562,67,1
31562,72,1
31562,73,1
31562,74,1
31562,82,1
31562,83,1
31562,84,1
31562,86,1
31562,87,1
31562,88,1
31562,90,1
31562,91,1
31562,92,1
31562,93,1
31562,147,1
31562,148,0
31562,149,0
31562,150,0
31562,194,0
31562,196,0
31562,197,0
31562,198,0
31562,200,0
31562,201,1
31562,202,0
31562,203,0
31564,1,1
31564,2,0
31564,3,1
31564,5,1
31564,6,1
31564,7,1
31564,147,1
31564,148,0
31564,149,0
31564,150,0
31564,194,0
31564,196,0
31564,197,0
31564,198,0
31564,200,0
31564,201,0
31564,202,0
31564,203,0
31568,1,1
31568,2,0
31568,3,1
31568,5,1
31568,6,1
31568,7,1
31568,29,1
31568,30,1
31568,31,0
31568,32,0
31568,33,0
31568,34,0
31568,35,0
31568,36,0
31568,37,0
31568,39,0
31568,40,0
31568,41,0
31568,49,1
31568,50,1
31568,52,1
31568,53,1
31568,54,1
31568,56,1
31568,57,1
31568,59,1
31568,60,1
31568,61,1
31568,63,1
31568,64,1
31568,65,1
31568,66,1
31568,67,1
31568,72,1
31568,73,1
31568,74,1
31568,82,1
31568,83,1
31568,84,1
31568,86,1
31568,87,1
31568,88,1
31568,90,1
31568,91,1
31568,92,1
31568,93,1
31568,147,1
31568,148,0
31568,149,0
31568,150,0
31568,194,0
31568,196,0
31568,197,0
31568,198,0
31568,200,0
31568,201,0
31568,202,0
31568,203,1
31572,1,1
31572,2,0
31572,3,1
31572,5,1
31572,6,1
31572,7,1
31572,29,0
31572,30,0
31572,31,0
31572,32,0
31572,33,0
31572,34,0
31572,35,1
31572,36,1
31572,37,0
31572,39,0
31572,40,0
31572,41,0
31572,49,1
31572,50,1
31572,52,1
31572,53,1
31572,54,1
31572,56,1
31572,57,1
31572,59,1
31572,60,1
31572,61,1
31572,63,1
31572,64,1
31572,65,1
31572,66,1
31572,67,1
31572,72,0
31572,73,1
31572,74,1
31572,82,1
31572,83,1
31572,84,1
31572,86,1
31572,87,1
31572,88,1
31572,90,1
31572,91,1
31572,92,1
31572,93,1
31572,147,1
31572,148,0
31572,149,0
31572,150,0
31572,194,0
31572,196,0
31572,197,0
31572,198,0
31572,200,0
31572,201,1
31572,202,0
31572,203,0
31575,1,1
31575,2,0
31575,3,1
31575,5,1
31575,6,1
31575,7,1
31575,56,1
31575,57,1
31575,59,1
31575,60,1
31575,61,1
31575,63,1
31575,64,1
31575,65,1
31575,66,1
31575,67,1
31575,72,1
31575,73,1
31575,74,1
31575,82,1
31575,83,1
31575,84,1
31575,86,1
31575,87,1
31575,88,1
31575,90,1
31575,91,1
31575,92,1
31575,93,1
31575,147,1
31575,148,0
31575,149,0
31575,150,0
31575,194,0
31575,196,0
31575,197,0
31575,198,0
31575,200,0
31575,201,1
31575,202,0
31575,203,0
31577,1,1
31577,2,0
31577,3,1
31577,5,1
31577,6,1
31577,7,1
31577,49,1
31577,50,1
31577,52,1
31577,53,1
31577,54,1
31577,56,1
31577,57,1
31577,59,1
31577,60,1
31577,61,1
31577,63,1
31577,64,1
31577,65,1
31577,66,1
31577,67,1
31577,72,1
31577,73,1
31577,74,1
31577,82,1
31577,83,1
31577,84,1
31577,86,1
31577,87,1
31577,88,1
31577,90,1
31577,91,1
31577,92,1
31577,93,1
31577,147,1
31577,148,0
31577,149,0
31577,150,0
31577,194,1
31577,196,0
31577,197,0
31577,198,0
31577,200,0
31577,201,1
31577,202,0
31577,203,0
31594,1,1
31594,2,1
31594,3,0
31594,5,1
31594,6,1
31594,7,1
31594,9,1
31594,10,0
31594,11,0
31594,12,0
31594,29,1
31594,32,0
31594,33,0
31594,34,0
31594,35,0
31594,36,0
31594,37,0
31594,39,0
31594,40,0
31594,41,0
31594,49,1
31594,50,1
31594,52,1
31594,53,1
31594,54,1
31594,56,1
31594,57,1
31594,59,1
31594,60,1
31594,61,1
31594,63,1
31594,64,1
31594,65,1
31594,66,1
31594,67,1
31594,72,0
31594,73,1
31594,74,1
31594,82,1
31594,83,1
31594,84,1
31594,86,1
31594,87,1
31594,88,1
31594,90,1
31594,91,1
31594,92,1
31594,93,1
31594,147,1
31594,148,0
31594,149,0
31594,150,0
31594,194,0
31594,196,0
31594,197,0
31594,198,0
31594,200,0
31594,201,1
31594,202,0
31594,203,0
31596,1,1
31596,2,0
31596,3,1
31596,5,1
31596,6,1
31596,7,1
31596,29,1
31596,32,0
31596,33,0
31596,34,0
31596,35,0
31596,36,0
31596,37,0
31596,39,0
31596,40,0
31596,41,0
31596,49,1
31596,50,1
31596,52,1
31596,53,1
31596,54,1
31596,56,1
31596,57,1
31596,59,1
31596,60,1
31596,61,1
31596,63,1
31596,64,1
31596,65,1
31596,66,1
31596,67,1
31596,72,1
31596,73,1
31596,74,1
31596,82,1
31596,83,1
31596,84,1
31596,86,1
31596,87,1
31596,88,1
31596,90,1
31596,91,1
31596,92,1
31596,93,1
31596,147,1
31596,148,0
31596,149,0
31596,150,0
31596,194,0
31596,196,1
31596,197,0
31596,198,0
31596,200,0
31596,201,1
31596,202,1
31596,203,1
31600,1,1
31600,5,1
31600,6,1
31600,7,1
31600,72,1
31600,73,1
31600,74,1
31600,82,1
31600,83,1
31600,84,1
31600,86,1
31600,87,1
31600,88,1
31600,90,1
31600,91,1
31600,92,1
31600,93,1
31600,147,1
31600,148,0
31600,149,0
31600,150,0
31600,194,0
31600,196,0
31600,197,0
31600,198,0
31600,200,0
31600,201,1
31600,202,0
31600,203,0
31603,1,1
31603,2,0
31603,3,1
31603,5,1
31603,6,1
31603,7,1
31603,29,0
31603,30,0
31603,31,0
31603,32,0
31603,33,0
31603,34,0
31603,35,0
31603,36,0
31603,37,0
31603,39,1
31603,49,1
31603,50,1
31603,52,1
31603,53,1
31603,54,1
31603,56,1
31603,57,1
31603,59,1
31603,60,1
31603,61,1
31603,63,1
31603,64,1
31603,65,1
31603,66,1
31603,67,1
31603,72,1
31603,73,1
31603,74,1
31603,82,1
31603,83,1
31603,84,1
31603,86,1
31603,87,1
31603,88,1
31603,90,1
31603,91,1
31603,92,1
31603,93,1
31603,147,0
31603,148,0
31603,149,0
31603,150,0
31603,152,1
31603,153,1
31603,154,0
31603,155,1
31603,157,1
31603,159,0
31603,160,1
31603,164,0
31603,170,0
31603,171,0
31603,172,0
31603,173,0
31603,174,0
31603,175,0
31603,176,0
31603,177,0
31603,178,0
31603,181,0
31603,182,0
31603,183,0
31603,184,0
31603,194,1
31603,196,0
31603,197,0
31603,198,0
31603,200,0
31603,201,1
31603,202,0
31603,203,0
31604,1,1
31604,2,0
31604,3,1
31604,5,1
31604,6,1
31604,7,1
31604,49,0
31604,50,0
31604,52,1
31604,53,1
31604,54,1
31604,56,1
31604,57,1
31604,59,1
31604,60,1
31604,61,1
31604,63,1
31604,64,1
31604,65,1
31604,66,1
31604,67,1
31604,72,1
31604,73,1
31604,74,1
31604,82,1
31604,83,1
31604,84,1
31604,86,1
31604,87,1
31604,88,1
31604,90,1
31604,91,1
31604,92,1
31604,93,1
31604,147,1
31604,148,0
31604,149,0
31604,150,0
31604,194,1
31604,196,1
31604,197,0
31604,198,0
31604,200,0
31604,201,1
31604,202,0
31604,203,0
31607,1,1
31607,2,0
31607,3,1
31607,5,1
31607,6,1
31607,7,1
31607,29,1
31607,32,0
31607,33,0
31607,34,0
31607,35,0
31607,36,0
31607,37,0
31607,39,0
31607,40,0
31607,41,0
31607,49,1
31607,50,1
31607,52,1
31607,53,1
31607,54,1
31607,56,1
31607,57,1
31607,59,1
31607,60,1
31607,61,1
31607,63,1
31607,64,1
31607,65,1
31607,66,1
31607,67,1
31607,72,1
31607,73,1
31607,74,1
31607,82,1
31607,83,1
31607,84,1
31607,86,1
31607,87,1
31607,88,1
31607,90,1
31607,91,1
31607,92,1
31607,93,0
31607,147,1
31607,148,0
31607,149,0
31607,150,0
31607,194,0
31607,196,0
31607,197,0
31607,198,0
31607,200,0
31607,201,1
31607,202,0
31607,203,0
31610,1,1
31610,2,0
31610,3,1
31610,5,1
31610,6,1
31610,7,1
31610,29,1
31610,30,1
31610,31,0
31610,32,0
31610,33,0
31610,34,0
31610,35,0
31610,36,0
31610,37,0
31610,39,0
31610,40,0
31610,41,0
31610,49,1
31610,50,1
31610,52,1
31610,53,1
31610,54,1
31610,56,1
31610,57,1
31610,59,1
31610,60,1
31610,61,1
31610,63,1
31610,64,1
31610,65,1
31610,66,1
31610,67,1
31610,72,1
31610,73,1
31610,74,1
31610,82,1
31610,83,1
31610,84,1
31610,86,1
31610,87,1
31610,88,1
31610,90,1
31610,91,1
31610,92,1
31610,93,1
31610,147,1
31610,148,0
31610,149,0
31610,150,0
31610,194,0
31610,196,0
31610,197,0
31610,198,0
31610,200,0
31610,201,1
31610,202,0
31610,203,0
31614,1,1
31614,2,1
31614,3,0
31614,5,1
31614,6,1
31614,7,1
31614,9,0
31614,10,1
31614,11,0
31614,12,0
31614,29,0
31614,30,0
31614,31,0
31614,32,1
31614,33,1
31614,34,0
31614,35,0
31614,36,0
31614,37,0
31614,39,0
31614,40,0
31614,41,0
31614,49,1
31614,50,1
31614,52,1
31614,53,1
31614,54,1
31614,56,1
31614,57,1
31614,59,1
31614,60,1
31614,61,1
31614,63,1
31614,64,1
31614,65,1
31614,66,1
31614,67,1
31614,72,1
31614,73,1
31614,74,1
31614,82,1
31614,83,1
31614,84,1
31614,86,1
31614,87,1
31614,88,1
31614,90,1
31614,91,1
31614,92,1
31614,93,1
31614,147,0
31614,148,0
31614,149,1
31614,150,0
31614,152,1
31614,153,1
31614,154,1
31614,155,1
31614,157,0
31614,159,0
31614,160,0
31614,164,0
31614,170,0
31614,171,0
31614,172,0
31614,173,0
31614,174,0
31614,175,0
31614,176,0
31614,177,0
31614,178,0
31614,181,0
31614,182,0
31614,183,0
31614,184,0
31614,194,0
31614,196,0
31614,197,0
31614,198,0
31614,200,0
31614,201,1
31614,202,0
31614,203,0
31618,1,1
31618,2,0
31618,3,1
31618,5,1
31618,6,1
31618,7,1
31618,9,1
31618,10,0
31618,11,0
31618,12,0
31618,49,1
31618,50,1
31618,52,1
31618,53,1
31618,54,1
31618,56,1
31618,57,1
31618,59,1
31618,60,1
31618,61,1
31618,63,1
31618,64,1
31618,65,1
31618,66,1
31618,67,1
31618,72,1
31618,73,1
31618,74,1
31618,82,1
31618,83,1
31618,84,1
31618,86,1
31618,87,1
31618,88,1
31618,90,1
31618,91,1
31618,92,1
31618,93,1
31618,147,1
31618,148,0
31618,149,0
31618,150,0
31618,194,0
31618,196,0
31618,197,0
31618,198,0
31618,200,0
31618,201,0
31618,202,0
31618,203,0
31619,1,1
31619,2,0
31619,3,1
31619,5,1
31619,6,1
31619,7,1
31619,9,1
31619,10,0
31619,11,0
31619,12,0
31619,49,1
31619,50,1
31619,52,1
31619,53,1
31619,54,1
31619,56,1
31619,57,1
31619,59,1
31619,60,1
31619,61,1
31619,63,1
31619,64,1
31619,65,1
31619,66,1
31619,67,1
31619,72,1
31619,73,1
31619,74,1
31619,82,1
31619,83,1
31619,84,1
31619,86,1
31619,87,1
31619,88,1
31619,90,1
31619,91,1
31619,92,1
31619,93,1
31619,147,1
31619,148,0
31619,149,0
31619,150,0
31619,194,0
31619,196,0
31619,197,0
31619,198,0
31619,200,0
31619,201,1
31619,202,0
31619,203,0
31621,1,1
31621,2,0
31621,3,1
31621,5,1
31621,6,1
31621,7,1
31621,9,0
31621,10,1
31621,11,0
31621,12,0
31621,49,1
31621,50,1
31621,52,1
31621,53,1
31621,54,1
31621,56,1
31621,57,1
31621,59,1
31621,60,1
31621,61,1
31621,63,1
31621,64,1
31621,65,1
31621,66,1
31621,67,1
31621,72,1
31621,73,1
31621,74,1
31621,82,1
31621,83,1
31621,84,1
31621,86,1
31621,87,1
31621,88,1
31621,90,1
31621,91,1
31621,92,1
31621,93,1
31621,147,1
31621,148,0
31621,149,0
31621,150,0
31621,194,0
31621,196,0
31621,197,0
31621,198,0
31621,200,0
31621,201,1
31621,202,0
31621,203,0
31623,1,1
31623,2,0
31623,3,1
31623,5,1
31623,6,1
31623,7,1
31623,9,0
31623,10,1
31623,11,0
31623,12,0
31623,29,1
31623,30,0
31623,31,1
31623,32,0
31623,33,0
31623,34,0
31623,35,0
31623,36,0
31623,37,0
31623,39,0
31623,40,0
31623,41,0
31623,49,1
31623,50,1
31623,52,1
31623,53,1
31623,54,1
31623,56,1
31623,57,1
31623,59,1
31623,60,1
31623,61,1
31623,63,1
31623,64,1
31623,65,1
31623,66,1
31623,67,1
31623,72,1
31623,73,1
31623,74,1
31623,82,1
31623,83,1
31623,84,1
31623,86,1
31623,87,1
31623,88,1
31623,90,1
31623,91,1
31623,92,1
31623,93,1
31623,147,1
31623,148,0
31623,149,0
31623,150,0
31623,194,0
31623,196,0
31623,197,0
31623,198,0
31623,200,0
31623,201,1
31623,202,0
31623,203,0
31628,1,1
31628,2,0
31628,3,1
31628,5,1
31628,6,1
31628,7,1
31628,49,1
31628,50,1
31628,52,1
31628,53,1
31628,54,1
31628,56,1
31628,57,1
31628,59,1
31628,60,1
31628,61,1
31628,63,1
31628,64,1
31628,65,1
31628,66,1
31628,67,1
31628,72,1
31628,73,1
31628,74,1
31628,82,1
31628,83,1
31628,84,1
31628,86,1
31628,87,1
31628,88,1
31628,90,1
31628,91,1
31628,92,1
31628,93,1
31628,147,1
31628,148,0
31628,149,0
31628,150,0
31628,194,0
31628,196,0
31628,197,0
31628,198,0
31628,200,0
31628,201,1
31628,202,0
31628,203,0
31643,1,1
31643,2,0
31643,3,1
31643,5,1
31643,6,1
31643,7,1
31643,9,0
31643,10,1
31643,11,0
31643,12,0
31643,49,1
31643,50,1
31643,52,1
31643,53,1
31643,54,1
31643,56,1
31643,57,1
31643,59,1
31643,60,1
31643,61,1
31643,63,1
31643,64,1
31643,65,1
31643,66,1
31643,67,1
31643,72,1
31643,73,1
31643,74,1
31643,82,1
31643,83,1
31643,84,1
31643,86,1
31643,87,1
31643,88,1
31643,90,1
31643,91,1
31643,92,1
31643,93,1
31643,147,1
31643,148,0
31643,149,0
31643,150,0
31643,194,0
31643,196,0
31643,197,0
31643,198,0
31643,200,0
31643,201,0
31643,202,0
31643,203,0
31644,1,1
31644,2,1
31644,3,0
31644,5,1
31644,6,1
31644,7,1
31644,29,1
31644,30,0
31644,31,1
31644,32,0
31644,33,0
31644,34,0
31644,35,0
31644,36,0
31644,37,0
31644,39,0
31644,40,0
31644,41,0
31644,49,1
31644,50,1
31644,52,1
31644,53,1
31644,54,1
31644,56,1
31644,57,1
31644,59,1
31644,60,1
31644,61,1
31644,63,1
31644,64,1
31644,65,1
31644,66,1
31644,67,1
31644,72,1
31644,73,1
31644,74,1
31644,82,1
31644,83,1
31644,84,1
31644,86,1
31644,87,1
31644,88,1
31644,90,1
31644,91,1
31644,92,1
31644,93,1
31644,147,1
31644,148,0
31644,149,0
31644,150,0
31644,194,0
31644,196,0
31644,197,0
31644,198,0
31644,200,0
31644,201,1
31644,202,0
31644,203,0
31645,1,1
31645,2,0
31645,3,1
31645,5,1
31645,6,1
31645,7,1
31645,9,1
31645,10,0
31645,11,0
31645,12,0
31645,29,0
31645,30,0
31645,31,0
31645,32,1
31645,35,0
31645,36,0
31645,37,0
31645,39,0
31645,40,0
31645,41,0
31645,72,1
31645,73,1
31645,74,1
31645,82,1
31645,83,1
31645,84,1
31645,86,1
31645,87,1
31645,88,1
31645,90,1
31645,91,1
31645,92,1
31645,93,1
31645,147,1
31645,148,0
31645,149,0
31645,150,0
31645,194,0
31645,196,0
31645,197,0
31645,198,0
31645,200,0
31645,201,0
31645,202,0
31645,203,0
31646,1,1
31646,2,1
31646,3,0
31646,5,1
31646,6,1
31646,7,1
31646,9,0
31646,10,0
31646,11,0
31646,12,1
31646,29,1
31646,30,1
31646,31,0
31646,32,0
31646,33,0
31646,34,0
31646,35,0
31646,36,0
31646,37,0
31646,39,0
31646,40,0
31646,41,0
31646,49,0
31646,50,0
31646,52,1
31646,53,1
31646,54,1
31646,56,1
31646,57,1
31646,59,1
31646,60,1
31646,61,1
31646,63,0
31646,64,1
31646,65,1
31646,66,1
31646,67,1
31646,72,0
31646,73,1
31646,74,1
31646,82,0
31646,83,0
31646,84,0
31646,86,1
31646,87,1
31646,88,1
31646,90,0
31646,91,0
31646,92,0
31646,93,0
31646,147,1
31646,148,0
31646,149,0
31646,150,0
31646,194,0
31646,196,0
31646,197,0
31646,198,0
31646,200,0
31646,201,1
31646,202,1
31646,203,0
31648,1,1
31648,2,0
31648,3,1
31648,5,1
31648,6,1
31648,7,1
31648,29,1
31648,30,1
31648,31,1
31648,32,0
31648,33,0
31648,34,0
31648,35,0
31648,36,0
31648,37,0
31648,39,0
31648,40,0
31648,41,0
31648,72,1
31648,73,1
31648,74,1
31648,82,1
31648,83,1
31648,84,1
31648,86,1
31648,87,1
31648,88,1
31648,90,1
31648,91,1
31648,92,1
31648,93,1
31648,147,1
31648,148,0
31648,149,0
31648,150,0
31648,194,0
31648,196,0
31648,197,0
31648,198,0
31648,200,0
31648,201,1
31648,202,0
31648,203,0
31661,1,1
31661,2,0
31661,3,1
31661,5,1
31661,6,1
31661,7,1
31661,9,1
31661,10,0
31661,11,0
31661,12,0
31661,29,0
31661,30,0
31661,31,0
31661,32,1
31661,33,0
31661,34,1
31661,35,0
31661,36,0
31661,37,0
31661,39,0
31661,40,0
31661,41,0
31661,49,0
31661,50,0
31661,52,1
31661,53,1
31661,54,1
31661,56,0
31661,57,1
31661,59,1
31661,60,1
31661,61,1
31661,63,1
31661,64,1
31661,65,1
31661,66,1
31661,67,1
31661,72,1
31661,73,1
31661,74,1
31661,82,1
31661,83,1
31661,84,1
31661,86,1
31661,87,1
31661,88,1
31661,90,1
31661,91,1
31661,92,1
31661,93,1
31661,147,1
31661,148,0
31661,149,0
31661,150,0
31661,194,0
31661,196,0
31661,197,0
31661,198,0
31661,200,0
31661,201,0
31661,202,0
31661,203,0
31662,1,1
31662,2,0
31662,3,1
31662,5,1
31662,6,1
31662,7,1
31662,29,1
31662,30,1
31662,31,0
31662,32,0
31662,33,0
31662,34,0
31662,35,0
31662,36,0
31662,37,0
31662,39,0
31662,40,0
31662,41,0
31662,49,1
31662,50,1
31662,52,1
31662,53,1
31662,54,1
31662,56,1
31662,57,1
31662,59,1
31662,60,1
31662,61,1
31662,63,1
31662,64,1
31662,65,1
31662,66,1
31662,67,1
31662,72,1
31662,73,1
31662,74,1
31662,82,1
31662,83,1
31662,84,1
31662,86,1
31662,87,1
31662,88,1
31662,90,1
31662,91,1
31662,92,1
31662,93,1
31662,147,1
31662,148,0
31662,149,0
31662,150,0
31662,194,0
31662,196,0
31662,197,0
31662,198,0
31662,200,0
31662,201,0
31662,202,0
31662,203,0
31665,1,1
31665,5,1
31665,6,1
31665,7,1
31665,49,1
31665,50,1
31665,52,1
31665,53,1
31665,54,1
31665,56,1
31665,57,1
31665,59,1
31665,60,1
31665,61,1
31665,63,1
31665,64,1
31665,65,1
31665,66,1
31665,67,1
31665,72,1
31665,73,1
31665,74,1
31665,82,1
31665,83,1
31665,84,1
31665,86,1
31665,87,1
31665,88,1
31665,90,1
31665,91,1
31665,92,1
31665,93,1
31665,147,1
31665,148,0
31665,149,0
31665,150,0
31665,194,0
31665,196,0
31665,197,0
31665,198,0
31665,200,0
31665,201,0
31665,202,0
31665,203,0
31666,1,1
31666,2,0
31666,3,1
31666,5,1
31666,6,1
31666,7,1
31666,49,1
31666,50,1
31666,52,1
31666,53,1
31666,54,1
31666,56,1
31666,57,1
31666,59,1
31666,60,1
31666,61,1
31666,63,1
31666,64,1
31666,65,1
31666,66,1
31666,67,1
31666,72,1
31666,73,1
31666,74,1
31666,82,1
31666,83,1
31666,84,1
31666,86,1
31666,87,1
31666,88,1
31666,90,1
31666,91,1
31666,92,1
31666,93,0
31666,147,1
31666,148,0
31666,149,0
31666,150,0
31666,194,0
31666,196,0
31666,197,0
31666,198,0
31666,200,0
31666,201,1
31666,202,0
31666,203,0
31856,1,1
31856,2,1
31856,3,0
31856,5,1
31856,6,1
31856,7,1
31856,49,1
31856,50,1
31856,52,1
31856,53,1
31856,54,1
31856,56,1
31856,57,1
31856,59,1
31856,60,1
31856,61,1
31856,63,1
31856,64,1
31856,65,1
31856,66,1
31856,67,1
31856,72,0
31856,73,1
31856,74,1
31856,82,1
31856,83,1
31856,84,1
31856,86,1
31856,87,1
31856,88,1
31856,90,1
31856,91,1
31856,92,1
31856,93,1
31856,147,0
31856,148,1
31856,149,0
31856,150,0
31856,152,1
31856,153,1
31856,154,0
31856,155,1
31856,157,0
31856,159,0
31856,160,0
31856,164,0
31856,170,0
31856,171,0
31856,172,0
31856,173,0
31856,174,0
31856,175,0
31856,176,0
31856,177,0
31856,178,0
31856,181,0
31856,182,0
31856,183,0
31856,184,0
31856,194,0
31856,196,0
31856,197,0
31856,198,0
31856,200,0
31856,201,1
31856,202,0
31856,203,0
31955,1,1
31955,2,0
31955,3,1
31955,5,1
31955,6,1
31955,7,1
31955,29,1
31955,30,1
31955,31,0
31955,32,0
31955,33,0
31955,34,0
31955,35,0
31955,36,0
31955,37,0
31955,39,0
31955,40,0
31955,41,0
31955,49,1
31955,50,1
31955,52,1
31955,53,1
31955,54,1
31955,56,1
31955,57,1
31955,59,1
31955,60,1
31955,61,1
31955,63,1
31955,64,1
31955,65,1
31955,66,1
31955,67,1
31955,72,1
31955,73,1
31955,74,1
31955,82,1
31955,83,1
31955,84,1
31955,86,1
31955,87,1
31955,88,1
31955,90,1
31955,91,1
31955,92,1
31955,93,1
31955,147,1
31955,148,0
31955,149,0
31955,150,0
31955,194,0
31955,196,0
31955,197,0
31955,198,0
31955,200,0
31955,201,1
31955,202,0
31955,203,0
31960,1,1
31960,2,0
31960,3,1
31960,5,1
31960,6,1
31960,7,1
31960,9,0
31960,10,1
31960,11,0
31960,12,0
31960,29,1
31960,30,0
31960,31,1
31960,32,0
31960,33,0
31960,34,0
31960,35,0
31960,36,0
31960,37,0
31960,39,0
31960,40,0
31960,41,0
31960,49,1
31960,50,1
31960,52,1
31960,53,1
31960,54,1
31960,56,1
31960,57,1
31960,59,1
31960,60,1
31960,61,1
31960,63,1
31960,64,1
31960,65,1
31960,66,1
31960,67,1
31960,72,1
31960,73,1
31960,74,1
31960,82,1
31960,83,1
31960,84,1
31960,86,1
31960,87,1
31960,88,1
31960,90,1
31960,91,1
31960,92,1
31960,93,1
31960,147,1
31960,148,0
31960,149,0
31960,150,0
31960,194,0
31960,196,0
31960,197,0
31960,198,0
31960,200,0
31960,201,0
31960,202,0
31960,203,0
31962,1,1
31962,2,0
31962,3,1
31962,5,1
31962,6,1
31962,7,1
31962,49,1
31962,50,1
31962,52,1
31962,53,1
31962,54,1
31962,56,1
31962,57,1
31962,59,1
31962,60,1
31962,61,1
31962,63,1
31962,64,1
31962,65,1
31962,66,1
31962,67,1
31962,72,1
31962,73,1
31962,74,1
31962,82,1
31962,83,1
31962,84,1
31962,86,1
31962,87,1
31962,88,1
31962,90,1
31962,91,1
31962,92,1
31962,93,1
31962,147,1
31962,148,0
31962,149,0
31962,150,0
31962,194,0
31962,196,0
31962,197,0
31962,198,0
31962,200,0
31962,201,0
31962,202,0
31962,203,0
31965,1,1
31965,2,1
31965,3,0
31965,5,1
31965,6,1
31965,7,1
31965,49,1
31965,50,1
31965,52,1
31965,53,1
31965,54,1
31965,56,1
31965,57,1
31965,59,1
31965,60,1
31965,61,1
31965,63,1
31965,64,1
31965,65,1
31965,66,1
31965,67,1
31965,72,1
31965,73,1
31965,74,1
31965,82,1
31965,83,1
31965,84,1
31965,86,1
31965,87,1
31965,88,1
31965,90,1
31965,91,1
31965,92,1
31965,93,0
31965,147,1
31965,148,0
31965,149,0
31965,150,0
31965,194,0
31965,196,0
31965,197,0
31965,198,0
31965,200,0
31965,201,1
31965,202,0
31965,203,0
31978,1,1
31978,2,0
31978,3,1
31978,5,1
31978,6,1
31978,7,1
31978,29,1
31978,30,1
31978,31,0
31978,32,0
31978,33,0
31978,34,0
31978,35,0
31978,36,0
31978,37,0
31978,39,0
31978,40,0
31978,41,0
31978,49,1
31978,50,1
31978,52,1
31978,53,1
31978,54,1
31978,56,1
31978,57,1
31978,59,1
31978,60,1
31978,61,1
31978,63,1
31978,64,1
31978,65,1
31978,66,1
31978,67,1
31978,72,1
31978,73,1
31978,74,1
31978,82,1
31978,83,1
31978,84,1
31978,86,1
31978,87,1
31978,88,1
31978,90,1
31978,91,1
31978,92,1
31978,93,1
31978,147,1
31978,148,0
31978,149,0
31978,150,0
31978,194,0
31978,196,0
31978,197,0
31978,198,0
31978,200,0
31978,201,0
31978,202,0
31978,203,0
31989,1,1
31989,2,0
31989,3,1
31989,5,1
31989,6,1
31989,7,1
31989,9,0
31989,10,1
31989,11,0
31989,12,0
31989,29,1
31989,32,0
31989,33,0
31989,34,0
31989,35,0
31989,36,0
31989,37,0
31989,39,0
31989,40,0
31989,41,0
31989,49,1
31989,50,1
31989,52,1
31989,53,1
31989,54,1
31989,56,1
31989,57,1
31989,59,1
31989,60,1
31989,61,1
31989,63,1
31989,64,1
31989,65,1
31989,66,1
31989,67,1
31989,72,1
31989,73,1
31989,74,1
31989,82,1
31989,83,1
31989,84,1
31989,86,1
31989,87,1
31989,88,1
31989,90,1
31989,91,1
31989,92,1
31989,93,1
31989,147,0
31989,148,1
31989,149,0
31989,150,0
31989,152,1
31989,153,1
31989,154,0
31989,155,1
31989,157,1
31989,159,1
31989,160,0
31989,164,0
31989,170,0
31989,171,0
31989,172,0
31989,173,0
31989,174,0
31989,175,0
31989,176,0
31989,177,0
31989,178,0
31989,181,0
31989,182,0
31989,183,0
31989,184,0
31989,194,0
31989,196,1
31989,197,0
31989,198,0
31989,200,0
31989,201,1
31989,202,0
31989,203,1
31997,1,1
31997,2,0
31997,3,1
31997,5,1
31997,6,1
31997,7,1
31997,49,0
31997,50,1
31997,52,1
31997,53,1
31997,54,1
31997,56,1
31997,57,1
31997,59,1
31997,60,1
31997,61,1
31997,63,0
31997,64,0
31997,65,1
31997,66,1
31997,67,1
31997,72,1
31997,73,1
31997,74,1
31997,82,1
31997,83,1
31997,84,1
31997,86,1
31997,87,1
31997,88,1
31997,90,1
31997,91,1
31997,92,1
31997,93,1
31997,147,1
31997,148,0
31997,149,0
31997,150,0
31997,194,0
31997,196,0
31997,197,0
31997,198,0
31997,200,0
31997,201,0
31997,202,0
31997,203,0
32215,1,1
32215,2,0
32215,3,1
32215,5,1
32215,6,1
32215,7,1
32215,29,0
32215,30,0
32215,31,0
32215,32,0
32215,33,0
32215,34,0
32215,35,0
32215,36,0
32215,37,0
32215,39,1
32215,56,1
32215,57,1
32215,59,1
32215,60,1
32215,61,1
32215,63,1
32215,64,1
32215,65,1
32215,66,1
32215,67,1
32215,72,1
32215,73,1
32215,74,1
32215,82,1
32215,83,1
32215,84,1
32215,86,1
32215,87,1
32215,88,1
32215,90,1
32215,91,1
32215,92,1
32215,93,1
32215,147,1
32215,148,0
32215,149,0
32215,150,0
32215,194,0
32215,196,0
32215,197,0
32215,198,0
32215,200,0
32215,201,1
32215,202,0
32215,203,0
32224,1,1
32224,5,1
32224,6,1
32224,7,1
32224,49,1
32224,50,1
32224,52,1
32224,53,1
32224,54,1
32224,56,1
32224,57,1
32224,59,1
32224,60,1
32224,61,1
32224,63,1
32224,64,1
32224,65,1
32224,66,1
32224,67,1
32224,72,1
32224,73,1
32224,74,1
32224,82,1
32224,83,1
32224,84,1
32224,86,1
32224,87,1
32224,88,1
32224,90,1
32224,91,1
32224,92,1
32224,93,1
32224,147,1
32224,148,0
32224,149,0
32224,150,0
32224,194,0
32224,196,0
32224,197,0
32224,198,0
32224,200,0
32224,201,1
32224,202,0
32224,203,0
32229,1,1
32229,2,0
32229,3,1
32229,5,1
32229,6,1
32229,7,1
32229,9,0
32229,10,1
32229,11,0
32229,12,0
32229,29,0
32229,30,0
32229,31,0
32229,32,0
32229,33,0
32229,34,0
32229,35,1
32229,36,1
32229,37,0
32229,39,0
32229,40,0
32229,41,0
32229,49,1
32229,50,1
32229,52,1
32229,53,1
32229,54,1
32229,56,1
32229,57,1
32229,59,1
32229,60,1
32229,61,1
32229,63,1
32229,64,1
32229,65,1
32229,66,1
32229,67,1
32229,72,1
32229,73,1
32229,74,1
32229,82,1
32229,83,1
32229,84,1
32229,86,1
32229,87,1
32229,88,1
32229,90,1
32229,91,1
32229,92,1
32229,93,1
32229,147,0
32229,148,1
32229,149,0
32229,150,0
32229,152,1
32229,153,1
32229,154,1
32229,155,0
32229,157,0
32229,159,0
32229,160,0
32229,164,0
32229,170,0
32229,171,0
32229,172,0
32229,173,0
32229,174,0
32229,175,0
32229,176,0
32229,177,0
32229,178,0
32229,181,0
32229,182,0
32229,183,0
32229,184,0
32229,194,0
32229,196,0
32229,197,0
32229,198,0
32229,200,0
32229,201,0
32229,202,0
32229,203,0
32233,1,1
32233,2,0
32233,3,1
32233,5,1
32233,6,1
32233,7,1
32233,56,1
32233,57,1
32233,59,1
32233,60,1
32233,61,1
32233,63,1
32233,64,1
32233,65,1
32233,66,1
32233,67,1
32233,72,1
32233,73,1
32233,74,1
32233,82,1
32233,83,1
32233,84,1
32233,86,1
32233,87,1
32233,88,1
32233,90,1
32233,91,1
32233,92,1
32233,93,1
32233,147,1
32233,148,0
32233,149,0
32233,150,0
32233,194,0
32233,196,0
32233,197,0
32233,198,0
32233,200,0
32233,201,1
32233,202,0
32233,203,0
32236,1,1
32236,2,0
32236,3,1
32236,5,1
32236,6,1
32236,7,1
32236,49,1
32236,50,1
32236,52,1
32236,53,1
32236,54,1
32236,56,1
32236,57,1
32236,59,1
32236,60,1
32236,61,1
32236,63,1
32236,64,1
32236,65,1
32236,66,1
32236,67,1
32236,72,0
32236,73,1
32236,74,1
32236,82,1
32236,83,1
32236,84,1
32236,86,1
32236,87,1
32236,88,1
32236,90,1
32236,91,1
32236,92,1
32236,93,1
32236,147,0
32236,148,1
32236,149,0
32236,150,0
32236,152,1
32236,153,1
32236,154,0
32236,155,1
32236,157,0
32236,159,0
32236,160,0
32236,164,0
32236,170,0
32236,171,0
32236,172,0
32236,173,0
32236,174,0
32236,175,0
32236,176,0
32236,177,0
32236,178,0
32236,181,0
32236,182,0
32236,183,0
32236,184,0
32236,194,0
32236,196,0
32236,197,0
32236,198,0
32236,200,0
32236,201,1
32236,202,0
32236,203,0
32238,1,1
32238,2,0
32238,3,1
32238,5,1
32238,6,1
32238,7,1
32238,9,0
32238,10,0
32238,11,1
32238,12,0
32238,29,1
32238,32,0
32238,33,0
32238,34,0
32238,35,0
32238,36,0
32238,37,0
32238,39,0
32238,40,0
32238,41,0
32238,49,1
32238,50,1
32238,52,1
32238,53,1
32238,54,1
32238,56,1
32238,57,1
32238,59,1
32238,60,1
32238,61,1
32238,63,1
32238,64,1
32238,65,1
32238,66,1
32238,67,1
32238,72,0
32238,73,1
32238,74,1
32238,82,1
32238,83,1
32238,84,1
32238,86,1
32238,87,1
32238,88,1
32238,90,1
32238,91,1
32238,92,1
32238,93,1
32238,147,1
32238,148,0
32238,149,0
32238,150,0
32238,194,0
32238,196,0
32238,197,0
32238,198,0
32238,200,0
32238,201,0
32238,202,0
32238,203,0
32239,1,1
32239,2,0
32239,3,1
32239,5,1
32239,6,1
32239,7,1
32239,9,0
32239,10,0
32239,11,1
32239,12,0
32239,29,0
32239,30,0
32239,31,0
32239,32,0
32239,33,0
32239,34,0
32239,35,0
32239,36,0
32239,37,0
32239,39,1
32239,49,1
32239,50,1
32239,52,1
32239,53,1
32239,54,1
32239,56,1
32239,57,1
32239,59,1
32239,60,1
32239,61,1
32239,63,1
32239,64,1
32239,65,1
32239,66,1
32239,67,1
32239,72,1
32239,73,1
32239,74,1
32239,82,1
32239,83,1
32239,84,1
32239,86,1
32239,87,1
32239,88,1
32239,90,0
32239,91,0
32239,92,0
32239,93,0
32239,147,0
32239,148,1
32239,149,0
32239,150,0
32239,152,0
32239,153,0
32239,154,0
32239,155,0
32239,157,0
32239,159,0
32239,160,0
32239,164,0
32239,170,1
32239,171,1
32239,172,0
32239,173,0
32239,174,1
32239,175,0
32239,176,0
32239,177,0
32239,178,0
32239,181,0
32239,182,0
32239,183,0
32239,184,0
32239,194,0
32239,196,0
32239,197,0
32239,198,0
32239,200,0
32239,201,0
32239,202,1
32239,203,0
32244,1,1
32244,2,0
32244,3,1
32244,5,1
32244,6,1
32244,7,1
32244,49,0
32244,50,0
32244,52,1
32244,53,1
32244,54,1
32244,56,0
32244,57,1
32244,59,1
32244,60,1
32244,61,1
32244,63,1
32244,64,1
32244,65,1
32244,66,1
32244,67,1
32244,72,0
32244,73,0
32244,74,0
32244,82,1
32244,83,1
32244,84,1
32244,86,1
32244,87,1
32244,88,1
32244,90,0
32244,91,0
32244,92,0
32244,93,0
32244,147,1
32244,148,0
32244,149,0
32244,150,0
32244,194,0
32244,196,1
32244,197,0
32244,198,0
32244,200,0
32244,201,0
32244,202,1
32244,203,1
32253,1,1
32253,2,0
32253,3,1
32253,5,1
32253,6,1
32253,7,1
32253,49,1
32253,50,1
32253,52,1
32253,53,1
32253,54,1
32253,56,1
32253,57,1
32253,59,1
32253,60,1
32253,61,1
32253,63,1
32253,64,1
32253,65,1
32253,66,1
32253,67,1
32253,72,0
32253,73,1
32253,74,1
32253,82,1
32253,83,1
32253,84,1
32253,86,1
32253,87,1
32253,88,1
32253,90,1
32253,91,1
32253,92,1
32253,93,0
32253,147,1
32253,148,0
32253,149,0
32253,150,0
32253,194,1
32253,196,0
32253,197,0
32253,198,0
32253,200,0
32253,201,1
32253,202,0
32253,203,0
32256,1,1
32256,2,1
32256,3,0
32256,5,1
32256,6,1
32256,7,1
32256,49,1
32256,50,1
32256,52,1
32256,53,1
32256,54,1
32256,56,1
32256,57,1
32256,59,1
32256,60,1
32256,61,1
32256,63,1
32256,64,1
32256,65,1
32256,66,1
32256,67,1
32256,72,1
32256,73,1
32256,74,1
32256,82,1
32256,83,1
32256,84,1
32256,86,1
32256,87,1
32256,88,1
32256,90,1
32256,91,1
32256,92,1
32256,93,0
32256,147,1
32256,148,0
32256,149,0
32256,150,0
32256,194,0
32256,196,0
32256,197,0
32256,198,0
32256,200,0
32256,201,0
32256,202,0
32256,203,0
32260,1,1
32260,2,0
32260,3,1
32260,5,1
32260,6,1
32260,7,1
32260,9,1
32260,10,0
32260,11,0
32260,12,0
32260,49,1
32260,50,1
32260,52,1
32260,53,1
32260,54,1
32260,56,1
32260,57,1
32260,59,1
32260,60,1
32260,61,1
32260,63,1
32260,64,1
32260,65,1
32260,66,1
32260,67,1
32260,72,1
32260,73,1
32260,74,1
32260,82,1
32260,83,1
32260,84,1
32260,86,1
32260,87,1
32260,88,1
32260,90,1
32260,91,1
32260,92,1
32260,93,1
32260,147,0
32260,148,1
32260,149,0
32260,150,0
32260,152,1
32260,153,1
32260,154,1
32260,155,0
32260,157,0
32260,159,0
32260,160,0
32260,164,0
32260,170,0
32260,171,0
32260,172,0
32260,173,0
32260,174,0
32260,175,0
32260,176,0
32260,177,0
32260,178,0
32260,181,0
32260,182,0
32260,183,0
32260,184,0
32260,194,0
32260,196,0
32260,197,0
32260,198,0
32260,200,0
32260,201,1
32260,202,0
32260,203,0
32269,1,1
32269,2,0
32269,3,1
32269,5,1
32269,6,1
32269,7,1
32269,49,1
32269,50,1
32269,52,1
32269,53,1
32269,54,1
32269,56,1
32269,57,1
32269,59,1
32269,60,1
32269,61,1
32269,63,1
32269,64,1
32269,65,1
32269,66,1
32269,67,1
32269,72,1
32269,73,1
32269,74,1
32269,82,1
32269,83,1
32269,84,1
32269,86,1
32269,87,1
32269,88,1
32269,90,1
32269,91,1
32269,92,1
32269,93,1
32269,147,1
32269,148,0
32269,149,0
32269,150,0
32269,194,0
32269,196,0
32269,197,0
32269,198,0
32269,200,0
32269,201,0
32269,202,0
32269,203,0
32277,1,1
32277,2,1
32277,3,0
32277,5,1
32277,6,1
32277,7,1
32277,72,1
32277,73,1
32277,74,1
32277,82,1
32277,83,1
32277,84,1
32277,90,1
32277,91,1
32277,92,1
32277,93,1
32277,147,1
32277,148,0
32277,149,0
32277,150,0
32277,194,0
32277,196,0
32277,197,0
32277,198,0
32277,200,0
32277,201,0
32277,202,0
32277,203,0
32286,1,1
32286,2,0
32286,3,1
32286,5,1
32286,6,1
32286,7,1
32286,29,1
32286,30,1
32286,31,0
32286,32,0
32286,33,0
32286,34,0
32286,35,0
32286,36,0
32286,37,0
32286,39,0
32286,40,0
32286,41,0
32286,56,1
32286,57,1
32286,59,1
32286,60,1
32286,61,1
32286,63,1
32286,64,1
32286,65,1
32286,66,1
32286,67,1
32286,72,1
32286,73,1
32286,74,1
32286,82,1
32286,83,1
32286,84,1
32286,86,1
32286,87,1
32286,88,1
32286,90,1
32286,91,1
32286,92,1
32286,93,0
32286,147,1
32286,148,0
32286,149,0
32286,150,0
32286,194,0
32286,196,0
32286,197,0
32286,198,0
32286,200,0
32286,201,0
32286,202,0
32286,203,0
32292,1,1
32292,2,0
32292,3,1
32292,5,1
32292,6,1
32292,7,1
32292,9,1
32292,10,0
32292,11,0
32292,12,0
32292,29,0
32292,30,0
32292,31,0
32292,32,0
32292,33,0
32292,34,0
32292,35,0
32292,36,0
32292,37,0
32292,39,1
32292,49,1
32292,50,1
32292,52,1
32292,53,1
32292,54,1
32292,56,1
32292,57,1
32292,59,1
32292,60,1
32292,61,1
32292,63,1
32292,64,1
32292,65,1
32292,66,1
32292,67,1
32292,72,1
32292,73,1
32292,74,1
32292,82,1
32292,83,1
32292,84,1
32292,86,1
32292,87,1
32292,88,1
32292,90,1
32292,91,1
32292,92,1
32292,93,1
32292,147,0
32292,148,0
32292,149,0
32292,150,0
32292,152,1
32292,153,1
32292,154,1
32292,155,1
32292,157,0
32292,159,0
32292,160,0
32292,164,0
32292,170,1
32292,171,0
32292,172,0
32292,173,0
32292,174,0
32292,175,0
32292,176,0
32292,177,0
32292,178,0
32292,181,0
32292,182,0
32292,183,0
32292,184,0
32292,194,1
32292,196,0
32292,197,0
32292,198,0
32292,200,0
32292,201,1
32292,202,0
32292,203,0
32297,1,1
32297,2,0
32297,3,1
32297,5,1
32297,6,1
32297,7,1
32297,56,1
32297,57,1
32297,59,1
32297,60,1
32297,61,1
32297,63,1
32297,64,1
32297,65,1
32297,66,1
32297,67,1
32297,72,1
32297,73,1
32297,74,1
32297,82,1
32297,83,1
32297,84,1
32297,86,1
32297,87,1
32297,88,1
32297,90,1
32297,91,1
32297,92,0
32297,93,0
32297,147,1
32297,148,0
32297,149,0
32297,150,0
32297,194,0
32297,196,0
32297,197,0
32297,198,0
32297,200,0
32297,201,0
32297,202,0
32297,203,0
32298,1,1
32298,2,0
32298,3,1
32298,5,1
32298,6,1
32298,7,1
32298,49,1
32298,50,1
32298,52,1
32298,53,1
32298,54,1
32298,56,1
32298,57,1
32298,59,1
32298,60,1
32298,61,1
32298,63,1
32298,64,1
32298,65,1
32298,66,1
32298,67,1
32298,72,1
32298,73,1
32298,74,1
32298,82,1
32298,83,1
32298,84,1
32298,86,1
32298,87,1
32298,88,1
32298,90,1
32298,91,1
32298,92,1
32298,93,1
32298,147,1
32298,148,0
32298,149,0
32298,150,0
32298,194,0
32298,196,0
32298,197,0
32298,198,0
32298,200,0
32298,201,0
32298,202,0
32298,203,0
32302,1,1
32302,2,0
32302,3,1
32302,5,1
32302,6,1
32302,7,1
32302,49,0
32302,50,0
32302,52,1
32302,53,1
32302,54,1
32302,56,1
32302,57,1
32302,59,1
32302,60,1
32302,61,1
32302,63,1
32302,64,1
32302,65,1
32302,66,1
32302,67,1
32302,72,1
32302,73,1
32302,74,1
32302,82,1
32302,83,1
32302,84,1
32302,86,1
32302,87,1
32302,88,1
32302,90,1
32302,91,1
32302,92,1
32302,93,1
32302,147,1
32302,148,0
32302,149,0
32302,150,0
32302,194,0
32302,196,0
32302,197,0
32302,198,0
32302,200,0
32302,201,0
32302,202,0
32302,203,0
32303,1,1
32303,2,0
32303,3,1
32303,5,1
32303,6,1
32303,7,1
32303,49,0
32303,50,1
32303,52,1
32303,53,1
32303,54,1
32303,56,1
32303,57,1
32303,59,1
32303,60,1
32303,61,1
32303,63,1
32303,64,1
32303,65,1
32303,66,1
32303,67,1
32303,72,1
32303,73,1
32303,74,1
32303,82,1
32303,83,1
32303,84,1
32303,90,1
32303,91,1
32303,92,1
32303,93,1
32303,147,1
32303,148,0
32303,149,0
32303,150,0
32303,194,0
32303,196,0
32303,197,0
32303,198,0
32303,200,0
32303,201,1
32303,202,0
32303,203,0
32310,1,1
32310,2,0
32310,3,1
32310,5,1
32310,6,1
32310,7,1
32310,49,1
32310,50,1
32310,52,1
32310,53,1
32310,54,1
32310,56,1
32310,57,1
32310,59,1
32310,60,1
32310,61,1
32310,63,1
32310,64,1
32310,65,1
32310,66,1
32310,67,1
32310,72,0
32310,73,1
32310,74,1
32310,82,1
32310,83,1
32310,84,1
32310,86,1
32310,87,1
32310,88,1
32310,90,0
32310,91,0
32310,92,0
32310,93,0
32310,147,1
32310,148,0
32310,149,0
32310,150,0
32310,194,0
32310,196,0
32310,197,0
32310,198,0
32310,200,0
32310,201,0
32310,202,0
32310,203,0
32311,1,1
32311,2,0
32311,3,1
32311,5,1
32311,6,1
32311,7,1
32311,29,0
32311,30,0
32311,31,0
32311,32,0
32311,33,0
32311,34,0
32311,35,0
32311,36,0
32311,37,0
32311,39,1
32311,49,1
32311,50,1
32311,52,1
32311,53,1
32311,54,1
32311,56,1
32311,57,1
32311,59,1
32311,60,1
32311,61,1
32311,63,1
32311,64,1
32311,65,1
32311,66,1
32311,67,1
32311,72,0
32311,73,1
32311,74,1
32311,82,1
32311,83,1
32311,84,1
32311,86,1
32311,87,1
32311,88,1
32311,90,1
32311,91,0
32311,92,0
32311,93,0
32311,147,1
32311,148,0
32311,149,0
32311,150,0
32311,194,0
32311,196,0
32311,197,0
32311,198,0
32311,200,0
32311,201,1
32311,202,1
32311,203,0
32312,1,1
32312,2,1
32312,3,0
32312,5,1
32312,6,1
32312,7,1
32312,9,1
32312,10,0
32312,11,0
32312,12,0
32312,49,1
32312,50,1
32312,52,1
32312,53,1
32312,54,1
32312,56,1
32312,57,1
32312,59,1
32312,60,1
32312,61,1
32312,63,1
32312,64,1
32312,65,1
32312,66,1
32312,67,1
32312,72,1
32312,73,1
32312,74,1
32312,82,1
32312,83,1
32312,84,1
32312,86,1
32312,87,1
32312,88,1
32312,90,1
32312,91,1
32312,92,1
32312,93,1
32312,147,0
32312,148,1
32312,149,0
32312,150,0
32312,152,1
32312,153,0
32312,154,0
32312,155,0
32312,157,0
32312,159,0
32312,160,0
32312,164,0
32312,170,1
32312,171,1
32312,172,0
32312,173,0
32312,174,0
32312,175,0
32312,176,1
32312,177,0
32312,178,0
32312,181,0
32312,182,0
32312,183,0
32312,184,0
32312,194,0
32312,196,0
32312,197,0
32312,198,0
32312,200,0
32312,201,1
32312,202,0
32312,203,0
32313,1,1
32313,2,0
32313,3,1
32313,5,1
32313,6,1
32313,7,1
32313,9,0
32313,10,0
32313,11,0
32313,12,1
32313,29,0
32313,30,0
32313,31,0
32313,32,0
32313,33,0
32313,34,0
32313,35,0
32313,36,0
32313,37,0
32313,39,1
32313,49,1
32313,50,1
32313,52,1
32313,53,1
32313,54,1
32313,56,1
32313,57,1
32313,59,1
32313,60,1
32313,61,1
32313,63,0
32313,64,1
32313,65,1
32313,66,1
32313,67,1
32313,72,0
32313,73,0
32313,74,0
32313,82,1
32313,83,1
32313,84,1
32313,86,1
32313,87,1
32313,88,1
32313,90,1
32313,91,1
32313,92,1
32313,93,1
32313,147,1
32313,148,0
32313,149,0
32313,150,0
32313,194,1
32313,196,1
32313,197,0
32313,198,0
32313,200,0
32313,201,1
32313,202,0
32313,203,0
32448,1,1
32448,2,0
32448,3,1
32448,5,1
32448,6,1
32448,7,1
32448,49,1
32448,50,1
32448,52,1
32448,53,1
32448,54,1
32448,56,1
32448,57,1
32448,59,1
32448,60,1
32448,61,1
32448,63,1
32448,64,1
32448,65,1
32448,66,1
32448,67,1
32448,72,0
32448,73,0
32448,74,1
32448,82,1
32448,83,1
32448,84,1
32448,86,1
32448,87,1
32448,88,1
32448,90,1
32448,91,1
32448,92,1
32448,93,1
32448,147,1
32448,148,0
32448,149,0
32448,150,0
32448,194,0
32448,196,0
32448,197,0
32448,198,0
32448,200,0
32448,201,1
32448,202,0
32448,203,0
32449,1,1
32449,2,1
32449,3,0
32449,5,1
32449,6,1
32449,7,1
32449,49,0
32449,50,1
32449,52,1
32449,53,1
32449,54,1
32449,56,1
32449,57,1
32449,59,1
32449,60,1
32449,61,1
32449,63,1
32449,64,1
32449,65,1
32449,66,1
32449,67,1
32449,72,1
32449,73,1
32449,74,1
32449,82,1
32449,83,1
32449,84,1
32449,86,1
32449,87,1
32449,88,1
32449,90,1
32449,91,1
32449,92,1
32449,93,1
32449,147,1
32449,148,0
32449,149,0
32449,150,0
32449,194,0
32449,196,0
32449,197,0
32449,198,0
32449,200,0
32449,201,1
32449,202,0
32449,203,0
32450,1,1
32450,5,1
32450,6,1
32450,7,1
32450,29,0
32450,30,0
32450,31,0
32450,32,1
32450,33,0
32450,34,1
32450,35,0
32450,36,0
32450,37,0
32450,39,0
32450,40,0
32450,41,0
32450,49,1
32450,50,1
32450,52,1
32450,53,1
32450,54,1
32450,56,1
32450,57,1
32450,59,1
32450,60,1
32450,61,1
32450,63,1
32450,64,1
32450,65,1
32450,66,1
32450,67,1
32450,72,1
32450,73,1
32450,74,1
32450,82,1
32450,83,1
32450,84,1
32450,90,1
32450,91,1
32450,92,1
32450,93,1
32450,147,1
32450,148,0
32450,149,0
32450,150,0
32450,194,0
32450,196,0
32450,197,0
32450,198,0
32450,200,0
32450,201,1
32450,202,0
32450,203,0
32454,1,1
32454,5,1
32454,6,1
32454,7,1
32454,49,1
32454,50,1
32454,52,1
32454,53,1
32454,54,1
32454,56,1
32454,57,1
32454,59,1
32454,60,1
32454,61,1
32454,63,1
32454,64,1
32454,65,1
32454,66,1
32454,67,1
32454,72,1
32454,73,1
32454,74,1
32454,82,1
32454,83,1
32454,84,1
32454,86,1
32454,87,1
32454,88,1
32454,90,1
32454,91,0
32454,92,0
32454,93,0
32454,147,1
32454,148,0
32454,149,0
32454,150,0
32454,194,0
32454,196,0
32454,197,0
32454,198,0
32454,200,0
32454,201,0
32454,202,0
32454,203,0
32456,1,1
32456,2,0
32456,3,1
32456,5,1
32456,6,1
32456,7,1
32456,9,0
32456,10,1
32456,11,0
32456,12,0
32456,29,0
32456,30,0
32456,31,0
32456,32,0
32456,33,0
32456,34,0
32456,35,0
32456,36,0
32456,37,0
32456,39,1
32456,147,1
32456,148,0
32456,149,0
32456,150,0
32456,194,1
32456,196,0
32456,197,0
32456,198,0
32456,200,0
32456,201,1
32456,202,0
32456,203,0
32462,1,1
32462,2,0
32462,3,1
32462,5,1
32462,6,1
32462,7,1
32462,9,0
32462,10,1
32462,11,0
32462,12,0
32462,29,1
32462,30,1
32462,31,0
32462,32,0
32462,33,0
32462,34,0
32462,35,0
32462,36,0
32462,37,0
32462,39,0
32462,40,0
32462,41,0
32462,72,1
32462,73,1
32462,74,1
32462,82,1
32462,83,1
32462,84,1
32462,86,1
32462,87,1
32462,88,1
32462,90,1
32462,91,1
32462,92,1
32462,93,1
32462,147,1
32462,148,0
32462,149,0
32462,150,0
32462,194,0
32462,196,0
32462,197,0
32462,198,0
32462,200,0
32462,201,1
32462,202,0
32462,203,0
32463,1,1
32463,2,0
32463,3,1
32463,5,1
32463,6,1
32463,7,1
32463,49,1
32463,50,1
32463,52,1
32463,53,1
32463,54,1
32463,56,1
32463,57,1
32463,59,1
32463,60,1
32463,61,1
32463,63,1
32463,64,1
32463,65,1
32463,66,1
32463,67,1
32463,72,0
32463,73,1
32463,74,1
32463,82,1
32463,83,1
32463,84,1
32463,86,1
32463,87,1
32463,88,1
32463,90,1
32463,91,1
32463,92,1
32463,93,1
32463,147,1
32463,148,0
32463,149,0
32463,150,0
32463,194,0
32463,196,0
32463,197,0
32463,198,0
32463,200,0
32463,201,1
32463,202,0
32463,203,0
32465,1,1
32465,2,1
32465,3,0
32465,5,1
32465,6,1
32465,7,1
32465,49,1
32465,50,1
32465,52,1
32465,53,1
32465,54,1
32465,56,1
32465,57,1
32465,59,1
32465,60,1
32465,61,1
32465,63,1
32465,64,1
32465,65,1
32465,66,1
32465,67,1
32465,72,1
32465,73,1
32465,74,1
32465,82,1
32465,83,1
32465,84,1
32465,86,1
32465,87,1
32465,88,1
32465,90,1
32465,91,1
32465,92,1
32465,93,1
32465,147,1
32465,148,0
32465,149,0
32465,150,0
32465,194,0
32465,196,0
32465,197,0
32465,198,0
32465,200,0
32465,201,1
32465,202,0
32465,203,0
32469,1,1
32469,5,1
32469,6,1
32469,7,1
32469,49,1
32469,50,1
32469,52,1
32469,53,1
32469,54,1
32469,56,1
32469,57,1
32469,59,1
32469,60,1
32469,61,1
32469,63,1
32469,64,1
32469,65,1
32469,66,1
32469,67,1
32469,72,1
32469,73,1
32469,74,1
32469,82,1
32469,83,1
32469,84,1
32469,86,1
32469,87,1
32469,88,1
32469,90,1
32469,91,1
32469,92,1
32469,93,1
32469,147,1
32469,148,0
32469,149,0
32469,150,0
32469,194,0
32469,196,0
32469,197,0
32469,198,0
32469,200,0
32469,201,0
32469,202,0
32469,203,0
32471,1,1
32471,2,0
32471,3,1
32471,5,1
32471,6,1
32471,7,1
32471,72,1
32471,73,1
32471,74,1
32471,82,1
32471,83,1
32471,84,1
32471,86,1
32471,87,1
32471,88,1
32471,90,1
32471,91,1
32471,92,1
32471,93,1
32471,147,1
32471,148,0
32471,149,0
32471,150,0
32471,194,0
32471,196,0
32471,197,0
32471,198,0
32471,200,0
32471,201,0
32471,202,0
32471,203,0
32485,1,1
32485,2,0
32485,3,1
32485,5,1
32485,6,1
32485,7,1
32485,29,0
32485,30,0
32485,31,0
32485,32,0
32485,33,0
32485,34,0
32485,35,0
32485,36,0
32485,37,0
32485,39,1
32485,49,1
32485,50,1
32485,52,1
32485,53,1
32485,54,1
32485,56,1
32485,57,1
32485,59,1
32485,60,1
32485,61,1
32485,63,1
32485,64,1
32485,65,1
32485,66,1
32485,67,1
32485,72,1
32485,73,1
32485,74,1
32485,82,1
32485,83,1
32485,84,1
32485,86,1
32485,87,1
32485,88,1
32485,90,1
32485,91,1
32485,92,1
32485,93,1
32485,147,1
32485,148,0
32485,149,0
32485,150,0
32485,194,1
32485,196,1
32485,197,0
32485,198,0
32485,200,0
32485,201,1
32485,202,0
32485,203,0
32486,1,1
32486,2,0
32486,3,1
32486,5,1
32486,6,1
32486,7,1
32486,29,1
32486,32,0
32486,33,0
32486,34,0
32486,35,0
32486,36,0
32486,37,0
32486,39,0
32486,40,0
32486,41,0
32486,49,0
32486,50,0
32486,52,1
32486,53,1
32486,54,1
32486,56,1
32486,57,1
32486,59,1
32486,60,1
32486,61,1
32486,63,1
32486,64,1
32486,65,1
32486,66,1
32486,67,1
32486,72,1
32486,73,1
32486,74,1
32486,82,1
32486,83,1
32486,84,1
32486,86,1
32486,87,1
32486,88,1
32486,90,1
32486,91,1
32486,92,1
32486,93,1
32486,147,1
32486,148,0
32486,149,0
32486,150,0
32486,194,0
32486,196,0
32486,197,0
32486,198,0
32486,200,0
32486,201,0
32486,202,1
32486,203,0
32487,1,1
32487,2,0
32487,3,1
32487,5,1
32487,6,1
32487,7,1
32487,49,1
32487,50,1
32487,52,1
32487,53,1
32487,54,1
32487,56,1
32487,57,1
32487,59,1
32487,60,1
32487,61,1
32487,63,1
32487,64,1
32487,65,1
32487,66,1
32487,67,1
32487,72,1
32487,73,1
32487,74,1
32487,82,1
32487,83,1
32487,84,1
32487,86,1
32487,87,1
32487,88,1
32487,90,1
32487,91,1
32487,92,1
32487,93,1
32487,147,1
32487,148,0
32487,149,0
32487,150,0
32487,194,0
32487,196,0
32487,197,0
32487,198,0
32487,200,0
32487,201,0
32487,202,0
32487,203,0
32488,1,1
32488,2,0
32488,3,1
32488,5,1
32488,6,1
32488,7,1
32488,9,0
32488,10,1
32488,11,0
32488,12,0
32488,29,0
32488,30,0
32488,31,0
32488,32,0
32488,33,0
32488,34,0
32488,35,0
32488,36,0
32488,37,0
32488,39,1
32488,49,1
32488,50,1
32488,52,1
32488,53,1
32488,54,1
32488,56,1
32488,57,1
32488,59,1
32488,60,1
32488,61,1
32488,63,1
32488,64,1
32488,65,1
32488,66,1
32488,67,1
32488,72,1
32488,73,1
32488,74,1
32488,82,1
32488,83,1
32488,84,1
32488,86,1
32488,87,1
32488,88,1
32488,90,1
32488,91,1
32488,92,1
32488,93,0
32488,147,1
32488,148,0
32488,149,0
32488,150,0
32488,194,0
32488,196,0
32488,197,0
32488,198,0
32488,200,0
32488,201,1
32488,202,0
32488,203,0
32489,1,1
32489,2,0
32489,3,1
32489,5,1
32489,6,1
32489,7,1
32489,49,1
32489,50,1
32489,52,1
32489,53,1
32489,54,1
32489,56,1
32489,57,1
32489,59,1
32489,60,1
32489,61,1
32489,63,1
32489,64,1
32489,65,1
32489,66,1
32489,67,1
32489,72,1
32489,73,1
32489,74,1
32489,82,1
32489,83,1
32489,84,1
32489,86,1
32489,87,1
32489,88,1
32489,90,1
32489,91,1
32489,92,1
32489,93,1
32489,147,1
32489,148,0
32489,149,0
32489,150,0
32489,194,0
32489,196,0
32489,197,0
32489,198,0
32489,200,0
32489,201,1
32489,202,0
32489,203,0
32494,1,1
32494,2,0
32494,3,1
32494,5,1
32494,6,1
32494,7,1
32494,49,1
32494,50,1
32494,52,1
32494,53,1
32494,54,1
32494,56,1
32494,57,1
32494,59,1
32494,60,1
32494,61,1
32494,63,1
32494,64,1
32494,65,1
32494,66,1
32494,67,1
32494,72,1
32494,73,1
32494,74,1
32494,82,1
32494,83,1
32494,84,1
32494,86,1
32494,87,1
32494,88,1
32494,90,1
32494,91,1
32494,92,1
32494,93,1
32494,147,1
32494,148,0
32494,149,0
32494,150,0
32494,194,0
32494,196,1
32494,197,0
32494,198,0
32494,200,0
32494,201,1
32494,202,0
32494,203,0
32495,1,1
32495,2,0
32495,3,1
32495,5,1
32495,6,1
32495,7,1
32495,72,1
32495,73,1
32495,74,1
32495,82,1
32495,83,1
32495,84,1
32495,86,1
32495,87,1
32495,88,1
32495,90,1
32495,91,1
32495,92,1
32495,93,1
32495,147,1
32495,148,0
32495,149,0
32495,150,0
32495,194,0
32495,196,0
32495,197,0
32495,198,0
32495,200,0
32495,201,1
32495,202,0
32495,203,0
32496,1,1
32496,2,0
32496,3,1
32496,5,1
32496,6,1
32496,7,1
32496,9,0
32496,10,1
32496,11,0
32496,12,0
32496,72,0
32496,73,0
32496,74,1
32496,82,1
32496,83,1
32496,84,1
32496,86,1
32496,87,1
32496,88,1
32496,90,1
32496,91,1
32496,92,1
32496,93,1
32496,147,1
32496,148,0
32496,149,0
32496,150,0
32496,194,0
32496,196,0
32496,197,0
32496,198,0
32496,200,0
32496,201,0
32496,202,0
32496,203,0
32500,1,1
32500,2,0
32500,3,1
32500,5,1
32500,6,1
32500,7,1
32500,49,1
32500,50,1
32500,52,1
32500,53,1
32500,54,1
32500,56,1
32500,57,1
32500,59,1
32500,60,1
32500,61,1
32500,63,1
32500,64,1
32500,65,1
32500,66,1
32500,67,1
32500,72,1
32500,73,1
32500,74,1
32500,82,1
32500,83,1
32500,84,1
32500,86,1
32500,87,1
32500,88,1
32500,90,1
32500,91,1
32500,92,1
32500,93,1
32500,147,1
32500,148,0
32500,149,0
32500,150,0
32500,194,0
32500,196,0
32500,197,0
32500,198,0
32500,200,0
32500,201,1
32500,202,0
32500,203,0
32507,1,1
32507,2,1
32507,3,0
32507,5,1
32507,6,1
32507,7,1
32507,49,1
32507,50,1
32507,52,1
32507,53,1
32507,54,1
32507,56,1
32507,57,1
32507,59,1
32507,60,1
32507,61,1
32507,63,1
32507,64,1
32507,65,1
32507,66,1
32507,67,1
32507,72,1
32507,73,1
32507,74,1
32507,82,1
32507,83,1
32507,84,1
32507,86,1
32507,87,1
32507,88,1
32507,90,1
32507,91,1
32507,92,1
32507,93,1
32507,147,1
32507,148,0
32507,149,0
32507,150,0
32507,194,0
32507,196,0
32507,197,0
32507,198,0
32507,200,0
32507,201,1
32507,202,0
32507,203,0
32509,1,1
32509,2,0
32509,3,1
32509,5,1
32509,6,1
32509,7,1
32509,72,1
32509,73,1
32509,74,1
32509,82,1
32509,83,1
32509,84,1
32509,86,1
32509,87,1
32509,88,1
32509,90,1
32509,91,1
32509,92,1
32509,93,1
32509,147,1
32509,148,0
32509,149,0
32509,150,0
32509,194,0
32509,196,0
32509,197,0
32509,198,0
32509,200,0
32509,201,0
32509,202,0
32509,203,0
32761,1,1
32761,2,1
32761,3,0
32761,5,1
32761,6,1
32761,7,1
32761,9,0
32761,10,0
32761,11,0
32761,12,1
32761,49,1
32761,50,1
32761,52,1
32761,53,1
32761,54,1
32761,56,1
32761,57,1
32761,59,1
32761,60,1
32761,61,1
32761,63,1
32761,64,1
32761,65,1
32761,66,1
32761,67,1
32761,72,1
32761,73,1
32761,74,1
32761,82,1
32761,83,1
32761,84,1
32761,86,1
32761,87,1
32761,88,1
32761,90,1
32761,91,0
32761,92,0
32761,93,0
32761,147,1
32761,148,0
32761,149,0
32761,150,0
32761,194,0
32761,196,0
32761,197,0
32761,198,0
32761,200,0
32761,201,1
32761,202,0
32761,203,0
32763,1,1
32763,2,0
32763,3,1
32763,5,1
32763,6,1
32763,7,1
32763,29,1
32763,32,0
32763,33,0
32763,34,0
32763,35,0
32763,36,0
32763,37,0
32763,39,0
32763,40,0
32763,41,0
32763,49,1
32763,50,1
32763,52,1
32763,53,1
32763,54,1
32763,56,1
32763,57,1
32763,59,1
32763,60,1
32763,61,1
32763,63,1
32763,64,1
32763,65,1
32763,66,1
32763,67,1
32763,72,0
32763,73,1
32763,74,1
32763,82,1
32763,83,1
32763,84,1
32763,86,1
32763,87,1
32763,88,1
32763,90,1
32763,91,0
32763,92,0
32763,93,0
32763,147,1
32763,148,0
32763,149,0
32763,150,0
32763,194,0
32763,196,0
32763,197,0
32763,198,0
32763,200,0
32763,201,1
32763,202,0
32763,203,0
32766,1,1
32766,2,0
32766,3,1
32766,5,1
32766,6,1
32766,7,1
32766,29,1
32766,30,0
32766,31,1
32766,32,0
32766,33,0
32766,34,0
32766,35,0
32766,36,0
32766,37,0
32766,39,0
32766,40,0
32766,41,0
32766,49,1
32766,50,1
32766,52,1
32766,53,1
32766,54,1
32766,56,1
32766,57,1
32766,59,1
32766,60,1
32766,61,1
32766,63,1
32766,64,1
32766,65,1
32766,66,1
32766,67,1
32766,72,0
32766,73,1
32766,74,1
32766,82,1
32766,83,1
32766,84,1
32766,86,1
32766,87,1
32766,88,1
32766,90,1
32766,91,1
32766,92,1
32766,93,1
32766,147,1
32766,148,0
32766,149,0
32766,150,0
32766,194,0
32766,196,0
32766,197,0
32766,198,0
32766,200,0
32766,201,0
32766,202,0
32766,203,0
32776,1,1
32776,5,1
32776,6,1
32776,7,1
32776,49,1
32776,50,1
32776,52,1
32776,53,1
32776,54,1
32776,56,1
32776,57,1
32776,59,1
32776,60,1
32776,61,1
32776,63,1
32776,64,1
32776,65,1
32776,66,1
32776,67,1
32776,72,1
32776,73,1
32776,74,1
32776,82,1
32776,83,1
32776,84,1
32776,86,1
32776,87,1
32776,88,1
32776,90,1
32776,91,1
32776,92,1
32776,93,1
32776,147,0
32776,148,0
32776,149,1
32776,150,0
32776,152,1
32776,153,0
32776,154,0
32776,155,0
32776,157,0
32776,159,0
32776,160,0
32776,164,0
32776,170,1
32776,171,1
32776,172,0
32776,173,1
32776,174,0
32776,175,0
32776,176,0
32776,177,0
32776,178,0
32776,181,0
32776,182,0
32776,183,0
32776,184,0
32776,194,1
32776,196,0
32776,197,0
32776,198,0
32776,200,0
32776,201,1
32776,202,0
32776,203,0
32782,1,1
32782,2,0
32782,3,1
32782,5,1
32782,6,1
32782,7,1
32782,49,1
32782,50,1
32782,52,1
32782,53,1
32782,54,1
32782,56,1
32782,57,1
32782,59,1
32782,60,1
32782,61,1
32782,63,1
32782,64,1
32782,65,1
32782,66,1
32782,67,1
32782,72,1
32782,73,1
32782,74,1
32782,82,1
32782,83,1
32782,84,1
32782,86,1
32782,87,1
32782,88,1
32782,90,1
32782,91,1
32782,92,1
32782,93,1
32782,147,1
32782,148,0
32782,149,0
32782,150,0
32782,194,0
32782,196,0
32782,197,0
32782,198,0
32782,200,0
32782,201,1
32782,202,0
32782,203,0
32786,1,1
32786,2,0
32786,3,1
32786,5,1
32786,6,1
32786,7,1
32786,49,1
32786,50,1
32786,52,1
32786,53,1
32786,54,1
32786,56,1
32786,57,1
32786,59,1
32786,60,1
32786,61,1
32786,72,1
32786,73,1
32786,74,1
32786,82,1
32786,83,1
32786,84,1
32786,86,1
32786,87,1
32786,88,1
32786,90,1
32786,91,0
32786,92,0
32786,93,0
32786,147,1
32786,148,0
32786,149,0
32786,150,0
32786,194,0
32786,196,0
32786,197,0
32786,198,0
32786,200,0
32786,201,1
32786,202,0
32786,203,0
32792,1,1
32792,2,1
32792,3,0
32792,5,1
32792,6,1
32792,7,1
32792,49,1
32792,50,1
32792,52,1
32792,53,1
32792,54,1
32792,56,1
32792,57,1
32792,59,1
32792,60,1
32792,61,1
32792,63,1
32792,64,1
32792,65,1
32792,66,1
32792,67,1
32792,72,1
32792,73,1
32792,74,1
32792,82,1
32792,83,1
32792,84,1
32792,86,1
32792,87,1
32792,88,1
32792,90,1
32792,91,1
32792,92,1
32792,93,1
32792,147,1
32792,148,0
32792,149,0
32792,150,0
32792,194,0
32792,196,0
32792,197,0
32792,198,0
32792,200,0
32792,201,0
32792,202,0
32792,203,0
32794,1,1
32794,2,1
32794,3,0
32794,5,1
32794,6,1
32794,7,1
32794,29,0
32794,30,0
32794,31,0
32794,32,0
32794,33,0
32794,34,0
32794,35,1
32794,36,1
32794,37,0
32794,39,0
32794,40,0
32794,41,0
32794,49,1
32794,50,1
32794,52,1
32794,53,1
32794,54,1
32794,56,1
32794,57,1
32794,59,1
32794,60,1
32794,61,1
32794,63,1
32794,64,1
32794,65,1
32794,66,1
32794,67,1
32794,72,1
32794,73,1
32794,74,1
32794,82,1
32794,83,1
32794,84,1
32794,86,1
32794,87,1
32794,88,1
32794,90,1
32794,91,1
32794,92,1
32794,93,1
32794,147,1
32794,148,0
32794,149,0
32794,150,0
32794,194,0
32794,196,0
32794,197,0
32794,198,0
32794,200,0
32794,201,1
32794,202,0
32794,203,0
32796,1,1
32796,2,0
32796,3,1
32796,5,1
32796,6,1
32796,7,1
32796,29,1
32796,30,1
32796,31,0
32796,32,0
32796,33,0
32796,34,0
32796,35,0
32796,36,0
32796,37,0
32796,39,0
32796,40,0
32796,41,0
32796,49,1
32796,50,1
32796,52,1
32796,53,1
32796,54,1
32796,56,1
32796,57,1
32796,59,1
32796,60,1
32796,61,1
32796,63,1
32796,64,1
32796,65,1
32796,66,1
32796,67,1
32796,72,1
32796,73,1
32796,74,1
32796,82,1
32796,83,1
32796,84,1
32796,86,1
32796,87,1
32796,88,1
32796,90,1
32796,91,1
32796,92,1
32796,93,1
32796,147,1
32796,148,0
32796,149,0
32796,150,0
32796,194,0
32796,196,0
32796,197,0
32796,198,0
32796,200,0
32796,201,1
32796,202,0
32796,203,0
32797,1,1
32797,2,0
32797,3,1
32797,5,1
32797,6,1
32797,7,1
32797,9,1
32797,10,0
32797,11,0
32797,12,0
32797,29,1
32797,30,0
32797,31,1
32797,32,0
32797,33,0
32797,34,0
32797,35,0
32797,36,0
32797,37,0
32797,39,0
32797,40,0
32797,41,0
32797,49,1
32797,50,1
32797,52,1
32797,53,1
32797,54,1
32797,56,1
32797,57,1
32797,59,1
32797,60,1
32797,61,1
32797,63,1
32797,64,1
32797,65,1
32797,66,1
32797,67,1
32797,72,1
32797,73,1
32797,74,1
32797,82,1
32797,83,1
32797,84,1
32797,86,1
32797,87,1
32797,88,1
32797,90,1
32797,91,1
32797,92,1
32797,93,1
32797,147,1
32797,148,0
32797,149,0
32797,150,0
32797,194,0
32797,196,0
32797,197,0
32797,198,0
32797,200,0
32797,201,0
32797,202,0
32797,203,0
32807,1,1
32807,2,0
32807,3,1
32807,5,1
32807,6,1
32807,7,1
32807,147,1
32807,148,0
32807,149,0
32807,150,0
32807,194,0
32807,196,0
32807,197,0
32807,198,0
32807,200,0
32807,201,1
32807,202,0
32807,203,0
32818,1,1
32818,2,0
32818,3,1
32818,5,1
32818,6,1
32818,7,1
32818,49,1
32818,50,1
32818,52,1
32818,53,1
32818,54,1
32818,56,1
32818,57,1
32818,59,1
32818,60,1
32818,61,1
32818,63,1
32818,64,1
32818,65,1
32818,66,1
32818,67,1
32818,72,1
32818,73,1
32818,74,1
32818,82,1
32818,83,1
32818,84,1
32818,86,1
32818,87,1
32818,88,1
32818,90,0
32818,91,0
32818,92,0
32818,93,0
32818,147,0
32818,148,1
32818,149,0
32818,150,0
32818,152,1
32818,153,1
32818,154,0
32818,155,1
32818,157,0
32818,159,0
32818,160,0
32818,164,0
32818,170,0
32818,171,0
32818,172,0
32818,173,0
32818,174,0
32818,175,0
32818,176,0
32818,177,0
32818,178,0
32818,181,0
32818,182,0
32818,183,0
32818,184,0
32818,194,0
32818,196,0
32818,197,0
32818,198,0
32818,200,0
32818,201,1
32818,202,0
32818,203,0
32826,1,1
32826,2,0
32826,3,1
32826,5,1
32826,6,1
32826,7,1
32826,56,1
32826,57,1
32826,59,1
32826,60,1
32826,61,1
32826,63,1
32826,64,1
32826,65,1
32826,66,1
32826,67,1
32826,72,1
32826,73,1
32826,74,1
32826,82,1
32826,83,1
32826,84,1
32826,86,1
32826,87,1
32826,88,1
32826,90,1
32826,91,1
32826,92,1
32826,93,1
32826,147,1
32826,148,0
32826,149,0
32826,150,0
32826,194,0
32826,196,0
32826,197,0
32826,198,0
32826,200,0
32826,201,1
32826,202,0
32826,203,0
32827,1,1
32827,2,0
32827,3,1
32827,5,1
32827,6,1
32827,7,1
32827,9,0
32827,10,1
32827,11,0
32827,12,0
32827,29,1
32827,30,1
32827,31,1
32827,32,0
32827,33,0
32827,34,0
32827,35,0
32827,36,0
32827,37,0
32827,39,0
32827,40,0
32827,41,0
32827,49,1
32827,50,1
32827,52,1
32827,53,1
32827,54,1
32827,56,1
32827,57,1
32827,59,1
32827,60,1
32827,61,1
32827,63,1
32827,64,1
32827,65,1
32827,66,1
32827,67,1
32827,72,1
32827,73,1
32827,74,1
32827,82,1
32827,83,1
32827,84,1
32827,86,1
32827,87,1
32827,88,1
32827,90,1
32827,91,1
32827,92,1
32827,93,1
32827,147,1
32827,148,0
32827,149,0
32827,150,0
32827,194,0
32827,196,0
32827,197,0
32827,198,0
32827,200,0
32827,201,1
32827,202,0
32827,203,1
32828,1,1
32828,2,0
32828,3,1
32828,5,1
32828,6,1
32828,7,1
32828,29,1
32828,32,0
32828,33,0
32828,34,0
32828,35,0
32828,36,0
32828,37,0
32828,39,0
32828,40,0
32828,41,0
32828,49,1
32828,50,1
32828,52,1
32828,53,1
32828,54,1
32828,56,1
32828,57,1
32828,59,1
32828,60,1
32828,61,1
32828,63,1
32828,64,1
32828,65,1
32828,66,1
32828,67,1
32828,72,1
32828,73,1
32828,74,1
32828,82,1
32828,83,1
32828,84,1
32828,86,1
32828,87,1
32828,88,1
32828,90,1
32828,91,1
32828,92,1
32828,93,1
32828,147,1
32828,148,0
32828,149,0
32828,150,0
32828,194,0
32828,196,0
32828,197,0
32828,198,0
32828,200,0
32828,201,0
32828,202,0
32828,203,0
32832,1,1
32832,2,1
32832,3,0
32832,5,1
32832,6,1
32832,7,1
32832,9,0
32832,10,0
32832,11,1
32832,12,0
32832,29,0
32832,30,0
32832,31,0
32832,32,0
32832,33,0
32832,34,0
32832,35,0
32832,36,0
32832,37,0
32832,39,1
32832,49,1
32832,50,1
32832,52,1
32832,53,1
32832,54,1
32832,56,1
32832,57,1
32832,59,1
32832,60,1
32832,61,1
32832,63,1
32832,64,1
32832,65,1
32832,66,1
32832,67,1
32832,72,1
32832,73,1
32832,74,1
32832,82,1
32832,83,1
32832,84,1
32832,86,1
32832,87,1
32832,88,1
32832,90,1
32832,91,1
32832,92,1
32832,93,1
32832,147,0
32832,148,0
32832,149,1
32832,150,0
32832,152,1
32832,153,1
32832,154,0
32832,155,1
32832,157,1
32832,159,1
32832,160,0
32832,164,0
32832,170,0
32832,171,0
32832,172,0
32832,173,0
32832,174,0
32832,175,0
32832,176,0
32832,177,0
32832,178,0
32832,181,0
32832,182,0
32832,183,0
32832,184,0
32832,194,0
32832,196,0
32832,197,0
32832,198,0
32832,200,0
32832,201,1
32832,202,1
32832,203,0
32841,1,1
32841,5,1
32841,6,1
32841,7,1
32841,49,1
32841,50,1
32841,52,1
32841,53,1
32841,54,1
32841,56,1
32841,57,1
32841,59,1
32841,60,1
32841,61,1
32841,63,1
32841,64,1
32841,65,1
32841,66,1
32841,67,1
32841,72,1
32841,73,1
32841,74,1
32841,82,1
32841,83,1
32841,84,1
32841,86,1
32841,87,1
32841,88,1
32841,90,1
32841,91,1
32841,92,1
32841,93,1
32841,147,1
32841,148,0
32841,149,0
32841,150,0
32841,194,0
32841,196,0
32841,197,0
32841,198,0
32841,200,0
32841,201,1
32841,202,0
32841,203,0
32847,1,1
32847,5,1
32847,6,1
32847,7,1
32847,49,1
32847,50,1
32847,52,1
32847,53,1
32847,54,1
32847,56,1
32847,57,1
32847,59,1
32847,60,1
32847,61,1
32847,63,1
32847,64,1
32847,65,1
32847,66,1
32847,67,1
32847,72,1
32847,73,1
32847,74,1
32847,82,1
32847,83,1
32847,84,1
32847,86,1
32847,87,1
32847,88,1
32847,90,1
32847,91,1
32847,92,1
32847,93,1
32847,147,1
32847,148,0
32847,149,0
32847,150,0
32847,194,0
32847,196,0
32847,197,0
32847,198,0
32847,200,0
32847,201,1
32847,202,0
32847,203,0
32851,1,1
32851,2,0
32851,3,1
32851,5,1
32851,6,1
32851,7,1
32851,49,1
32851,50,1
32851,52,1
32851,53,1
32851,54,1
32851,56,1
32851,57,1
32851,59,1
32851,60,1
32851,61,1
32851,63,1
32851,64,1
32851,65,1
32851,66,1
32851,67,1
32851,72,1
32851,73,1
32851,74,1
32851,82,1
32851,83,1
32851,84,1
32851,86,1
32851,87,1
32851,88,1
32851,90,1
32851,91,1
32851,92,1
32851,93,1
32851,147,1
32851,148,0
32851,149,0
32851,150,0
32851,194,1
32851,196,0
32851,197,0
32851,198,0
32851,200,0
32851,201,1
32851,202,0
32851,203,0
32854,1,1
32854,2,0
32854,3,1
32854,5,1
32854,6,1
32854,7,1
32854,9,1
32854,10,0
32854,11,0
32854,12,0
32854,29,0
32854,30,0
32854,31,0
32854,32,1
32854,33,0
32854,34,1
32854,35,0
32854,36,0
32854,37,0
32854,39,0
32854,40,0
32854,41,0
32854,49,0
32854,50,0
32854,52,1
32854,53,1
32854,54,1
32854,56,1
32854,57,1
32854,59,1
32854,60,1
32854,61,1
32854,63,1
32854,64,1
32854,65,1
32854,66,1
32854,67,1
32854,72,1
32854,73,1
32854,74,1
32854,82,1
32854,83,1
32854,84,1
32854,86,1
32854,87,1
32854,88,1
32854,90,0
32854,91,0
32854,92,0
32854,93,0
32854,147,0
32854,148,1
32854,149,0
32854,150,0
32854,152,1
32854,153,1
32854,154,1
32854,155,0
32854,157,0
32854,159,0
32854,160,0
32854,164,0
32854,170,0
32854,171,0
32854,172,0
32854,173,0
32854,174,0
32854,175,0
32854,176,0
32854,177,0
32854,178,0
32854,181,0
32854,182,0
32854,183,0
32854,184,0
32854,194,0
32854,196,0
32854,197,0
32854,198,0
32854,200,0
32854,201,1
32854,202,0
32854,203,0
32855,1,1
32855,2,0
32855,3,1
32855,5,1
32855,6,1
32855,7,1
32855,49,1
32855,50,1
32855,52,1
32855,53,1
32855,54,1
32855,56,1
32855,57,1
32855,59,1
32855,60,1
32855,61,1
32855,63,1
32855,64,1
32855,65,1
32855,66,1
32855,67,1
32855,72,0
32855,73,0
32855,74,1
32855,82,1
32855,83,1
32855,84,1
32855,86,1
32855,87,1
32855,88,1
32855,90,1
32855,91,1
32855,92,1
32855,93,1
32855,147,1
32855,148,0
32855,149,0
32855,150,0
32855,194,0
32855,196,0
32855,197,0
32855,198,0
32855,200,0
32855,201,1
32855,202,0
32855,203,0
33009,1,1
33009,2,0
33009,3,1
33009,5,1
33009,6,1
33009,7,1
33009,29,1
33009,30,1
33009,31,0
33009,32,0
33009,33,0
33009,34,0
33009,35,0
33009,36,0
33009,37,0
33009,39,0
33009,40,0
33009,41,0
33009,72,1
33009,73,1
33009,74,1
33009,82,1
33009,83,1
33009,84,1
33009,90,1
33009,91,1
33009,92,1
33009,93,1
33009,147,1
33009,148,0
33009,149,0
33009,150,0
33009,194,0
33009,196,0
33009,197,0
33009,198,0
33009,200,0
33009,201,0
33009,202,0
33009,203,0
33011,1,1
33011,2,0
33011,3,1
33011,5,1
33011,6,1
33011,7,1
33011,49,1
33011,50,1
33011,52,1
33011,53,1
33011,54,1
33011,56,1
33011,57,1
33011,59,1
33011,60,1
33011,61,1
33011,63,1
33011,64,1
33011,65,1
33011,66,1
33011,67,1
33011,72,1
33011,73,1
33011,74,1
33011,82,1
33011,83,1
33011,84,1
33011,86,1
33011,87,1
33011,88,1
33011,90,1
33011,91,1
33011,92,1
33011,93,1
33011,147,1
33011,148,0
33011,149,0
33011,150,0
33011,194,0
33011,196,0
33011,197,0
33011,198,0
33011,200,0
33011,201,1
33011,202,0
33011,203,0
33013,1,1
33013,2,0
33013,3,1
33013,5,1
33013,6,1
33013,7,1
33013,49,0
33013,50,1
33013,52,1
33013,53,1
33013,54,1
33013,56,1
33013,57,1
33013,59,1
33013,60,1
33013,61,1
33013,63,1
33013,64,1
33013,65,1
33013,66,1
33013,67,1
33013,72,0
33013,73,1
33013,74,1
33013,82,1
33013,83,1
33013,84,1
33013,86,1
33013,87,1
33013,88,1
33013,90,1
33013,91,1
33013,92,1
33013,93,0
33013,147,1
33013,148,0
33013,149,0
33013,150,0
33013,194,0
33013,196,0
33013,197,0
33013,198,0
33013,200,0
33013,201,0
33013,202,0
33013,203,0
33015,1,1
33015,2,0
33015,3,1
33015,5,1
33015,6,1
33015,7,1
33015,72,1
33015,73,1
33015,74,1
33015,82,1
33015,83,1
33015,84,1
33015,86,1
33015,87,1
33015,88,1
33015,90,1
33015,91,1
33015,92,1
33015,93,1
33015,147,1
33015,148,0
33015,149,0
33015,150,0
33015,194,0
33015,196,0
33015,197,0
33015,198,0
33015,200,0
33015,201,1
33015,202,0
33015,203,0
33021,1,1
33021,2,0
33021,3,1
33021,5,1
33021,6,1
33021,7,1
33021,9,0
33021,10,0
33021,11,1
33021,12,0
33021,29,0
33021,30,0
33021,31,0
33021,32,0
33021,33,0
33021,34,0
33021,35,0
33021,36,0
33021,37,0
33021,39,1
33021,49,1
33021,50,1
33021,52,1
33021,53,1
33021,54,1
33021,56,1
33021,57,1
33021,59,1
33021,60,1
33021,61,1
33021,63,1
33021,64,1
33021,65,1
33021,66,1
33021,67,1
33021,72,1
33021,73,1
33021,74,1
33021,82,1
33021,83,0
33021,84,0
33021,86,1
33021,87,1
33021,88,1
33021,90,1
33021,91,1
33021,92,1
33021,93,1
33021,147,0
33021,148,0
33021,149,0
33021,150,0
33021,152,1
33021,153,1
33021,154,0
33021,155,1
33021,157,0
33021,159,0
33021,160,0
33021,164,0
33021,170,1
33021,171,1
33021,172,0
33021,173,0
33021,174,1
33021,175,0
33021,176,0
33021,177,0
33021,178,0
33021,181,0
33021,182,0
33021,183,0
33021,184,0
33021,194,1
33021,196,0
33021,197,0
33021,198,0
33021,200,0
33021,201,1
33021,202,0
33021,203,0
33022,1,1
33022,2,0
33022,3,1
33022,5,1
33022,6,1
33022,7,1
33022,29,0
33022,30,0
33022,31,0
33022,32,0
33022,33,0
33022,34,0
33022,35,1
33022,36,1
33022,37,0
33022,39,0
33022,40,0
33022,41,0
33022,49,1
33022,50,1
33022,52,1
33022,53,1
33022,54,1
33022,56,1
33022,57,1
33022,59,1
33022,60,1
33022,61,1
33022,63,1
33022,64,1
33022,65,1
33022,66,1
33022,67,1
33022,72,1
33022,73,1
33022,74,1
33022,82,1
33022,83,1
33022,84,1
33022,86,1
33022,87,1
33022,88,1
33022,90,1
33022,91,1
33022,92,1
33022,93,1
33022,147,1
33022,148,0
33022,149,0
33022,150,0
33022,194,1
33022,196,0
33022,197,0
33022,198,0
33022,200,0
33022,201,1
33022,202,0
33022,203,0
33033,1,1
33033,2,0
33033,3,1
33033,5,1
33033,6,1
33033,7,1
33033,9,0
33033,10,1
33033,11,0
33033,12,0
33033,29,1
33033,32,0
33033,33,0
33033,34,0
33033,35,0
33033,36,0
33033,37,0
33033,39,0
33033,40,0
33033,41,0
33033,49,1
33033,50,1
33033,52,1
33033,53,1
33033,54,1
33033,56,1
33033,57,1
33033,59,1
33033,60,1
33033,61,1
33033,63,1
33033,64,1
33033,65,1
33033,66,1
33033,67,1
33033,72,1
33033,73,1
33033,74,1
33033,82,1
33033,83,1
33033,84,1
33033,86,1
33033,87,1
33033,88,1
33033,90,1
33033,91,1
33033,92,1
33033,93,1
33033,147,1
33033,148,0
33033,149,0
33033,150,0
33033,194,0
33033,196,0
33033,197,0
33033,198,0
33033,200,0
33033,201,0
33033,202,0
33033,203,0
33035,1,1
33035,2,0
33035,3,1
33035,5,1
33035,6,1
33035,7,1
33035,9,1
33035,10,0
33035,11,0
33035,12,0
33035,29,0
33035,30,0
33035,31,0
33035,32,0
33035,33,0
33035,34,0
33035,35,0
33035,36,0
33035,37,0
33035,39,1
33035,72,1
33035,73,1
33035,74,1
33035,82,1
33035,83,1
33035,84,1
33035,86,1
33035,87,1
33035,88,1
33035,90,1
33035,91,1
33035,92,1
33035,93,1
33035,147,1
33035,148,0
33035,149,0
33035,150,0
33035,194,0
33035,196,0
33035,197,0
33035,198,0
33035,200,0
33035,201,1
33035,202,0
33035,203,0
33038,1,1
33038,2,0
33038,3,1
33038,5,1
33038,6,1
33038,7,1
33038,72,1
33038,73,1
33038,74,1
33038,82,1
33038,83,1
33038,84,1
33038,90,1
33038,91,1
33038,92,1
33038,93,1
33038,147,1
33038,148,0
33038,149,0
33038,150,0
33038,194,0
33038,196,0
33038,197,0
33038,198,0
33038,200,0
33038,201,1
33038,202,0
33038,203,0
33040,1,1
33040,2,0
33040,3,1
33040,5,1
33040,6,1
33040,7,1
33040,72,1
33040,73,1
33040,74,1
33040,82,1
33040,83,1
33040,84,1
33040,86,1
33040,87,1
33040,88,1
33040,90,1
33040,91,1
33040,92,1
33040,93,1
33040,147,1
33040,148,0
33040,149,0
33040,150,0
33040,194,0
33040,196,0
33040,197,0
33040,198,0
33040,200,0
33040,201,0
33040,202,0
33040,203,0
33042,1,1
33042,2,0
33042,3,1
33042,5,1
33042,6,1
33042,7,1
33042,49,1
33042,50,1
33042,52,1
33042,53,1
33042,54,1
33042,56,1
33042,57,1
33042,59,1
33042,60,1
33042,61,1
33042,63,1
33042,64,1
33042,65,1
33042,66,1
33042,67,1
33042,72,1
33042,73,1
33042,74,1
33042,82,1
33042,83,1
33042,84,1
33042,86,1
33042,87,1
33042,88,1
33042,90,1
33042,91,1
33042,92,1
33042,93,1
33042,147,1
33042,148,0
33042,149,0
33042,150,0
33042,194,0
33042,196,0
33042,197,0
33042,198,0
33042,200,0
33042,201,1
33042,202,0
33042,203,0
33044,1,1
33044,2,0
33044,3,1
33044,5,1
33044,6,1
33044,7,1
33044,29,0
33044,30,0
33044,31,0
33044,32,0
33044,33,0
33044,34,0
33044,35,0
33044,36,0
33044,37,0
33044,39,1
33044,49,1
33044,50,1
33044,52,1
33044,53,1
33044,54,1
33044,56,1
33044,57,1
33044,59,1
33044,60,1
33044,61,1
33044,63,1
33044,64,1
33044,65,1
33044,66,1
33044,67,1
33044,72,1
33044,73,1
33044,74,1
33044,82,1
33044,83,1
33044,84,1
33044,86,1
33044,87,1
33044,88,1
33044,90,1
33044,91,1
33044,92,1
33044,93,1
33044,147,0
33044,148,1
33044,149,0
33044,150,0
33044,152,0
33044,153,0
33044,154,0
33044,155,0
33044,157,1
33044,159,1
33044,160,0
33044,164,0
33044,170,0
33044,171,0
33044,172,0
33044,173,0
33044,174,0
33044,175,0
33044,176,0
33044,177,0
33044,178,0
33044,181,0
33044,182,0
33044,183,0
33044,184,0
33044,194,0
33044,196,0
33044,197,0
33044,198,0
33044,200,0
33044,201,0
33044,202,0
33044,203,0
33045,1,1
33045,2,0
33045,3,1
33045,5,1
33045,6,1
33045,7,1
33045,9,1
33045,10,0
33045,11,0
33045,12,0
33045,29,1
33045,30,1
33045,31,0
33045,32,0
33045,33,0
33045,34,0
33045,35,0
33045,36,0
33045,37,0
33045,39,0
33045,40,0
33045,41,0
33045,49,1
33045,50,1
33045,52,1
33045,53,1
33045,54,1
33045,56,1
33045,57,1
33045,59,1
33045,60,1
33045,61,1
33045,63,1
33045,64,1
33045,65,1
33045,66,1
33045,67,1
33045,72,1
33045,73,1
33045,74,1
33045,82,1
33045,83,1
33045,84,1
33045,86,1
33045,87,1
33045,88,1
33045,90,1
33045,91,1
33045,92,1
33045,93,1
33045,147,0
33045,148,0
33045,149,1
33045,150,0
33045,152,1
33045,153,1
33045,154,1
33045,155,1
33045,157,1
33045,159,1
33045,160,0
33045,164,0
33045,170,0
33045,171,0
33045,172,0
33045,173,0
33045,174,0
33045,175,0
33045,176,0
33045,177,0
33045,178,0
33045,181,0
33045,182,0
33045,183,0
33045,184,0
33045,194,0
33045,196,0
33045,197,0
33045,198,0
33045,200,0
33045,201,1
33045,202,0
33045,203,0
33052,1,1
33052,2,0
33052,3,1
33052,5,1
33052,6,1
33052,7,1
33052,29,1
33052,30,1
33052,31,0
33052,32,0
33052,33,0
33052,34,0
33052,35,0
33052,36,0
33052,37,0
33052,39,0
33052,40,0
33052,41,0
33052,147,1
33052,148,0
33052,149,0
33052,150,0
33052,194,0
33052,196,0
33052,197,0
33052,198,0
33052,200,0
33052,201,1
33052,202,0
33052,203,0
33054,1,1
33054,2,1
33054,3,0
33054,5,1
33054,6,1
33054,7,1
33054,29,1
33054,30,1
33054,31,0
33054,32,0
33054,33,0
33054,34,0
33054,35,0
33054,36,0
33054,37,0
33054,39,0
33054,40,0
33054,41,0
33054,49,1
33054,50,1
33054,52,1
33054,53,1
33054,54,1
33054,56,1
33054,57,1
33054,59,1
33054,60,1
33054,61,1
33054,63,1
33054,64,1
33054,65,1
33054,66,1
33054,67,1
33054,72,1
33054,73,1
33054,74,1
33054,82,1
33054,83,1
33054,84,1
33054,86,1
33054,87,1
33054,88,1
33054,90,1
33054,91,1
33054,92,1
33054,93,1
33054,147,1
33054,148,0
33054,149,0
33054,150,0
33054,194,0
33054,196,0
33054,197,0
33054,198,0
33054,200,0
33054,201,1
33054,202,0
33054,203,0
33064,1,1
33064,2,0
33064,3,1
33064,5,1
33064,6,1
33064,7,1
33064,49,1
33064,50,1
33064,52,1
33064,53,1
33064,54,1
33064,56,1
33064,57,1
33064,59,1
33064,60,1
33064,61,1
33064,63,1
33064,64,1
33064,65,1
33064,66,1
33064,67,1
33064,72,0
33064,73,1
33064,74,1
33064,82,1
33064,83,1
33064,84,1
33064,86,1
33064,87,1
33064,88,1
33064,90,1
33064,91,1
33064,92,1
33064,93,1
33064,147,1
33064,148,0
33064,149,0
33064,150,0
33064,194,0
33064,196,0
33064,197,0
33064,198,0
33064,200,0
33064,201,1
33064,202,0
33064,203,0
33065,1,1
33065,5,1
33065,6,1
33065,7,1
33065,9,0
33065,10,0
33065,11,0
33065,12,1
33065,29,0
33065,30,0
33065,31,0
33065,32,0
33065,33,0
33065,34,0
33065,35,0
33065,36,0
33065,37,0
33065,39,1
33065,49,1
33065,50,1
33065,52,1
33065,53,1
33065,54,1
33065,56,1
33065,57,1
33065,59,1
33065,60,1
33065,61,1
33065,63,1
33065,64,1
33065,65,1
33065,66,1
33065,67,1
33065,72,1
33065,73,1
33065,74,1
33065,82,1
33065,83,1
33065,84,1
33065,86,1
33065,87,1
33065,88,1
33065,90,1
33065,91,1
33065,92,1
33065,93,1
33065,147,1
33065,148,0
33065,149,0
33065,150,0
33065,194,0
33065,196,0
33065,197,0
33065,198,0
33065,200,0
33065,201,1
33065,202,0
33065,203,0
33075,1,1
33075,2,0
33075,3,1
33075,5,1
33075,6,1
33075,7,1
33075,49,1
33075,50,1
33075,52,1
33075,53,1
33075,54,1
33075,56,1
33075,57,1
33075,59,1
33075,60,1
33075,61,1
33075,63,1
33075,64,1
33075,65,1
33075,66,1
33075,67,1
33075,72,1
33075,73,1
33075,74,1
33075,82,1
33075,83,1
33075,84,1
33075,86,1
33075,87,1
33075,88,1
33075,90,1
33075,91,1
33075,92,1
33075,93,1
33075,147,1
33075,148,0
33075,149,0
33075,150,0
33075,194,0
33075,196,0
33075,197,0
33075,198,0
33075,200,0
33075,201,1
33075,202,0
33075,203,0
33078,1,1
33078,2,0
33078,3,1
33078,5,1
33078,6,1
33078,7,1
33078,49,1
33078,50,1
33078,52,1
33078,53,1
33078,54,1
33078,56,1
33078,57,1
33078,59,1
33078,60,1
33078,61,1
33078,63,1
33078,64,1
33078,65,1
33078,66,1
33078,67,1
33078,72,0
33078,73,0
33078,74,1
33078,82,1
33078,83,1
33078,84,1
33078,86,1
33078,87,1
33078,88,1
33078,90,1
33078,91,1
33078,92,1
33078,93,1
33078,147,1
33078,148,0
33078,149,0
33078,150,0
33078,194,0
33078,196,0
33078,197,0
33078,198,0
33078,200,0
33078,201,1
33078,202,0
33078,203,0
33087,1,1
33087,2,1
33087,3,0
33087,5,1
33087,6,1
33087,7,1
33087,9,0
33087,10,1
33087,11,0
33087,12,0
33087,29,0
33087,30,0
33087,31,0
33087,32,0
33087,33,0
33087,34,0
33087,35,1
33087,36,1
33087,37,0
33087,39,0
33087,40,0
33087,41,0
33087,49,1
33087,50,1
33087,52,1
33087,53,1
33087,54,1
33087,56,1
33087,57,1
33087,59,1
33087,60,1
33087,61,1
33087,63,1
33087,64,1
33087,65,1
33087,66,1
33087,67,1
33087,72,1
33087,73,1
33087,74,1
33087,82,1
33087,83,1
33087,84,1
33087,86,1
33087,87,1
33087,88,1
33087,90,1
33087,91,1
33087,92,1
33087,93,1
33087,147,0
33087,148,1
33087,149,0
33087,150,0
33087,152,1
33087,153,1
33087,154,1
33087,155,0
33087,157,0
33087,159,0
33087,160,0
33087,164,0
33087,170,0
33087,171,0
33087,172,0
33087,173,0
33087,174,0
33087,175,0
33087,176,0
33087,177,0
33087,178,0
33087,181,0
33087,182,0
33087,183,0
33087,184,0
33087,194,0
33087,196,1
33087,197,0
33087,198,0
33087,200,0
33087,201,0
33087,202,0
33087,203,0
33089,1,1
33089,2,0
33089,3,1
33089,5,1
33089,6,1
33089,7,1
33089,29,0
33089,30,0
33089,31,0
33089,32,0
33089,33,0
33089,34,0
33089,35,1
33089,36,1
33089,37,0
33089,39,0
33089,40,0
33089,41,0
33089,49,1
33089,50,1
33089,52,1
33089,53,1
33089,54,1
33089,56,1
33089,57,1
33089,59,1
33089,60,1
33089,61,1
33089,63,1
33089,64,1
33089,65,1
33089,66,1
33089,67,1
33089,72,0
33089,73,1
33089,74,1
33089,82,1
33089,83,1
33089,84,1
33089,86,1
33089,87,1
33089,88,1
33089,90,1
33089,91,1
33089,92,1
33089,93,0
33089,147,1
33089,148,0
33089,149,0
33089,150,0
33089,194,0
33089,196,0
33089,197,0
33089,198,0
33089,200,0
33089,201,0
33089,202,0
33089,203,0
33091,1,1
33091,2,0
33091,3,1
33091,5,1
33091,6,1
33091,7,1
33091,49,1
33091,50,1
33091,52,1
33091,53,1
33091,54,1
33091,56,1
33091,57,1
33091,59,1
33091,60,1
33091,61,1
33091,63,1
33091,64,1
33091,65,1
33091,66,1
33091,67,1
33091,72,1
33091,73,1
33091,74,1
33091,82,1
33091,83,1
33091,84,1
33091,86,1
33091,87,1
33091,88,1
33091,90,1
33091,91,1
33091,92,1
33091,93,1
33091,147,1
33091,148,0
33091,149,0
33091,150,0
33091,194,0
33091,196,0
33091,197,0
33091,198,0
33091,200,0
33091,201,1
33091,202,0
33091,203,0
33103,1,1
33103,2,1
33103,3,0
33103,5,1
33103,6,1
33103,7,1
33103,9,0
33103,10,1
33103,11,0
33103,12,0
33103,49,1
33103,50,1
33103,52,1
33103,53,1
33103,54,1
33103,56,1
33103,57,1
33103,59,1
33103,60,1
33103,61,1
33103,63,1
33103,64,1
33103,65,1
33103,66,1
33103,67,1
33103,72,1
33103,73,1
33103,74,1
33103,82,1
33103,83,1
33103,84,1
33103,86,1
33103,87,1
33103,88,1
33103,90,1
33103,91,1
33103,92,1
33103,93,1
33103,147,0
33103,148,0
33103,149,0
33103,150,1
33103,152,1
33103,153,1
33103,154,0
33103,155,1
33103,157,1
33103,159,1
33103,160,0
33103,164,0
33103,170,1
33103,171,1
33103,172,0
33103,173,0
33103,174,1
33103,175,0
33103,176,0
33103,177,0
33103,178,0
33103,181,0
33103,182,0
33103,183,0
33103,184,0
33103,194,0
33103,196,0
33103,197,0
33103,198,0
33103,200,0
33103,201,1
33103,202,0
33103,203,0
33108,1,1
33108,2,0
33108,3,1
33108,5,1
33108,6,1
33108,7,1
33108,29,1
33108,32,0
33108,33,0
33108,34,0
33108,35,0
33108,36,0
33108,37,0
33108,39,0
33108,40,0
33108,41,0
33108,49,1
33108,50,1
33108,52,1
33108,53,1
33108,54,1
33108,56,1
33108,57,1
33108,59,1
33108,60,1
33108,61,1
33108,63,1
33108,64,1
33108,65,1
33108,66,1
33108,67,1
33108,72,1
33108,73,1
33108,74,1
33108,82,1
33108,83,1
33108,84,1
33108,86,1
33108,87,1
33108,88,1
33108,90,1
33108,91,1
33108,92,1
33108,93,1
33108,147,1
33108,148,0
33108,149,0
33108,150,0
33108,194,0
33108,196,0
33108,197,0
33108,198,0
33108,200,0
33108,201,0
33108,202,0
33108,203,0
33111,1,1
33111,2,0
33111,3,1
33111,5,1
33111,6,1
33111,7,1
33111,72,1
33111,73,1
33111,74,1
33111,82,1
33111,83,1
33111,84,1
33111,90,1
33111,91,1
33111,92,1
33111,93,1
33111,147,1
33111,148,0
33111,149,0
33111,150,0
33111,194,0
33111,196,0
33111,197,0
33111,198,0
33111,200,0
33111,201,1
33111,202,0
33111,203,0
33114,1,1
33114,2,0
33114,3,1
33114,5,1
33114,6,1
33114,7,1
33114,56,1
33114,57,1
33114,59,1
33114,60,1
33114,61,1
33114,63,1
33114,64,1
33114,65,1
33114,66,1
33114,67,1
33114,72,1
33114,73,1
33114,74,1
33114,82,1
33114,83,1
33114,84,1
33114,86,1
33114,87,1
33114,88,1
33114,90,1
33114,91,1
33114,92,1
33114,93,1
33114,147,1
33114,148,0
33114,149,0
33114,150,0
33114,194,0
33114,196,0
33114,197,0
33114,198,0
33114,200,0
33114,201,1
33114,202,0
33114,203,0
33374,1,1
33374,2,0
33374,3,1
33374,5,1
33374,6,1
33374,7,1
33374,29,0
33374,30,0
33374,31,0
33374,32,0
33374,33,0
33374,34,0
33374,35,1
33374,36,0
33374,37,1
33374,39,0
33374,40,0
33374,41,0
33374,49,1
33374,50,1
33374,52,1
33374,53,1
33374,54,1
33374,56,1
33374,57,1
33374,59,1
33374,60,1
33374,61,1
33374,63,1
33374,64,1
33374,65,1
33374,66,1
33374,67,1
33374,72,1
33374,73,1
33374,74,1
33374,82,1
33374,83,1
33374,84,0
33374,86,1
33374,87,1
33374,88,1
33374,90,1
33374,91,1
33374,92,0
33374,93,0
33374,147,0
33374,148,1
33374,149,0
33374,150,0
33374,152,1
33374,153,1
33374,154,0
33374,155,1
33374,157,0
33374,159,0
33374,160,0
33374,164,0
33374,170,0
33374,171,0
33374,172,0
33374,173,0
33374,174,0
33374,175,0
33374,176,0
33374,177,0
33374,178,0
33374,181,0
33374,182,0
33374,183,0
33374,184,0
33374,194,1
33374,196,0
33374,197,0
33374,198,0
33374,200,0
33374,201,1
33374,202,0
33374,203,0
33378,1,1
33378,2,1
33378,3,0
33378,5,1
33378,6,1
33378,7,1
33378,9,0
33378,10,1
33378,11,0
33378,12,0
33378,49,1
33378,50,1
33378,52,1
33378,53,1
33378,54,1
33378,56,1
33378,57,1
33378,59,1
33378,60,1
33378,61,1
33378,63,1
33378,64,1
33378,65,1
33378,66,1
33378,67,1
33378,72,0
33378,73,0
33378,74,1
33378,82,1
33378,83,1
33378,84,1
33378,86,1
33378,87,1
33378,88,1
33378,90,0
33378,91,0
33378,92,0
33378,93,0
33378,147,0
33378,148,1
33378,149,0
33378,150,0
33378,152,1
33378,153,1
33378,154,0
33378,155,1
33378,157,0
33378,159,0
33378,160,0
33378,164,0
33378,170,0
33378,171,0
33378,172,0
33378,173,0
33378,174,0
33378,175,0
33378,176,0
33378,177,0
33378,178,0
33378,181,0
33378,182,0
33378,183,0
33378,184,0
33378,194,1
33378,196,1
33378,197,0
33378,198,0
33378,200,0
33378,201,1
33378,202,0
33378,203,0
33379,1,1
33379,2,0
33379,3,1
33379,5,1
33379,6,1
33379,7,1
33379,9,0
33379,10,0
33379,11,0
33379,12,0
33379,29,0
33379,30,0
33379,31,0
33379,32,0
33379,33,0
33379,34,0
33379,35,1
33379,36,1
33379,37,0
33379,39,0
33379,40,0
33379,41,0
33379,49,1
33379,50,1
33379,52,1
33379,53,1
33379,54,1
33379,56,1
33379,57,1
33379,59,1
33379,60,1
33379,61,1
33379,63,1
33379,64,1
33379,65,1
33379,66,1
33379,67,1
33379,72,1
33379,73,1
33379,74,1
33379,82,1
33379,83,1
33379,84,1
33379,86,1
33379,87,1
33379,88,1
33379,90,1
33379,91,1
33379,92,1
33379,93,1
33379,147,0
33379,148,0
33379,149,1
33379,150,0
33379,152,1
33379,153,1
33379,154,0
33379,155,1
33379,157,0
33379,159,0
33379,160,0
33379,164,0
33379,170,0
33379,171,0
33379,172,0
33379,173,0
33379,174,0
33379,175,0
33379,176,0
33379,177,0
33379,178,0
33379,181,0
33379,182,0
33379,183,0
33379,184,0
33379,194,1
33379,196,0
33379,197,0
33379,198,0
33379,200,0
33379,201,1
33379,202,0
33379,203,0
33380,1,1
33380,2,0
33380,3,1
33380,5,1
33380,6,1
33380,7,1
33380,49,1
33380,50,1
33380,52,1
33380,53,1
33380,54,1
33380,56,1
33380,57,1
33380,59,1
33380,60,1
33380,61,1
33380,63,1
33380,64,1
33380,65,1
33380,66,1
33380,67,1
33380,72,1
33380,73,1
33380,74,1
33380,82,1
33380,83,1
33380,84,1
33380,86,1
33380,87,1
33380,88,1
33380,90,1
33380,91,1
33380,92,1
33380,93,1
33380,147,1
33380,148,0
33380,149,0
33380,150,0
33380,194,0
33380,196,0
33380,197,0
33380,198,0
33380,200,0
33380,201,1
33380,202,0
33380,203,0
33387,1,1
33387,2,0
33387,3,1
33387,5,1
33387,6,1
33387,7,1
33387,49,1
33387,50,1
33387,52,1
33387,53,1
33387,54,1
33387,56,1
33387,57,1
33387,59,1
33387,60,1
33387,61,1
33387,63,1
33387,64,1
33387,65,1
33387,66,1
33387,67,1
33387,72,1
33387,73,1
33387,74,1
33387,82,1
33387,83,1
33387,84,1
33387,86,1
33387,87,1
33387,88,1
33387,90,1
33387,91,1
33387,92,1
33387,93,1
33387,147,1
33387,148,0
33387,149,0
33387,150,0
33387,194,0
33387,196,0
33387,197,0
33387,198,0
33387,200,0
33387,201,1
33387,202,1
33387,203,0
33391,1,1
33391,2,0
33391,3,1
33391,5,1
33391,6,1
33391,7,1
33391,29,0
33391,30,0
33391,31,0
33391,32,0
33391,33,0
33391,34,0
33391,35,0
33391,36,0
33391,37,0
33391,39,1
33391,49,1
33391,50,1
33391,52,1
33391,53,1
33391,54,1
33391,56,1
33391,57,1
33391,59,1
33391,60,1
33391,61,1
33391,63,1
33391,64,1
33391,65,1
33391,66,1
33391,67,1
33391,72,1
33391,73,1
33391,74,1
33391,82,1
33391,83,1
33391,84,1
33391,86,1
33391,87,1
33391,88,0
33391,90,1
33391,91,1
33391,92,1
33391,93,1
33391,147,0
33391,148,0
33391,149,1
33391,150,0
33391,152,1
33391,153,1
33391,154,0
33391,155,1
33391,157,0
33391,159,0
33391,160,0
33391,164,0
33391,170,1
33391,171,1
33391,172,0
33391,173,0
33391,174,0
33391,175,1
33391,176,0
33391,177,0
33391,178,0
33391,181,0
33391,182,0
33391,183,0
33391,184,0
33391,194,0
33391,196,0
33391,197,0
33391,198,0
33391,200,0
33391,201,0
33391,202,0
33391,203,0
33398,1,1
33398,2,0
33398,3,1
33398,5,1
33398,6,1
33398,7,1
33398,49,1
33398,50,1
33398,52,1
33398,53,1
33398,54,1
33398,56,1
33398,57,1
33398,59,1
33398,60,1
33398,61,1
33398,63,1
33398,64,1
33398,65,1
33398,66,1
33398,67,1
33398,72,0
33398,73,1
33398,74,1
33398,82,1
33398,83,1
33398,84,1
33398,86,1
33398,87,1
33398,88,1
33398,90,1
33398,91,1
33398,92,1
33398,93,1
33398,147,1
33398,148,0
33398,149,0
33398,150,0
33398,194,0
33398,196,0
33398,197,0
33398,198,0
33398,200,0
33398,201,0
33398,202,0
33398,203,0
33399,1,1
33399,2,0
33399,3,1
33399,5,1
33399,6,1
33399,7,1
33399,29,0
33399,30,0
33399,31,0
33399,32,0
33399,33,0
33399,34,0
33399,35,0
33399,36,0
33399,37,0
33399,39,1
33399,49,1
33399,50,1
33399,52,1
33399,53,1
33399,54,1
33399,56,1
33399,57,1
33399,59,1
33399,60,1
33399,61,1
33399,63,1
33399,64,1
33399,65,1
33399,66,1
33399,67,1
33399,72,1
33399,73,1
33399,74,1
33399,82,1
33399,83,1
33399,84,1
33399,86,1
33399,87,1
33399,88,1
33399,90,1
33399,91,1
33399,92,1
33399,93,1
33399,147,0
33399,148,1
33399,149,0
33399,150,0
33399,152,0
33399,153,0
33399,154,0
33399,155,0
33399,157,0
33399,159,0
33399,160,0
33399,164,0
33399,170,1
33399,171,1
33399,172,0
33399,173,0
33399,174,1
33399,175,0
33399,176,0
33399,177,0
33399,178,0
33399,181,0
33399,182,0
33399,183,0
33399,184,0
33399,194,0
33399,196,0
33399,197,0
33399,198,0
33399,200,0
33399,201,0
33399,202,0
33399,203,0
33404,1,1
33404,2,0
33404,3,1
33404,5,1
33404,6,1
33404,7,1
33404,72,1
33404,73,1
33404,74,1
33404,82,1
33404,83,1
33404,84,1
33404,90,1
33404,91,1
33404,92,1
33404,93,0
33404,147,1
33404,148,0
33404,149,0
33404,150,0
33404,194,0
33404,196,0
33404,197,0
33404,198,0
33404,200,0
33404,201,0
33404,202,0
33404,203,0
33408,1,1
33408,2,1
33408,3,0
33408,5,1
33408,6,1
33408,7,1
33408,72,0
33408,73,1
33408,74,1
33408,82,1
33408,83,1
33408,84,1
33408,90,0
33408,91,0
33408,92,0
33408,93,0
33408,147,1
33408,148,0
33408,149,0
33408,150,0
33408,194,0
33408,196,0
33408,197,0
33408,198,0
33408,200,0
33408,201,1
33408,202,0
33408,203,0
33409,1,1
33409,2,0
33409,3,1
33409,5,1
33409,6,1
33409,7,1
33409,56,1
33409,57,1
33409,59,1
33409,60,1
33409,61,1
33409,63,1
33409,64,1
33409,65,1
33409,66,1
33409,67,1
33409,72,1
33409,73,1
33409,74,1
33409,82,1
33409,83,1
33409,84,1
33409,86,1
33409,87,1
33409,88,1
33409,90,1
33409,91,1
33409,92,1
33409,93,1
33409,147,1
33409,148,0
33409,149,0
33409,150,0
33409,194,0
33409,196,0
33409,197,0
33409,198,0
33409,200,0
33409,201,0
33409,202,0
33409,203,0
33414,1,1
33414,2,0
33414,3,1
33414,5,1
33414,6,1
33414,7,1
33414,9,1
33414,10,0
33414,11,0
33414,12,0
33414,29,0
33414,30,0
33414,31,0
33414,32,0
33414,33,0
33414,34,0
33414,35,0
33414,36,0
33414,37,0
33414,39,1
33414,49,1
33414,50,1
33414,52,1
33414,53,1
33414,54,1
33414,56,1
33414,57,1
33414,59,1
33414,60,1
33414,61,1
33414,63,1
33414,64,1
33414,65,1
33414,66,1
33414,67,1
33414,72,1
33414,73,1
33414,74,1
33414,82,1
33414,83,1
33414,84,1
33414,86,1
33414,87,1
33414,88,1
33414,90,1
33414,91,1
33414,92,1
33414,93,1
33414,147,0
33414,148,1
33414,149,0
33414,150,0
33414,152,0
33414,153,0
33414,154,0
33414,155,0
33414,157,0
33414,159,0
33414,160,0
33414,164,0
33414,170,1
33414,171,1
33414,172,1
33414,173,0
33414,174,0
33414,175,0
33414,176,0
33414,177,0
33414,178,0
33414,181,0
33414,182,0
33414,183,0
33414,184,0
33414,194,0
33414,196,0
33414,197,0
33414,198,0
33414,200,0
33414,201,1
33414,202,0
33414,203,0
33416,1,1
33416,2,0
33416,3,1
33416,5,1
33416,6,1
33416,7,1
33416,9,0
33416,10,0
33416,11,1
33416,12,0
33416,29,0
33416,30,0
33416,31,0
33416,32,0
33416,33,0
33416,34,0
33416,35,1
33416,39,0
33416,40,0
33416,41,0
33416,49,0
33416,50,1
33416,52,1
33416,53,1
33416,54,1
33416,56,1
33416,57,1
33416,59,1
33416,60,1
33416,61,1
33416,63,1
33416,64,1
33416,65,1
33416,66,1
33416,67,1
33416,72,1
33416,73,1
33416,74,1
33416,82,1
33416,83,1
33416,84,1
33416,86,1
33416,87,1
33416,88,1
33416,90,1
33416,91,1
33416,92,1
33416,93,1
33416,147,1
33416,148,0
33416,149,0
33416,150,0
33416,194,0
33416,196,0
33416,197,0
33416,198,0
33416,200,0
33416,201,0
33416,202,0
33416,203,1
33420,1,1
33420,2,0
33420,3,1
33420,5,1
33420,6,1
33420,7,1
33420,49,1
33420,50,1
33420,52,1
33420,53,1
33420,54,1
33420,56,1
33420,57,1
33420,59,1
33420,60,1
33420,61,1
33420,63,1
33420,64,1
33420,65,1
33420,66,1
33420,67,1
33420,72,1
33420,73,1
33420,74,1
33420,82,1
33420,83,1
33420,84,1
33420,86,1
33420,87,1
33420,88,1
33420,90,1
33420,91,1
33420,92,1
33420,93,1
33420,147,1
33420,148,0
33420,149,0
33420,150,0
33420,194,0
33420,196,0
33420,197,0
33420,198,0
33420,200,0
33420,201,0
33420,202,0
33420,203,0
33421,1,1
33421,2,0
33421,3,1
33421,5,1
33421,6,1
33421,7,1
33421,49,1
33421,50,1
33421,52,1
33421,53,1
33421,54,1
33421,56,1
33421,57,1
33421,59,1
33421,60,1
33421,61,1
33421,63,1
33421,64,1
33421,65,1
33421,66,1
33421,67,1
33421,72,1
33421,73,1
33421,74,1
33421,82,1
33421,83,1
33421,84,1
33421,86,1
33421,87,1
33421,88,1
33421,90,1
33421,91,1
33421,92,1
33421,93,1
33421,147,1
33421,148,0
33421,149,0
33421,150,0
33421,194,0
33421,196,0
33421,197,0
33421,198,0
33421,200,0
33421,201,1
33421,202,1
33421,203,0
33425,1,1
33425,2,0
33425,3,1
33425,5,1
33425,6,1
33425,7,1
33425,49,1
33425,50,1
33425,52,1
33425,53,1
33425,54,1
33425,56,1
33425,57,1
33425,59,1
33425,60,1
33425,61,1
33425,63,1
33425,64,1
33425,65,1
33425,66,1
33425,67,1
33425,72,1
33425,73,1
33425,74,1
33425,82,1
33425,83,1
33425,84,1
33425,86,1
33425,87,1
33425,88,1
33425,90,1
33425,91,1
33425,92,1
33425,93,0
33425,147,1
33425,148,0
33425,149,0
33425,150,0
33425,194,0
33425,196,0
33425,197,0
33425,198,0
33425,200,0
33425,201,1
33425,202,0
33425,203,0
33435,1,1
33435,2,0
33435,3,1
33435,5,1
33435,6,1
33435,7,1
33435,29,0
33435,30,0
33435,31,0
33435,32,0
33435,33,0
33435,34,0
33435,35,0
33435,36,0
33435,37,0
33435,39,1
33435,56,1
33435,57,1
33435,59,1
33435,60,1
33435,61,1
33435,63,1
33435,64,1
33435,65,1
33435,66,1
33435,67,1
33435,72,1
33435,73,1
33435,74,1
33435,82,1
33435,83,1
33435,84,1
33435,86,1
33435,87,1
33435,88,1
33435,90,1
33435,91,1
33435,92,1
33435,93,1
33435,147,1
33435,148,0
33435,149,0
33435,150,0
33435,194,0
33435,196,0
33435,197,0
33435,198,0
33435,200,0
33435,201,1
33435,202,0
33435,203,0
33438,1,1
33438,2,1
33438,3,0
33438,5,1
33438,6,1
33438,7,1
33438,29,1
33438,30,1
33438,31,0
33438,32,0
33438,33,0
33438,34,0
33438,35,0
33438,36,0
33438,37,0
33438,39,0
33438,40,0
33438,41,0
33438,49,1
33438,50,1
33438,52,1
33438,53,1
33438,54,1
33438,56,1
33438,57,1
33438,59,1
33438,60,1
33438,61,1
33438,63,1
33438,64,1
33438,65,1
33438,66,1
33438,67,1
33438,72,1
33438,73,1
33438,74,1
33438,82,1
33438,83,1
33438,84,1
33438,86,1
33438,87,1
33438,88,1
33438,90,1
33438,91,1
33438,92,1
33438,93,1
33438,147,1
33438,148,0
33438,149,0
33438,150,0
33438,194,0
33438,196,0
33438,197,0
33438,198,0
33438,200,0
33438,201,1
33438,202,0
33438,203,0
33440,1,1
33440,2,0
33440,3,1
33440,5,1
33440,6,1
33440,7,1
33440,29,1
33440,30,1
33440,31,0
33440,32,0
33440,33,0
33440,34,0
33440,35,0
33440,36,0
33440,37,0
33440,39,0
33440,40,0
33440,41,0
33440,49,0
33440,50,0
33440,52,0
33440,53,0
33440,54,1
33440,56,1
33440,57,1
33440,59,1
33440,60,1
33440,61,1
33440,63,1
33440,64,1
33440,65,1
33440,66,1
33440,67,1
33440,72,1
33440,73,1
33440,74,1
33440,82,1
33440,83,1
33440,84,1
33440,86,1
33440,87,1
33440,88,1
33440,90,1
33440,91,1
33440,92,1
33440,93,1
33440,147,1
33440,148,0
33440,149,0
33440,150,0
33440,194,0
33440,196,0
33440,197,0
33440,198,0
33440,200,0
33440,201,0
33440,202,0
33440,203,0
33442,1,1
33442,2,0
33442,3,1
33442,5,1
33442,6,1
33442,7,1
33442,49,1
33442,50,1
33442,52,1
33442,53,1
33442,54,1
33442,56,1
33442,57,1
33442,59,1
33442,60,1
33442,61,1
33442,63,1
33442,64,1
33442,65,1
33442,66,1
33442,67,1
33442,72,1
33442,73,1
33442,74,1
33442,82,1
33442,83,1
33442,84,1
33442,86,1
33442,87,1
33442,88,1
33442,90,1
33442,91,1
33442,92,1
33442,93,1
33442,147,1
33442,148,0
33442,149,0
33442,150,0
33442,194,1
33442,196,0
33442,197,0
33442,198,0
33442,200,0
33442,201,1
33442,202,0
33442,203,0
33446,1,1
33446,5,1
33446,6,1
33446,7,1
33446,9,0
33446,10,1
33446,11,0
33446,12,0
33446,29,0
33446,30,0
33446,31,0
33446,32,0
33446,33,0
33446,34,0
33446,35,1
33446,36,1
33446,37,0
33446,39,0
33446,40,0
33446,41,0
33446,49,0
33446,50,1
33446,52,1
33446,53,1
33446,54,1
33446,56,1
33446,57,1
33446,59,1
33446,60,1
33446,61,1
33446,63,1
33446,64,1
33446,65,1
33446,66,1
33446,67,1
33446,72,1
33446,73,1
33446,74,1
33446,82,1
33446,83,1
33446,84,1
33446,86,1
33446,87,1
33446,88,1
33446,90,1
33446,91,1
33446,92,1
33446,93,1
33446,147,0
33446,148,0
33446,149,1
33446,150,0
33446,152,1
33446,153,1
33446,154,1
33446,155,0
33446,157,1
33446,159,0
33446,160,0
33446,164,0
33446,170,0
33446,171,0
33446,172,0
33446,173,0
33446,174,0
33446,175,0
33446,176,0
33446,177,0
33446,178,0
33446,181,0
33446,182,0
33446,183,0
33446,184,0
33446,194,0
33446,196,0
33446,197,0
33446,198,0
33446,200,0
33446,201,1
33446,202,0
33446,203,0
33447,1,1
33447,2,0
33447,3,1
33447,5,1
33447,6,1
33447,7,1
33447,29,1
33447,30,0
33447,31,1
33447,32,0
33447,33,0
33447,34,0
33447,35,0
33447,36,0
33447,37,0
33447,39,0
33447,40,0
33447,41,0
33447,49,1
33447,50,1
33447,52,1
33447,53,1
33447,54,1
33447,56,1
33447,57,1
33447,59,1
33447,60,1
33447,61,1
33447,63,1
33447,64,1
33447,65,1
33447,66,1
33447,67,1
33447,72,1
33447,73,1
33447,74,1
33447,82,1
33447,83,1
33447,84,1
33447,86,1
33447,87,1
33447,88,1
33447,90,1
33447,91,1
33447,92,1
33447,93,1
33447,147,0
33447,148,1
33447,149,0
33447,150,0
33447,152,1
33447,153,1
33447,154,1
33447,155,0
33447,157,0
33447,159,0
33447,160,0
33447,164,0
33447,170,0
33447,171,0
33447,172,0
33447,173,0
33447,174,0
33447,175,0
33447,176,0
33447,177,0
33447,178,0
33447,181,0
33447,182,0
33447,183,0
33447,184,0
33447,194,0
33447,196,0
33447,197,0
33447,198,0
33447,200,0
33447,201,0
33447,202,0
33447,203,1
33451,1,1
33451,2,0
33451,3,1
33451,5,1
33451,6,1
33451,7,1
33451,72,1
33451,73,1
33451,74,1
33451,82,1
33451,83,1
33451,84,1
33451,86,1
33451,87,1
33451,88,1
33451,90,1
33451,91,1
33451,92,1
33451,93,1
33451,147,1
33451,148,0
33451,149,0
33451,150,0
33451,194,0
33451,196,0
33451,197,0
33451,198,0
33451,200,0
33451,201,0
33451,202,0
33451,203,0
33452,1,1
33452,2,0
33452,3,1
33452,5,1
33452,6,1
33452,7,1
33452,49,0
33452,50,1
33452,52,1
33452,53,1
33452,54,1
33452,56,1
33452,57,1
33452,59,1
33452,60,1
33452,61,1
33452,63,0
33452,64,1
33452,65,1
33452,66,1
33452,67,1
33452,72,1
33452,73,1
33452,74,1
33452,82,1
33452,83,1
33452,84,1
33452,86,1
33452,87,1
33452,88,1
33452,90,1
33452,91,1
33452,92,1
33452,93,1
33452,147,1
33452,148,0
33452,149,0
33452,150,0
33452,194,0
33452,196,0
33452,197,0
33452,198,0
33452,200,0
33452,201,0
33452,202,0
33452,203,0
33453,1,1
33453,2,0
33453,3,1
33453,5,1
33453,6,1
33453,7,1
33453,29,1
33453,30,1
33453,31,0
33453,32,0
33453,33,0
33453,34,0
33453,35,0
33453,36,0
33453,37,0
33453,39,0
33453,40,0
33453,41,0
33453,49,1
33453,50,1
33453,52,1
33453,53,1
33453,54,1
33453,56,1
33453,57,1
33453,59,1
33453,60,1
33453,61,1
33453,63,0
33453,64,0
33453,65,1
33453,66,1
33453,67,1
33453,72,1
33453,73,1
33453,74,1
33453,82,1
33453,83,1
33453,84,1
33453,86,1
33453,87,1
33453,88,1
33453,90,1
33453,91,1
33453,92,1
33453,93,1
33453,147,1
33453,148,0
33453,149,0
33453,150,0
33453,194,0
33453,196,0
33453,197,0
33453,198,0
33453,200,0
33453,201,0
33453,202,0
33453,203,0
33455,1,1
33455,2,0
33455,3,1
33455,5,1
33455,6,1
33455,7,1
33455,9,0
33455,10,1
33455,11,0
33455,12,0
33455,29,0
33455,30,0
33455,31,0
33455,32,0
33455,33,0
33455,34,0
33455,35,0
33455,36,0
33455,37,0
33455,39,1
33455,49,0
33455,50,1
33455,52,1
33455,53,1
33455,54,1
33455,56,1
33455,57,1
33455,59,1
33455,60,1
33455,61,1
33455,63,1
33455,64,1
33455,65,1
33455,66,1
33455,67,1
33455,72,1
33455,73,1
33455,74,1
33455,82,1
33455,83,1
33455,84,1
33455,86,1
33455,87,1
33455,88,1
33455,90,1
33455,91,1
33455,92,1
33455,93,1
33455,147,1
33455,148,0
33455,149,0
33455,150,0
33455,194,0
33455,196,0
33455,197,0
33455,198,0
33455,200,0
33455,201,1
33455,202,0
33455,203,0
33456,1,1
33456,2,0
33456,3,1
33456,5,1
33456,6,1
33456,7,1
33456,29,0
33456,30,0
33456,31,0
33456,32,1
33456,35,0
33456,36,0
33456,37,0
33456,39,0
33456,40,0
33456,41,0
33456,49,1
33456,50,1
33456,52,1
33456,53,1
33456,54,1
33456,56,1
33456,57,1
33456,59,1
33456,60,1
33456,61,1
33456,63,1
33456,64,1
33456,65,1
33456,66,1
33456,67,1
33456,72,1
33456,73,1
33456,74,1
33456,82,1
33456,83,1
33456,84,1
33456,86,1
33456,87,1
33456,88,1
33456,90,1
33456,91,1
33456,92,1
33456,93,1
33456,147,1
33456,148,0
33456,149,0
33456,150,0
33456,194,0
33456,196,0
33456,197,0
33456,198,0
33456,200,0
33456,201,1
33456,202,0
33456,203,0
33457,1,1
33457,2,0
33457,3,1
33457,5,1
33457,6,1
33457,7,1
33457,49,1
33457,50,1
33457,52,1
33457,53,1
33457,54,1
33457,56,1
33457,57,1
33457,59,1
33457,60,1
33457,61,1
33457,63,1
33457,64,1
33457,65,1
33457,66,1
33457,67,1
33457,72,1
33457,73,1
33457,74,1
33457,82,1
33457,83,1
33457,84,1
33457,86,1
33457,87,1
33457,88,1
33457,90,1
33457,91,1
33457,92,1
33457,93,1
33457,147,1
33457,148,0
33457,149,0
33457,150,0
33457,194,1
33457,196,1
33457,197,0
33457,198,0
33457,200,0
33457,201,1
33457,202,0
33457,203,0
33461,1,1
33461,2,0
33461,3,1
33461,5,1
33461,6,1
33461,7,1
33461,9,0
33461,10,1
33461,11,0
33461,12,0
33461,29,0
33461,30,0
33461,31,0
33461,32,0
33461,33,0
33461,34,0
33461,35,0
33461,36,0
33461,37,0
33461,39,1
33461,49,1
33461,50,1
33461,52,1
33461,53,1
33461,54,1
33461,56,1
33461,57,1
33461,59,1
33461,60,1
33461,61,1
33461,63,1
33461,64,1
33461,65,1
33461,66,1
33461,67,1
33461,72,0
33461,73,1
33461,74,1
33461,82,1
33461,83,1
33461,84,1
33461,86,1
33461,87,1
33461,88,1
33461,90,1
33461,91,1
33461,92,1
33461,93,1
33461,147,0
33461,148,0
33461,149,0
33461,150,1
33461,152,1
33461,153,0
33461,154,0
33461,155,0
33461,157,0
33461,159,0
33461,160,0
33461,164,0
33461,170,1
33461,171,1
33461,172,0
33461,173,0
33461,174,1
33461,175,0
33461,176,0
33461,177,0
33461,178,0
33461,181,0
33461,182,0
33461,183,0
33461,184,0
33461,194,0
33461,196,0
33461,197,0
33461,198,0
33461,200,0
33461,201,1
33461,202,0
33461,203,0
33471,1,1
33471,2,0
33471,3,1
33471,5,1
33471,6,1
33471,7,1
33471,9,1
33471,10,0
33471,11,0
33471,12,0
33471,29,0
33471,30,0
33471,31,0
33471,32,0
33471,33,0
33471,34,0
33471,35,1
33471,36,1
33471,37,0
33471,39,0
33471,40,0
33471,41,0
33471,49,1
33471,50,1
33471,52,1
33471,53,1
33471,54,1
33471,56,1
33471,57,1
33471,59,1
33471,60,1
33471,61,1
33471,63,1
33471,64,1
33471,65,1
33471,66,1
33471,67,1
33471,72,1
33471,73,1
33471,74,1
33471,82,1
33471,83,1
33471,84,1
33471,86,1
33471,87,1
33471,88,1
33471,90,1
33471,91,1
33471,92,1
33471,93,1
33471,147,1
33471,148,0
33471,149,0
33471,150,0
33471,194,0
33471,196,0
33471,197,0
33471,198,0
33471,200,0
33471,201,1
33471,202,0
33471,203,0
33473,1,1
33473,2,0
33473,3,1
33473,5,1
33473,6,1
33473,7,1
33473,72,1
33473,73,1
33473,74,1
33473,82,1
33473,83,1
33473,84,1
33473,86,1
33473,87,1
33473,88,1
33473,90,1
33473,91,1
33473,92,1
33473,93,1
33473,147,1
33473,148,0
33473,149,0
33473,150,0
33473,194,0
33473,196,0
33473,197,0
33473,198,0
33473,200,0
33473,201,1
33473,202,0
33473,203,0
33482,1,1
33482,2,0
33482,3,1
33482,5,1
33482,6,1
33482,7,1
33482,9,1
33482,10,0
33482,11,0
33482,12,0
33482,56,1
33482,57,1
33482,59,1
33482,60,1
33482,61,1
33482,63,1
33482,64,1
33482,65,1
33482,66,1
33482,67,1
33482,72,1
33482,73,1
33482,74,1
33482,82,1
33482,83,1
33482,84,1
33482,86,1
33482,87,1
33482,88,1
33482,90,1
33482,91,1
33482,92,1
33482,93,1
33482,147,1
33482,148,0
33482,149,0
33482,150,0
33482,194,0
33482,196,0
33482,197,0
33482,198,0
33482,200,0
33482,201,0
33482,202,0
33482,203,0
33484,1,1
33484,2,1
33484,3,0
33484,5,1
33484,6,1
33484,7,1
33484,49,1
33484,50,1
33484,52,1
33484,53,1
33484,54,1
33484,56,1
33484,57,1
33484,59,1
33484,60,1
33484,61,1
33484,63,0
33484,64,1
33484,65,1
33484,66,1
33484,67,1
33484,72,1
33484,73,1
33484,74,1
33484,82,1
33484,83,1
33484,84,1
33484,86,1
33484,87,1
33484,88,1
33484,90,1
33484,91,1
33484,92,1
33484,93,1
33484,147,1
33484,148,0
33484,149,0
33484,150,0
33484,194,0
33484,196,0
33484,197,0
33484,198,0
33484,200,0
33484,201,1
33484,202,0
33484,203,0
33486,1,1
33486,2,0
33486,3,1
33486,5,1
33486,6,1
33486,7,1
33486,29,1
33486,30,1
33486,31,0
33486,32,0
33486,33,0
33486,34,0
33486,35,0
33486,36,0
33486,37,0
33486,39,0
33486,40,0
33486,41,0
33486,49,1
33486,50,1
33486,52,1
33486,53,1
33486,54,1
33486,56,1
33486,57,1
33486,59,1
33486,60,1
33486,61,1
33486,63,1
33486,64,1
33486,65,1
33486,66,1
33486,67,1
33486,72,1
33486,73,1
33486,74,1
33486,82,1
33486,83,1
33486,84,1
33486,86,1
33486,87,1
33486,88,1
33486,90,1
33486,91,1
33486,92,1
33486,93,1
33486,147,1
33486,148,0
33486,149,0
33486,150,0
33486,194,0
33486,196,0
33486,197,0
33486,198,0
33486,200,0
33486,201,0
33486,202,0
33486,203,0
33488,1,1
33488,2,0
33488,3,1
33488,5,1
33488,6,1
33488,7,1
33488,56,1
33488,57,1
33488,59,1
33488,60,1
33488,61,1
33488,63,1
33488,64,1
33488,65,1
33488,66,1
33488,67,1
33488,72,1
33488,73,1
33488,74,1
33488,82,1
33488,83,1
33488,84,1
33488,86,1
33488,87,1
33488,88,1
33488,90,1
33488,91,1
33488,92,1
33488,93,1
33488,147,1
33488,148,0
33488,149,0
33488,150,0
33488,194,0
33488,196,0
33488,197,0
33488,198,0
33488,200,0
33488,201,0
33488,202,0
33488,203,0
33751,1,1
33751,2,0
33751,3,1
33751,5,1
33751,6,1
33751,7,1
33751,29,1
33751,30,1
33751,31,0
33751,32,0
33751,33,0
33751,34,0
33751,35,0
33751,36,0
33751,37,0
33751,39,0
33751,40,0
33751,41,0
33751,49,1
33751,50,1
33751,52,1
33751,53,1
33751,54,1
33751,56,1
33751,57,1
33751,59,1
33751,60,1
33751,61,1
33751,63,1
33751,64,1
33751,65,1
33751,66,1
33751,67,1
33751,72,1
33751,73,1
33751,74,1
33751,82,1
33751,83,1
33751,84,1
33751,86,1
33751,87,1
33751,88,1
33751,90,1
33751,91,1
33751,92,1
33751,93,1
33751,147,1
33751,148,0
33751,149,0
33751,150,0
33751,194,0
33751,196,0
33751,197,0
33751,198,0
33751,200,0
33751,201,1
33751,202,0
33751,203,0
33752,1,1
33752,2,0
33752,3,1
33752,5,1
33752,6,1
33752,7,1
33752,29,1
33752,30,1
33752,31,0
33752,32,0
33752,33,0
33752,34,0
33752,35,0
33752,36,0
33752,37,0
33752,39,0
33752,40,0
33752,41,0
33752,49,1
33752,50,1
33752,52,1
33752,53,1
33752,54,1
33752,56,1
33752,57,1
33752,59,1
33752,60,1
33752,61,1
33752,63,1
33752,64,1
33752,65,1
33752,66,1
33752,67,1
33752,72,0
33752,73,1
33752,74,1
33752,82,1
33752,83,1
33752,84,1
33752,86,1
33752,87,1
33752,88,1
33752,90,1
33752,91,1
33752,92,1
33752,93,1
33752,147,1
33752,148,0
33752,149,0
33752,150,0
33752,194,0
33752,196,0
33752,197,0
33752,198,0
33752,200,0
33752,201,0
33752,202,0
33752,203,0
33754,1,1
33754,2,1
33754,3,0
33754,5,1
33754,6,1
33754,7,1
33754,56,1
33754,57,1
33754,59,1
33754,60,1
33754,61,1
33754,63,1
33754,64,1
33754,65,1
33754,66,1
33754,67,1
33754,72,1
33754,73,1
33754,74,1
33754,82,1
33754,83,1
33754,84,1
33754,86,1
33754,87,1
33754,88,1
33754,90,1
33754,91,1
33754,92,1
33754,93,0
33754,147,1
33754,148,0
33754,149,0
33754,150,0
33754,194,0
33754,196,0
33754,197,0
33754,198,0
33754,200,0
33754,201,1
33754,202,0
33754,203,0
33766,1,1
33766,2,0
33766,3,1
33766,5,1
33766,6,1
33766,7,1
33766,29,0
33766,30,0
33766,31,0
33766,32,0
33766,33,0
33766,34,0
33766,35,0
33766,36,0
33766,37,0
33766,39,1
33766,49,1
33766,50,1
33766,52,1
33766,53,1
33766,54,1
33766,56,1
33766,57,1
33766,59,1
33766,60,1
33766,61,1
33766,63,1
33766,64,1
33766,65,1
33766,66,1
33766,67,1
33766,72,1
33766,73,1
33766,74,1
33766,82,1
33766,83,1
33766,84,1
33766,86,1
33766,87,1
33766,88,1
33766,90,1
33766,91,1
33766,92,1
33766,93,0
33766,147,1
33766,148,0
33766,149,0
33766,150,0
33766,194,0
33766,196,0
33766,197,0
33766,198,0
33766,200,0
33766,201,1
33766,202,0
33766,203,0
33768,1,1
33768,2,0
33768,3,1
33768,5,1
33768,6,1
33768,7,1
33768,9,0
33768,10,1
33768,11,0
33768,12,0
33768,49,1
33768,50,1
33768,52,1
33768,53,1
33768,54,1
33768,56,1
33768,57,1
33768,59,1
33768,60,1
33768,61,1
33768,63,1
33768,64,1
33768,65,1
33768,66,1
33768,67,1
33768,72,1
33768,73,1
33768,74,1
33768,82,1
33768,83,1
33768,84,1
33768,86,1
33768,87,1
33768,88,1
33768,90,1
33768,91,1
33768,92,1
33768,93,1
33768,147,0
33768,148,0
33768,149,1
33768,150,0
33768,152,1
33768,153,1
33768,154,0
33768,155,1
33768,157,1
33768,159,0
33768,160,0
33768,164,0
33768,170,0
33768,171,0
33768,172,0
33768,173,0
33768,174,0
33768,175,0
33768,176,0
33768,177,0
33768,178,0
33768,181,0
33768,182,0
33768,183,0
33768,184,0
33768,194,0
33768,196,0
33768,197,0
33768,198,0
33768,200,0
33768,201,1
33768,202,0
33768,203,0
33770,1,1
33770,2,1
33770,3,0
33770,5,1
33770,6,1
33770,7,1
33770,29,0
33770,30,0
33770,31,0
33770,32,0
33770,33,0
33770,34,0
33770,35,1
33770,36,0
33770,37,1
33770,39,0
33770,40,0
33770,41,0
33770,49,1
33770,50,1
33770,52,1
33770,53,1
33770,54,1
33770,56,1
33770,57,1
33770,59,1
33770,60,1
33770,61,1
33770,63,1
33770,64,1
33770,65,1
33770,66,1
33770,67,1
33770,72,1
33770,73,1
33770,74,1
33770,82,1
33770,83,1
33770,84,1
33770,86,1
33770,87,1
33770,88,1
33770,90,1
33770,91,1
33770,92,1
33770,93,1
33770,147,0
33770,148,1
33770,149,0
33770,150,0
33770,152,1
33770,153,1
33770,154,0
33770,155,1
33770,157,0
33770,159,0
33770,160,0
33770,164,0
33770,170,0
33770,171,0
33770,172,0
33770,173,0
33770,174,0
33770,175,0
33770,176,0
33770,177,0
33770,178,0
33770,181,0
33770,182,0
33770,183,0
33770,184,0
33770,194,0
33770,196,0
33770,197,0
33770,198,0
33770,200,0
33770,201,1
33770,202,0
33770,203,0
33778,1,1
33778,2,0
33778,3,1
33778,5,1
33778,6,1
33778,7,1
33778,29,1
33778,30,0
33778,31,1
33778,32,0
33778,33,0
33778,34,0
33778,35,0
33778,36,0
33778,37,0
33778,39,0
33778,40,0
33778,41,0
33778,49,1
33778,50,1
33778,52,1
33778,53,1
33778,54,1
33778,56,1
33778,57,1
33778,59,1
33778,60,1
33778,61,1
33778,63,1
33778,64,1
33778,65,1
33778,66,1
33778,67,1
33778,72,1
33778,73,1
33778,74,1
33778,82,1
33778,83,1
33778,84,1
33778,86,1
33778,87,1
33778,88,1
33778,90,1
33778,91,1
33778,92,1
33778,93,1
33778,147,1
33778,148,0
33778,149,0
33778,150,0
33778,194,0
33778,196,0
33778,197,0
33778,198,0
33778,200,0
33778,201,1
33778,202,0
33778,203,0
33779,1,1
33779,2,0
33779,3,1
33779,5,1
33779,6,1
33779,7,1
33779,49,1
33779,50,1
33779,52,1
33779,53,1
33779,54,1
33779,56,1
33779,57,1
33779,59,1
33779,60,1
33779,61,1
33779,63,1
33779,64,1
33779,65,1
33779,66,1
33779,67,1
33779,72,1
33779,73,1
33779,74,1
33779,82,1
33779,83,1
33779,84,1
33779,86,1
33779,87,1
33779,88,1
33779,90,1
33779,91,1
33779,92,1
33779,93,1
33779,147,1
33779,148,0
33779,149,0
33779,150,0
33779,194,0
33779,196,0
33779,197,0
33779,198,0
33779,200,0
33779,201,1
33779,202,0
33779,203,0
33787,1,1
33787,2,1
33787,3,0
33787,5,1
33787,6,1
33787,7,1
33787,9,0
33787,10,0
33787,11,0
33787,12,1
33787,29,0
33787,30,0
33787,31,0
33787,32,1
33787,35,0
33787,36,0
33787,37,0
33787,39,0
33787,40,0
33787,41,0
33787,49,1
33787,50,1
33787,52,1
33787,53,1
33787,54,1
33787,56,1
33787,57,1
33787,59,1
33787,60,1
33787,61,1
33787,63,1
33787,64,1
33787,65,1
33787,66,1
33787,67,1
33787,72,1
33787,73,1
33787,74,1
33787,82,1
33787,83,1
33787,84,1
33787,86,1
33787,87,1
33787,88,1
33787,90,1
33787,91,1
33787,92,1
33787,93,0
33787,147,0
33787,148,1
33787,149,0
33787,150,0
33787,152,1
33787,153,1
33787,154,0
33787,155,1
33787,157,0
33787,159,0
33787,160,0
33787,164,0
33787,170,0
33787,171,0
33787,172,0
33787,173,0
33787,174,0
33787,175,0
33787,176,0
33787,177,0
33787,178,0
33787,181,0
33787,182,0
33787,183,0
33787,184,0
33787,194,0
33787,196,0
33787,197,0
33787,198,0
33787,200,0
33787,201,1
33787,202,0
33787,203,1
33896,1,1
33896,2,0
33896,3,1
33896,5,1
33896,6,1
33896,7,1
33896,9,0
33896,10,0
33896,11,0
33896,12,0
33896,29,0
33896,30,0
33896,31,0
33896,32,0
33896,33,0
33896,34,0
33896,35,0
33896,36,0
33896,37,0
33896,39,1
33896,49,1
33896,50,1
33896,52,1
33896,53,1
33896,54,1
33896,56,0
33896,57,1
33896,59,1
33896,60,1
33896,61,1
33896,63,1
33896,64,1
33896,65,1
33896,66,1
33896,67,1
33896,72,1
33896,73,1
33896,74,1
33896,82,1
33896,83,1
33896,84,1
33896,86,1
33896,87,1
33896,88,1
33896,90,1
33896,91,1
33896,92,1
33896,93,1
33896,147,0
33896,148,0
33896,149,1
33896,150,0
33896,152,1
33896,153,1
33896,154,0
33896,155,1
33896,157,0
33896,159,0
33896,160,0
33896,164,0
33896,170,0
33896,171,0
33896,172,0
33896,173,0
33896,174,0
33896,175,0
33896,176,0
33896,177,0
33896,178,0
33896,181,0
33896,182,0
33896,183,0
33896,184,0
33896,194,1
33896,196,1
33896,197,0
33896,198,0
33896,200,0
33896,201,1
33896,202,0
33896,203,0
33902,1,1
33902,2,1
33902,3,0
33902,5,1
33902,6,1
33902,7,1
33902,49,1
33902,50,1
33902,52,1
33902,53,1
33902,54,1
33902,56,1
33902,57,1
33902,59,1
33902,60,1
33902,61,1
33902,63,1
33902,64,1
33902,65,1
33902,66,1
33902,67,1
33902,72,0
33902,73,0
33902,74,1
33902,82,1
33902,83,1
33902,84,1
33902,86,1
33902,87,1
33902,88,1
33902,90,1
33902,91,1
33902,92,0
33902,93,0
33902,147,1
33902,148,0
33902,149,0
33902,150,0
33902,194,0
33902,196,0
33902,197,0
33902,198,0
33902,200,0
33902,201,0
33902,202,0
33902,203,0
33903,1,1
33903,2,0
33903,3,1
33903,5,1
33903,6,1
33903,7,1
33903,72,1
33903,73,1
33903,74,1
33903,82,1
33903,83,1
33903,84,1
33903,86,1
33903,87,1
33903,88,1
33903,90,1
33903,91,1
33903,92,1
33903,93,1
33903,147,1
33903,148,0
33903,149,0
33903,150,0
33903,194,0
33903,196,0
33903,197,0
33903,198,0
33903,200,0
33903,201,1
33903,202,0
33903,203,0
33908,1,1
33908,2,0
33908,3,1
33908,5,1
33908,6,1
33908,7,1
33908,9,0
33908,10,1
33908,11,0
33908,12,0
33908,29,0
33908,30,0
33908,31,0
33908,32,0
33908,33,0
33908,34,0
33908,35,0
33908,36,0
33908,37,0
33908,39,1
33908,49,1
33908,50,1
33908,52,1
33908,53,1
33908,54,1
33908,56,1
33908,57,1
33908,59,1
33908,60,1
33908,61,1
33908,63,1
33908,64,1
33908,65,1
33908,66,1
33908,67,1
33908,72,1
33908,73,1
33908,74,1
33908,82,1
33908,83,1
33908,84,1
33908,86,1
33908,87,1
33908,88,1
33908,90,1
33908,91,1
33908,92,1
33908,93,1
33908,147,0
33908,148,0
33908,149,1
33908,150,0
33908,152,1
33908,153,1
33908,154,0
33908,155,1
33908,157,1
33908,159,0
33908,160,0
33908,164,0
33908,170,0
33908,171,0
33908,172,0
33908,173,0
33908,174,0
33908,175,0
33908,176,0
33908,177,0
33908,178,0
33908,181,0
33908,182,0
33908,183,0
33908,184,0
33908,194,1
33908,196,1
33908,197,0
33908,198,0
33908,200,0
33908,201,1
33908,202,0
33908,203,0
33909,1,1
33909,2,0
33909,3,1
33909,5,1
33909,6,1
33909,7,1
33909,72,1
33909,73,1
33909,74,1
33909,82,1
33909,83,1
33909,84,1
33909,86,1
33909,87,1
33909,88,1
33909,90,1
33909,91,1
33909,92,1
33909,93,1
33909,147,1
33909,148,0
33909,149,0
33909,150,0
33909,194,0
33909,196,0
33909,197,0
33909,198,0
33909,200,0
33909,201,0
33909,202,0
33909,203,0
33910,1,1
33910,2,0
33910,3,1
33910,5,1
33910,6,1
33910,7,1
33910,29,1
33910,30,1
33910,31,0
33910,32,0
33910,33,0
33910,34,0
33910,35,0
33910,36,0
33910,37,0
33910,39,0
33910,40,0
33910,41,0
33910,49,1
33910,50,1
33910,52,1
33910,53,1
33910,54,1
33910,56,1
33910,57,1
33910,59,1
33910,60,1
33910,61,1
33910,63,1
33910,64,1
33910,65,1
33910,66,1
33910,67,1
33910,72,0
33910,73,1
33910,74,1
33910,82,1
33910,83,1
33910,84,1
33910,86,1
33910,87,1
33910,88,1
33910,90,1
33910,91,1
33910,92,1
33910,93,1
33910,147,1
33910,148,0
33910,149,0
33910,150,0
33910,194,0
33910,196,0
33910,197,0
33910,198,0
33910,200,0
33910,201,0
33910,202,0
33910,203,0
33914,1,1
33914,2,0
33914,3,1
33914,5,1
33914,6,1
33914,7,1
33914,29,0
33914,30,0
33914,31,0
33914,32,1
33914,33,1
33914,34,0
33914,35,0
33914,36,0
33914,37,0
33914,39,0
33914,40,0
33914,41,0
33914,72,1
33914,73,1
33914,74,1
33914,82,1
33914,83,1
33914,84,1
33914,90,1
33914,91,1
33914,92,1
33914,93,1
33914,147,1
33914,148,0
33914,149,0
33914,150,0
33914,194,0
33914,196,0
33914,197,0
33914,198,0
33914,200,0
33914,201,1
33914,202,0
33914,203,0
33916,1,1
33916,2,0
33916,3,1
33916,5,1
33916,6,1
33916,7,1
33916,72,1
33916,73,1
33916,74,1
33916,82,1
33916,83,1
33916,84,1
33916,86,1
33916,87,1
33916,88,1
33916,90,1
33916,91,1
33916,92,1
33916,93,1
33916,147,1
33916,148,0
33916,149,0
33916,150,0
33916,194,0
33916,196,0
33916,197,0
33916,198,0
33916,200,0
33916,201,0
33916,202,0
33916,203,0
33919,1,1
33919,2,1
33919,3,0
33919,5,1
33919,6,1
33919,7,1
33919,49,0
33919,50,1
33919,52,1
33919,53,1
33919,54,1
33919,56,1
33919,57,1
33919,59,1
33919,60,1
33919,61,1
33919,63,1
33919,64,1
33919,65,1
33919,66,1
33919,67,1
33919,72,1
33919,73,1
33919,74,1
33919,82,1
33919,83,1
33919,84,1
33919,86,1
33919,87,1
33919,88,1
33919,90,1
33919,91,1
33919,92,1
33919,93,0
33919,147,1
33919,148,0
33919,149,0
33919,150,0
33919,194,0
33919,196,0
33919,197,0
33919,198,0
33919,200,0
33919,201,1
33919,202,0
33919,203,0
33924,1,1
33924,2,0
33924,3,1
33924,5,1
33924,6,1
33924,7,1
33924,29,1
33924,30,1
33924,31,0
33924,32,0
33924,33,0
33924,34,0
33924,35,0
33924,36,0
33924,37,0
33924,39,0
33924,40,0
33924,41,0
33924,49,1
33924,50,1
33924,52,1
33924,53,1
33924,54,1
33924,56,1
33924,57,1
33924,59,1
33924,60,1
33924,61,1
33924,63,1
33924,64,1
33924,65,1
33924,66,1
33924,67,1
33924,72,1
33924,73,1
33924,74,1
33924,82,1
33924,83,1
33924,84,1
33924,86,1
33924,87,1
33924,88,1
33924,90,1
33924,91,1
33924,92,1
33924,93,1
33924,147,1
33924,148,0
33924,149,0
33924,150,0
33924,194,0
33924,196,0
33924,197,0
33924,198,0
33924,200,0
33924,201,0
33924,202,0
33924,203,0
33925,1,1
33925,2,0
33925,3,1
33925,5,1
33925,6,1
33925,7,1
33925,29,0
33925,30,0
33925,31,0
33925,32,0
33925,33,0
33925,34,0
33925,35,1
33925,36,1
33925,37,0
33925,39,0
33925,40,0
33925,41,0
33925,49,1
33925,50,1
33925,52,1
33925,53,1
33925,54,1
33925,56,1
33925,57,1
33925,59,1
33925,60,1
33925,61,1
33925,63,1
33925,64,1
33925,65,1
33925,66,1
33925,67,1
33925,72,1
33925,73,1
33925,74,1
33925,82,1
33925,83,1
33925,84,1
33925,86,1
33925,87,1
33925,88,1
33925,90,1
33925,91,1
33925,92,1
33925,93,1
33925,147,1
33925,148,0
33925,149,0
33925,150,0
33925,194,0
33925,196,0
33925,197,0
33925,198,0
33925,200,0
33925,201,1
33925,202,0
33925,203,0
33926,1,1
33926,2,0
33926,3,1
33926,5,1
33926,6,1
33926,7,1
33926,29,1
33926,30,0
33926,31,1
33926,32,0
33926,33,0
33926,34,0
33926,35,0
33926,36,0
33926,37,0
33926,39,0
33926,40,0
33926,41,0
33926,49,1
33926,50,1
33926,52,1
33926,53,1
33926,54,1
33926,56,1
33926,57,1
33926,59,1
33926,60,1
33926,61,1
33926,63,1
33926,64,1
33926,65,1
33926,66,1
33926,67,1
33926,72,1
33926,73,1
33926,74,1
33926,82,1
33926,83,1
33926,84,1
33926,86,1
33926,87,1
33926,88,0
33926,90,1
33926,91,1
33926,92,1
33926,93,1
33926,147,1
33926,148,0
33926,149,0
33926,150,0
33926,194,0
33926,196,1
33926,197,0
33926,198,0
33926,200,0
33926,201,1
33926,202,0
33926,203,0
33927,1,1
33927,2,0
33927,3,1
33927,5,1
33927,6,1
33927,7,1
33927,82,1
33927,83,1
33927,84,1
33927,86,1
33927,87,1
33927,88,1
33927,90,1
33927,91,1
33927,92,1
33927,93,1
33927,147,1
33927,148,0
33927,149,0
33927,150,0
33927,194,0
33927,196,0
33927,197,0
33927,198,0
33927,200,0
33927,201,0
33927,202,0
33927,203,0
33933,1,1
33933,2,0
33933,3,1
33933,5,1
33933,6,1
33933,7,1
33933,49,1
33933,50,1
33933,52,1
33933,53,1
33933,54,1
33933,56,1
33933,57,1
33933,59,1
33933,60,1
33933,61,1
33933,63,1
33933,64,1
33933,65,1
33933,66,1
33933,67,1
33933,72,1
33933,73,1
33933,74,1
33933,82,1
33933,83,1
33933,84,1
33933,86,1
33933,87,1
33933,88,1
33933,90,1
33933,91,1
33933,92,1
33933,93,1
33933,147,1
33933,148,0
33933,149,0
33933,150,0
33933,194,0
33933,196,0
33933,197,0
33933,198,0
33933,200,0
33933,201,1
33933,202,0
33933,203,0
33936,1,1
33936,2,0
33936,3,1
33936,5,1
33936,6,1
33936,7,1
33936,9,1
33936,10,0
33936,11,0
33936,12,0
33936,29,1
33936,32,0
33936,33,0
33936,34,0
33936,35,0
33936,36,0
33936,37,0
33936,39,0
33936,40,0
33936,41,0
33936,49,1
33936,50,1
33936,52,1
33936,53,1
33936,54,1
33936,56,1
33936,57,1
33936,59,1
33936,60,1
33936,61,1
33936,63,1
33936,64,1
33936,65,1
33936,66,1
33936,67,1
33936,72,1
33936,73,1
33936,74,1
33936,82,1
33936,83,1
33936,84,1
33936,86,1
33936,87,1
33936,88,1
33936,90,1
33936,91,1
33936,92,1
33936,93,1
33936,147,0
33936,148,0
33936,149,1
33936,150,0
33936,152,0
33936,153,0
33936,154,0
33936,155,0
33936,157,1
33936,159,1
33936,160,0
33936,164,0
33936,170,1
33936,171,0
33936,172,0
33936,173,0
33936,174,0
33936,175,0
33936,176,0
33936,177,0
33936,178,0
33936,181,0
33936,182,0
33936,183,0
33936,184,0
33936,194,0
33936,196,1
33936,197,0
33936,198,0
33936,200,0
33936,201,1
33936,202,0
33936,203,0
33937,1,1
33937,5,1
33937,6,1
33937,7,1
33937,29,0
33937,30,0
33937,31,0
33937,32,0
33937,33,0
33937,34,0
33937,35,0
33937,36,0
33937,37,0
33937,39,1
33937,49,1
33937,50,1
33937,52,1
33937,53,1
33937,54,1
33937,56,1
33937,57,1
33937,59,1
33937,60,1
33937,61,1
33937,63,1
33937,64,1
33937,65,1
33937,66,1
33937,67,1
33937,72,1
33937,73,1
33937,74,1
33937,82,1
33937,83,1
33937,84,1
33937,86,1
33937,87,1
33937,88,1
33937,90,1
33937,91,1
33937,92,1
33937,93,0
33937,147,0
33937,148,1
33937,149,0
33937,150,0
33937,152,1
33937,153,1
33937,154,0
33937,155,1
33937,157,0
33937,159,0
33937,160,0
33937,164,0
33937,170,0
33937,171,0
33937,172,0
33937,173,0
33937,174,0
33937,175,0
33937,176,0
33937,177,0
33937,178,0
33937,181,0
33937,182,0
33937,183,0
33937,184,0
33937,194,0
33937,196,0
33937,197,0
33937,198,0
33937,200,0
33937,201,1
33937,202,0
33937,203,0
33943,1,1
33943,2,0
33943,3,1
33943,5,1
33943,6,1
33943,7,1
33943,72,1
33943,73,1
33943,74,1
33943,82,1
33943,83,1
33943,84,1
33943,86,1
33943,87,1
33943,88,1
33943,90,1
33943,91,0
33943,92,0
33943,93,0
33943,147,1
33943,148,0
33943,149,0
33943,150,0
33943,194,0
33943,196,0
33943,197,0
33943,198,0
33943,200,0
33943,201,1
33943,202,0
33943,203,0
33946,1,1
33946,2,0
33946,3,1
33946,5,1
33946,6,1
33946,7,1
33946,29,1
33946,32,0
33946,33,0
33946,34,0
33946,35,0
33946,36,0
33946,37,0
33946,39,0
33946,40,0
33946,41,0
33946,49,1
33946,50,1
33946,52,1
33946,53,1
33946,54,1
33946,56,1
33946,57,1
33946,59,1
33946,60,1
33946,61,1
33946,63,1
33946,64,1
33946,65,1
33946,66,1
33946,67,1
33946,72,1
33946,73,1
33946,74,1
33946,82,1
33946,83,1
33946,84,1
33946,86,1
33946,87,1
33946,88,1
33946,90,1
33946,91,1
33946,92,1
33946,93,1
33946,147,1
33946,148,0
33946,149,0
33946,150,0
33946,194,0
33946,196,0
33946,197,0
33946,198,0
33946,200,0
33946,201,0
33946,202,0
33946,203,0
33948,1,1
33948,2,0
33948,3,1
33948,5,1
33948,6,1
33948,7,1
33948,29,1
33948,30,1
33948,31,0
33948,32,0
33948,33,0
33948,34,0
33948,35,0
33948,36,0
33948,37,0
33948,39,0
33948,40,0
33948,41,0
33948,49,1
33948,50,1
33948,52,1
33948,53,1
33948,54,1
33948,56,1
33948,57,1
33948,59,1
33948,60,1
33948,61,1
33948,63,1
33948,64,1
33948,65,1
33948,66,1
33948,67,1
33948,72,1
33948,73,1
33948,74,1
33948,82,1
33948,83,1
33948,84,1
33948,86,1
33948,87,1
33948,88,1
33948,90,1
33948,91,1
33948,92,1
33948,93,1
33948,147,1
33948,148,0
33948,149,0
33948,150,0
33948,194,0
33948,196,0
33948,197,0
33948,198,0
33948,200,0
33948,201,1
33948,202,0
33948,203,0
33951,1,1
33951,2,1
33951,3,0
33951,5,1
33951,6,1
33951,7,1
33951,49,1
33951,50,1
33951,52,1
33951,53,1
33951,54,1
33951,56,1
33951,57,1
33951,59,1
33951,60,1
33951,61,1
33951,63,1
33951,64,1
33951,65,1
33951,66,1
33951,67,1
33951,72,1
33951,73,1
33951,74,1
33951,82,1
33951,83,1
33951,84,1
33951,86,1
33951,87,1
33951,88,1
33951,90,1
33951,91,1
33951,92,1
33951,93,1
33951,147,1
33951,148,0
33951,149,0
33951,150,0
33951,194,0
33951,196,0
33951,197,0
33951,198,0
33951,200,0
33951,201,0
33951,202,0
33951,203,0
33959,1,1
33959,2,0
33959,3,1
33959,5,1
33959,6,1
33959,7,1
33959,49,1
33959,50,1
33959,52,1
33959,53,1
33959,54,1
33959,56,1
33959,57,1
33959,59,1
33959,60,1
33959,61,1
33959,63,1
33959,64,1
33959,65,1
33959,66,1
33959,67,1
33959,72,1
33959,73,1
33959,74,1
33959,82,1
33959,83,1
33959,84,1
33959,86,1
33959,87,1
33959,88,1
33959,90,1
33959,91,1
33959,92,1
33959,93,1
33959,147,1
33959,148,0
33959,149,0
33959,150,0
33959,194,0
33959,196,0
33959,197,0
33959,198,0
33959,200,0
33959,201,1
33959,202,0
33959,203,0
33971,1,1
33971,2,0
33971,3,1
33971,5,1
33971,6,1
33971,7,1
33971,56,1
33971,57,1
33971,59,1
33971,60,1
33971,61,1
33971,63,1
33971,64,1
33971,65,1
33971,66,1
33971,67,1
33971,72,1
33971,73,1
33971,74,1
33971,82,1
33971,83,1
33971,84,1
33971,86,1
33971,87,1
33971,88,1
33971,90,1
33971,91,1
33971,92,1
33971,93,0
33971,147,1
33971,148,0
33971,149,0
33971,150,0
33971,194,0
33971,196,0
33971,197,0
33971,198,0
33971,200,0
33971,201,1
33971,202,0
33971,203,0
33975,1,1
33975,2,0
33975,3,1
33975,5,1
33975,6,1
33975,7,1
33975,9,1
33975,10,0
33975,11,0
33975,12,0
33975,29,0
33975,30,0
33975,31,0
33975,32,0
33975,33,0
33975,34,0
33975,35,1
33975,36,1
33975,37,0
33975,39,0
33975,40,0
33975,41,0
33975,49,1
33975,50,1
33975,52,1
33975,53,1
33975,54,1
33975,56,1
33975,57,1
33975,59,1
33975,60,1
33975,61,1
33975,63,1
33975,64,1
33975,65,1
33975,66,1
33975,67,1
33975,72,0
33975,73,1
33975,74,1
33975,82,1
33975,83,1
33975,84,1
33975,86,1
33975,87,1
33975,88,1
33975,90,1
33975,91,1
33975,92,1
33975,93,1
33975,147,0
33975,148,1
33975,149,0
33975,150,0
33975,152,1
33975,153,1
33975,154,1
33975,155,0
33975,157,0
33975,159,0
33975,160,0
33975,164,0
33975,170,0
33975,171,0
33975,172,0
33975,173,0
33975,174,0
33975,175,0
33975,176,0
33975,177,0
33975,178,0
33975,181,0
33975,182,0
33975,183,0
33975,184,0
33975,194,0
33975,196,0
33975,197,0
33975,198,0
33975,200,0
33975,201,1
33975,202,0
33975,203,0
33981,1,1
33981,2,0
33981,3,1
33981,5,1
33981,6,1
33981,7,1
33981,29,1
33981,30,1
33981,31,0
33981,32,0
33981,33,0
33981,34,0
33981,35,0
33981,36,0
33981,37,0
33981,39,0
33981,40,0
33981,41,0
33981,56,1
33981,57,1
33981,59,1
33981,60,1
33981,61,1
33981,63,1
33981,64,1
33981,65,1
33981,66,1
33981,67,1
33981,72,1
33981,73,1
33981,74,1
33981,82,1
33981,83,1
33981,84,1
33981,86,1
33981,87,1
33981,88,1
33981,90,1
33981,91,1
33981,92,1
33981,93,1
33981,147,1
33981,148,0
33981,149,0
33981,150,0
33981,194,0
33981,196,0
33981,197,0
33981,198,0
33981,200,0
33981,201,0
33981,202,0
33981,203,1
33982,1,1
33982,2,0
33982,3,1
33982,5,1
33982,6,1
33982,7,1
33982,49,1
33982,50,1
33982,52,1
33982,53,1
33982,54,1
33982,56,1
33982,57,1
33982,59,1
33982,60,1
33982,61,1
33982,63,1
33982,64,1
33982,65,1
33982,66,1
33982,67,1
33982,72,1
33982,73,1
33982,74,1
33982,82,1
33982,83,1
33982,84,1
33982,90,1
33982,91,1
33982,92,1
33982,93,1
33982,147,1
33982,148,0
33982,149,0
33982,150,0
33982,194,0
33982,196,0
33982,197,0
33982,198,0
33982,200,0
33982,201,1
33982,202,0
33982,203,0
33988,1,1
33988,2,0
33988,3,1
33988,5,1
33988,6,1
33988,7,1
33988,29,1
33988,30,0
33988,31,1
33988,32,0
33988,33,0
33988,34,0
33988,35,0
33988,36,0
33988,37,0
33988,39,0
33988,40,0
33988,41,0
33988,72,1
33988,73,1
33988,74,1
33988,82,1
33988,83,1
33988,84,1
33988,86,1
33988,87,1
33988,88,1
33988,90,1
33988,91,1
33988,92,1
33988,93,1
33988,147,1
33988,148,0
33988,149,0
33988,150,0
33988,194,0
33988,196,0
33988,197,0
33988,198,0
33988,200,0
33988,201,1
33988,202,0
33988,203,0
33994,1,1
33994,2,1
33994,3,0
33994,5,1
33994,6,1
33994,7,1
33994,49,0
33994,50,1
33994,52,1
33994,53,1
33994,54,1
33994,56,1
33994,57,1
33994,59,1
33994,60,1
33994,61,1
33994,63,0
33994,64,1
33994,65,1
33994,66,1
33994,67,1
33994,72,1
33994,73,1
33994,74,1
33994,82,1
33994,83,1
33994,84,1
33994,86,1
33994,87,1
33994,88,1
33994,90,1
33994,91,1
33994,92,1
33994,93,1
33994,147,1
33994,148,0
33994,149,0
33994,150,0
33994,194,0
33994,196,0
33994,197,0
33994,198,0
33994,200,0
33994,201,0
33994,202,0
33994,203,0
33997,1,1
33997,2,0
33997,3,1
33997,5,1
33997,6,1
33997,7,1
33997,49,1
33997,50,1
33997,52,1
33997,53,1
33997,54,1
33997,56,1
33997,57,1
33997,59,1
33997,60,1
33997,61,1
33997,63,1
33997,64,1
33997,65,1
33997,66,1
33997,67,1
33997,72,1
33997,73,1
33997,74,1
33997,82,1
33997,83,1
33997,84,1
33997,86,1
33997,87,1
33997,88,1
33997,90,1
33997,91,1
33997,92,1
33997,93,1
33997,147,1
33997,148,0
33997,149,0
33997,150,0
33997,194,0
33997,196,0
33997,197,0
33997,198,0
33997,200,0
33997,201,1
33997,202,0
33997,203,0
34001,1,1
34001,2,0
34001,3,1
34001,5,1
34001,6,1
34001,7,1
34001,9,0
34001,10,0
34001,11,0
34001,12,0
34001,29,0
34001,30,0
34001,31,0
34001,32,0
34001,33,0
34001,34,0
34001,35,0
34001,36,0
34001,37,0
34001,39,1
34001,49,1
34001,50,1
34001,52,1
34001,53,1
34001,54,1
34001,56,1
34001,57,1
34001,59,1
34001,60,1
34001,61,1
34001,63,1
34001,64,1
34001,65,1
34001,66,1
34001,67,1
34001,72,1
34001,73,1
34001,74,1
34001,82,1
34001,83,1
34001,84,1
34001,86,1
34001,87,1
34001,88,1
34001,90,1
34001,91,1
34001,92,1
34001,93,1
34001,147,1
34001,148,0
34001,149,0
34001,150,0
34001,194,1
34001,196,1
34001,197,0
34001,198,0
34001,200,0
34001,201,1
34001,202,0
34001,203,0
34002,1,1
34002,2,1
34002,3,0
34002,5,1
34002,6,1
34002,7,1
34002,56,1
34002,57,1
34002,59,1
34002,60,1
34002,61,1
34002,63,1
34002,64,1
34002,65,1
34002,66,1
34002,67,1
34002,72,1
34002,73,1
34002,74,1
34002,82,1
34002,83,1
34002,84,1
34002,86,1
34002,87,1
34002,88,1
34002,90,1
34002,91,1
34002,92,1
34002,93,1
34002,147,1
34002,148,0
34002,149,0
34002,150,0
34002,194,0
34002,196,0
34002,197,0
34002,198,0
34002,200,0
34002,201,1
34002,202,0
34002,203,0
34009,1,1
34009,2,0
34009,3,1
34009,5,1
34009,6,1
34009,7,1
34009,29,1
34009,30,1
34009,31,0
34009,32,0
34009,33,0
34009,34,0
34009,35,0
34009,36,0
34009,37,0
34009,39,0
34009,40,0
34009,41,0
34009,49,1
34009,50,1
34009,52,1
34009,53,1
34009,54,1
34009,56,1
34009,57,1
34009,59,1
34009,60,1
34009,61,1
34009,63,1
34009,64,1
34009,65,1
34009,66,1
34009,67,1
34009,72,1
34009,73,1
34009,74,1
34009,82,1
34009,83,1
34009,84,1
34009,86,1
34009,87,1
34009,88,1
34009,90,1
34009,91,1
34009,92,1
34009,93,1
34009,147,1
34009,148,0
34009,149,0
34009,150,0
34009,194,0
34009,196,0
34009,197,0
34009,198,0
34009,200,0
34009,201,1
34009,202,0
34009,203,0
34010,1,1
34010,2,0
34010,3,1
34010,5,1
34010,6,1
34010,7,1
34010,29,0
34010,30,0
34010,31,0
34010,32,1
34010,33,1
34010,34,0
34010,35,0
34010,36,0
34010,37,0
34010,39,0
34010,40,0
34010,41,0
34010,49,1
34010,50,1
34010,52,1
34010,53,1
34010,54,1
34010,56,1
34010,57,1
34010,59,1
34010,60,1
34010,61,1
34010,63,1
34010,64,1
34010,65,1
34010,66,1
34010,67,1
34010,72,1
34010,73,1
34010,74,1
34010,82,1
34010,83,1
34010,84,1
34010,86,1
34010,87,1
34010,88,1
34010,90,1
34010,91,1
34010,92,1
34010,93,0
34010,147,1
34010,148,0
34010,149,0
34010,150,0
34010,194,0
34010,196,0
34010,197,0
34010,198,0
34010,200,0
34010,201,1
34010,202,0
34010,203,1
34020,1,1
34020,5,1
34020,6,1
34020,7,1
34020,29,0
34020,30,0
34020,31,0
34020,32,0
34020,33,0
34020,34,0
34020,35,0
34020,36,0
34020,37,0
34020,39,1
34020,49,1
34020,50,1
34020,52,1
34020,53,1
34020,54,1
34020,56,1
34020,57,1
34020,59,1
34020,60,1
34020,61,1
34020,63,1
34020,64,1
34020,65,1
34020,66,1
34020,67,1
34020,72,1
34020,73,1
34020,74,1
34020,82,1
34020,83,1
34020,84,1
34020,86,1
34020,87,1
34020,88,1
34020,90,1
34020,91,1
34020,92,1
34020,93,1
34020,147,1
34020,148,0
34020,149,0
34020,150,0
34020,194,0
34020,196,1
34020,197,0
34020,198,0
34020,200,0
34020,201,1
34020,202,1
34020,203,0
34023,1,1
34023,2,0
34023,3,1
34023,5,1
34023,6,1
34023,7,1
34023,49,1
34023,50,1
34023,52,1
34023,53,1
34023,54,1
34023,56,1
34023,57,1
34023,59,1
34023,60,1
34023,61,1
34023,63,1
34023,64,1
34023,65,1
34023,66,1
34023,67,1
34023,72,1
34023,73,1
34023,74,1
34023,82,1
34023,83,1
34023,84,1
34023,86,1
34023,87,1
34023,88,1
34023,90,1
34023,91,1
34023,92,1
34023,93,1
34023,147,1
34023,148,0
34023,149,0
34023,150,0
34023,194,0
34023,196,0
34023,197,0
34023,198,0
34023,200,0
34023,201,1
34023,202,0
34023,203,0
34239,1,1
34239,2,0
34239,3,1
34239,5,1
34239,6,1
34239,7,1
34239,29,1
34239,32,0
34239,33,0
34239,34,0
34239,35,0
34239,36,0
34239,37,0
34239,39,0
34239,40,0
34239,41,0
34239,56,1
34239,57,1
34239,59,1
34239,60,1
34239,61,1
34239,63,1
34239,64,1
34239,65,1
34239,66,1
34239,67,1
34239,72,1
34239,73,1
34239,74,1
34239,82,1
34239,83,1
34239,84,1
34239,86,1
34239,87,1
34239,88,1
34239,90,1
34239,91,1
34239,92,1
34239,93,1
34239,147,1
34239,148,0
34239,149,0
34239,150,0
34239,194,0
34239,196,0
34239,197,0
34239,198,0
34239,200,0
34239,201,1
34239,202,0
34239,203,0
34245,1,1
34245,2,0
34245,3,1
34245,5,1
34245,6,1
34245,7,1
34245,29,1
34245,30,1
34245,31,0
34245,32,0
34245,33,0
34245,34,0
34245,35,0
34245,36,0
34245,37,0
34245,39,0
34245,40,0
34245,41,0
34245,49,1
34245,50,1
34245,52,1
34245,53,1
34245,54,1
34245,56,1
34245,57,1
34245,59,1
34245,60,1
34245,61,1
34245,63,1
34245,64,1
34245,65,1
34245,66,1
34245,67,1
34245,72,1
34245,73,1
34245,74,1
34245,82,1
34245,83,1
34245,84,1
34245,86,1
34245,87,1
34245,88,1
34245,90,1
34245,91,1
34245,92,1
34245,93,1
34245,147,1
34245,148,0
34245,149,0
34245,150,0
34245,194,0
34245,196,0
34245,197,0
34245,198,0
34245,200,0
34245,201,1
34245,202,0
34245,203,0
34246,1,1
34246,2,0
34246,3,1
34246,5,1
34246,6,1
34246,7,1
34246,29,1
34246,32,0
34246,33,0
34246,34,0
34246,35,0
34246,36,0
34246,37,0
34246,39,0
34246,40,0
34246,41,0
34246,49,1
34246,50,1
34246,52,1
34246,53,1
34246,54,1
34246,56,1
34246,57,1
34246,59,1
34246,60,1
34246,61,1
34246,63,1
34246,64,1
34246,65,1
34246,66,1
34246,67,1
34246,72,1
34246,73,1
34246,74,1
34246,82,1
34246,83,1
34246,84,1
34246,86,1
34246,87,1
34246,88,1
34246,90,1
34246,91,1
34246,92,1
34246,93,1
34246,147,1
34246,148,0
34246,149,0
34246,150,0
34246,194,0
34246,196,0
34246,197,0
34246,198,0
34246,200,0
34246,201,1
34246,202,0
34246,203,0
34248,1,1
34248,2,1
34248,3,0
34248,5,1
34248,6,1
34248,7,1
34248,72,1
34248,73,1
34248,74,1
34248,82,1
34248,83,1
34248,84,1
34248,86,1
34248,87,1
34248,88,1
34248,90,1
34248,91,1
34248,92,1
34248,93,0
34248,147,1
34248,148,0
34248,149,0
34248,150,0
34248,194,0
34248,196,0
34248,197,0
34248,198,0
34248,200,0
34248,201,1
34248,202,0
34248,203,0
34250,1,1
34250,2,0
34250,3,1
34250,5,1
34250,6,1
34250,7,1
34250,9,1
34250,10,0
34250,11,0
34250,12,0
34250,49,1
34250,50,1
34250,52,1
34250,53,1
34250,54,1
34250,56,1
34250,57,1
34250,59,1
34250,60,1
34250,61,1
34250,63,1
34250,64,1
34250,65,1
34250,66,1
34250,67,1
34250,72,0
34250,73,0
34250,74,1
34250,82,1
34250,83,1
34250,84,1
34250,86,1
34250,87,1
34250,88,1
34250,90,1
34250,91,1
34250,92,1
34250,93,1
34250,147,1
34250,148,0
34250,149,0
34250,150,0
34250,194,0
34250,196,0
34250,197,0
34250,198,0
34250,200,0
34250,201,0
34250,202,0
34250,203,0
34262,1,1
34262,2,0
34262,3,1
34262,5,1
34262,6,1
34262,7,1
34262,49,1
34262,50,1
34262,52,1
34262,53,1
34262,54,1
34262,56,1
34262,57,1
34262,59,1
34262,60,1
34262,61,1
34262,63,1
34262,64,1
34262,65,1
34262,66,1
34262,67,1
34262,72,1
34262,73,1
34262,74,1
34262,82,1
34262,83,1
34262,84,1
34262,86,1
34262,87,1
34262,88,1
34262,90,1
34262,91,0
34262,92,0
34262,93,0
34262,147,1
34262,148,0
34262,149,0
34262,150,0
34262,194,0
34262,196,1
34262,197,0
34262,198,0
34262,200,0
34262,201,1
34262,202,0
34262,203,0
34273,1,1
34273,2,0
34273,3,1
34273,5,1
34273,6,1
34273,7,1
34273,9,0
34273,10,0
34273,11,0
34273,12,0
34273,49,0
34273,50,0
34273,52,1
34273,53,1
34273,54,1
34273,56,1
34273,57,1
34273,59,1
34273,60,1
34273,61,1
34273,63,1
34273,64,1
34273,65,1
34273,66,1
34273,67,1
34273,72,1
34273,73,1
34273,74,1
34273,82,1
34273,83,1
34273,84,1
34273,86,1
34273,87,1
34273,88,1
34273,90,1
34273,91,1
34273,92,1
34273,93,1
34273,147,1
34273,148,0
34273,149,0
34273,150,0
34273,194,0
34273,196,1
34273,197,0
34273,198,0
34273,200,0
34273,201,0
34273,202,1
34273,203,1
34284,1,1
34284,2,1
34284,3,0
34284,5,1
34284,6,1
34284,7,1
34284,49,1
34284,50,1
34284,52,1
34284,53,1
34284,54,1
34284,56,1
34284,57,1
34284,59,1
34284,60,1
34284,61,1
34284,63,1
34284,64,1
34284,65,1
34284,66,1
34284,67,1
34284,72,1
34284,73,1
34284,74,1
34284,82,1
34284,83,1
34284,84,1
34284,86,1
34284,87,1
34284,88,1
34284,90,1
34284,91,1
34284,92,1
34284,93,1
34284,147,1
34284,148,0
34284,149,0
34284,150,0
34284,194,0
34284,196,0
34284,197,0
34284,198,0
34284,200,0
34284,201,0
34284,202,0
34284,203,0
34288,1,1
34288,2,1
34288,3,0
34288,5,1
34288,6,1
34288,7,1
34288,49,1
34288,50,1
34288,52,1
34288,53,1
34288,54,1
34288,56,1
34288,57,1
34288,59,1
34288,60,1
34288,61,1
34288,63,1
34288,64,1
34288,65,1
34288,66,1
34288,67,1
34288,72,1
34288,73,1
34288,74,1
34288,82,1
34288,83,1
34288,84,1
34288,86,1
34288,87,1
34288,88,1
34288,90,1
34288,91,1
34288,92,1
34288,93,1
34288,147,1
34288,148,0
34288,149,0
34288,150,0
34288,194,0
34288,196,0
34288,197,0
34288,198,0
34288,200,0
34288,201,1
34288,202,0
34288,203,0
34294,1,1
34294,2,1
34294,3,0
34294,5,1
34294,6,1
34294,7,1
34294,9,0
34294,10,1
34294,11,0
34294,12,0
34294,29,0
34294,30,0
34294,31,0
34294,32,0
34294,33,0
34294,34,0
34294,35,1
34294,39,0
34294,40,0
34294,41,0
34294,49,1
34294,50,1
34294,52,1
34294,53,1
34294,54,1
34294,56,1
34294,57,1
34294,59,1
34294,60,1
34294,61,1
34294,63,1
34294,64,1
34294,65,1
34294,66,1
34294,67,1
34294,72,1
34294,73,1
34294,74,1
34294,82,1
34294,83,1
34294,84,1
34294,86,1
34294,87,1
34294,88,1
34294,90,1
34294,91,1
34294,92,1
34294,93,1
34294,147,0
34294,148,0
34294,149,1
34294,150,0
34294,152,1
34294,153,1
34294,154,1
34294,155,0
34294,157,0
34294,159,0
34294,160,0
34294,164,0
34294,170,0
34294,171,0
34294,172,0
34294,173,0
34294,174,0
34294,175,0
34294,176,0
34294,177,0
34294,178,0
34294,181,0
34294,182,0
34294,183,0
34294,184,0
34294,194,0
34294,196,0
34294,197,0
34294,198,0
34294,200,0
34294,201,1
34294,202,0
34294,203,0
34299,1,1
34299,2,0
34299,3,1
34299,5,1
34299,6,1
34299,7,1
34299,29,1
34299,30,1
34299,31,0
34299,32,0
34299,33,0
34299,34,0
34299,35,0
34299,36,0
34299,37,0
34299,39,0
34299,40,0
34299,41,0
34299,49,1
34299,50,1
34299,52,1
34299,53,1
34299,54,1
34299,56,1
34299,57,1
34299,59,1
34299,60,1
34299,61,1
34299,63,1
34299,64,1
34299,65,1
34299,66,1
34299,67,1
34299,72,1
34299,73,1
34299,74,1
34299,82,1
34299,83,1
34299,84,1
34299,86,1
34299,87,1
34299,88,1
34299,90,1
34299,91,1
34299,92,1
34299,93,1
34299,147,1
34299,148,0
34299,149,0
34299,150,0
34299,194,0
34299,196,0
34299,197,0
34299,198,0
34299,200,0
34299,201,1
34299,202,0
34299,203,0
34301,1,1
34301,2,1
34301,3,0
34301,5,1
34301,6,1
34301,7,1
34301,49,0
34301,50,1
34301,52,1
34301,53,1
34301,54,1
34301,56,1
34301,57,1
34301,59,1
34301,60,1
34301,61,1
34301,63,1
34301,64,1
34301,65,1
34301,66,1
34301,67,1
34301,72,1
34301,73,1
34301,74,1
34301,82,1
34301,83,1
34301,84,1
34301,86,1
34301,87,1
34301,88,1
34301,90,1
34301,91,1
34301,92,1
34301,93,1
34301,147,1
34301,148,0
34301,149,0
34301,150,0
34301,194,1
34301,196,0
34301,197,0
34301,198,0
34301,200,0
34301,201,1
34301,202,0
34301,203,0
34589,1,1
34589,2,0
34589,3,1
34589,5,1
34589,6,1
34589,7,1
34589,29,1
34589,30,0
34589,31,1
34589,32,0
34589,33,0
34589,34,0
34589,35,0
34589,36,0
34589,37,0
34589,39,0
34589,40,0
34589,41,0
34589,49,1
34589,50,1
34589,52,1
34589,53,1
34589,54,1
34589,56,1
34589,57,1
34589,59,1
34589,60,1
34589,61,1
34589,63,1
34589,64,1
34589,65,1
34589,66,1
34589,67,1
34589,72,1
34589,73,1
34589,74,1
34589,82,1
34589,83,1
34589,84,1
34589,86,1
34589,87,1
34589,88,1
34589,90,1
34589,91,1
34589,92,1
34589,93,1
34589,147,1
34589,148,0
34589,149,0
34589,150,0
34589,194,0
34589,196,0
34589,197,0
34589,198,0
34589,200,0
34589,201,0
34589,202,0
34589,203,0
34592,1,1
34592,2,0
34592,3,1
34592,5,1
34592,6,1
34592,7,1
34592,9,1
34592,10,0
34592,11,0
34592,12,0
34592,29,1
34592,30,0
34592,31,1
34592,32,0
34592,33,0
34592,34,0
34592,35,0
34592,36,0
34592,37,0
34592,39,0
34592,40,0
34592,41,0
34592,49,0
34592,50,1
34592,52,1
34592,53,1
34592,54,1
34592,56,0
34592,57,1
34592,59,1
34592,60,1
34592,61,1
34592,63,1
34592,64,1
34592,65,1
34592,66,1
34592,67,1
34592,72,1
34592,73,1
34592,74,1
34592,82,1
34592,83,1
34592,84,1
34592,86,1
34592,87,1
34592,88,1
34592,90,1
34592,91,1
34592,92,1
34592,93,1
34592,147,1
34592,148,0
34592,149,0
34592,150,0
34592,194,0
34592,196,0
34592,197,0
34592,198,0
34592,200,0
34592,201,0
34592,202,0
34592,203,0
34593,1,1
34593,2,0
34593,3,1
34593,5,1
34593,6,1
34593,7,1
34593,49,1
34593,50,1
34593,52,1
34593,53,1
34593,54,1
34593,56,1
34593,57,1
34593,59,1
34593,60,1
34593,61,1
34593,63,1
34593,64,1
34593,65,1
34593,66,1
34593,67,1
34593,72,1
34593,73,1
34593,74,1
34593,82,1
34593,83,1
34593,84,1
34593,86,1
34593,87,1
34593,88,1
34593,90,1
34593,91,1
34593,92,1
34593,93,1
34593,147,1
34593,148,0
34593,149,0
34593,150,0
34593,194,0
34593,196,0
34593,197,0
34593,198,0
34593,200,0
34593,201,0
34593,202,0
34593,203,0
34599,1,1
34599,2,0
34599,3,1
34599,5,1
34599,6,1
34599,7,1
34599,9,0
34599,10,1
34599,11,0
34599,12,0
34599,29,0
34599,30,0
34599,31,0
34599,32,0
34599,33,0
34599,34,0
34599,35,1
34599,39,0
34599,40,0
34599,41,0
34599,49,1
34599,50,1
34599,52,1
34599,53,1
34599,54,1
34599,56,1
34599,57,1
34599,59,1
34599,60,1
34599,61,1
34599,63,1
34599,64,1
34599,65,1
34599,66,1
34599,67,1
34599,72,1
34599,73,1
34599,74,1
34599,82,1
34599,83,1
34599,84,1
34599,86,1
34599,87,1
34599,88,1
34599,90,1
34599,91,1
34599,92,1
34599,93,1
34599,147,1
34599,148,0
34599,149,0
34599,150,0
34599,194,0
34599,196,0
34599,197,0
34599,198,0
34599,200,0
34599,201,1
34599,202,0
34599,203,0
34601,1,1
34601,2,0
34601,3,1
34601,5,1
34601,6,1
34601,7,1
34601,9,0
34601,10,0
34601,11,1
34601,12,0
34601,29,0
34601,30,0
34601,31,0
34601,32,0
34601,33,0
34601,34,0
34601,35,0
34601,36,0
34601,37,0
34601,39,1
34601,49,1
34601,50,1
34601,52,1
34601,53,1
34601,54,1
34601,56,1
34601,57,1
34601,59,1
34601,60,1
34601,61,1
34601,63,1
34601,64,1
34601,65,1
34601,66,1
34601,67,1
34601,72,1
34601,73,1
34601,74,1
34601,82,1
34601,83,1
34601,84,1
34601,86,1
34601,87,1
34601,88,1
34601,90,1
34601,91,1
34601,92,0
34601,93,0
34601,147,0
34601,148,0
34601,149,0
34601,150,1
34601,152,1
34601,153,1
34601,154,0
34601,155,1
34601,157,0
34601,159,0
34601,160,0
34601,164,0
34601,170,1
34601,171,1
34601,172,0
34601,173,0
34601,174,1
34601,175,1
34601,176,0
34601,177,0
34601,178,0
34601,181,0
34601,182,0
34601,183,0
34601,184,0
34601,194,0
34601,196,0
34601,197,0
34601,198,0
34601,200,0
34601,201,1
34601,202,0
34601,203,0
34610,1,1
34610,2,0
34610,3,1
34610,5,1
34610,6,1
34610,7,1
34610,9,0
34610,10,0
34610,11,0
34610,12,1
34610,49,1
34610,50,1
34610,52,1
34610,53,1
34610,54,1
34610,56,1
34610,57,1
34610,59,1
34610,60,1
34610,61,1
34610,63,1
34610,64,1
34610,65,1
34610,66,1
34610,67,1
34610,72,1
34610,73,1
34610,74,1
34610,82,1
34610,83,1
34610,84,1
34610,86,1
34610,87,1
34610,88,1
34610,90,1
34610,91,1
34610,92,1
34610,93,1
34610,147,1
34610,148,0
34610,149,0
34610,150,0
34610,194,0
34610,196,0
34610,197,0
34610,198,0
34610,200,0
34610,201,1
34610,202,0
34610,203,0
34614,1,1
34614,2,0
34614,3,1
34614,5,1
34614,6,1
34614,7,1
34614,72,1
34614,73,1
34614,74,1
34614,82,1
34614,83,1
34614,84,1
34614,86,1
34614,87,1
34614,88,1
34614,90,1
34614,91,1
34614,92,1
34614,93,1
34614,147,1
34614,148,0
34614,149,0
34614,150,0
34614,194,0
34614,196,0
34614,197,0
34614,198,0
34614,200,0
34614,201,1
34614,202,0
34614,203,0
34623,1,1
34623,2,0
34623,3,1
34623,5,1
34623,6,1
34623,7,1
34623,29,1
34623,30,1
34623,31,0
34623,32,0
34623,33,0
34623,34,0
34623,35,0
34623,36,0
34623,37,0
34623,39,0
34623,40,0
34623,41,0
34623,49,1
34623,50,1
34623,52,1
34623,53,1
34623,54,1
34623,56,1
34623,57,1
34623,59,1
34623,60,1
34623,61,1
34623,63,1
34623,64,1
34623,65,1
34623,66,1
34623,67,1
34623,72,1
34623,73,1
34623,74,1
34623,82,1
34623,83,1
34623,84,1
34623,86,1
34623,87,1
34623,88,1
34623,90,1
34623,91,1
34623,92,1
34623,93,1
34623,147,1
34623,148,0
34623,149,0
34623,150,0
34623,194,0
34623,196,0
34623,197,0
34623,198,0
34623,200,0
34623,201,1
34623,202,0
34623,203,0
34629,1,1
34629,2,1
34629,3,0
34629,5,1
34629,6,1
34629,7,1
34629,9,0
34629,10,1
34629,11,0
34629,12,0
34629,29,0
34629,30,0
34629,31,0
34629,32,0
34629,33,0
34629,34,0
34629,35,0
34629,36,0
34629,37,0
34629,39,1
34629,49,1
34629,50,1
34629,52,1
34629,53,1
34629,54,1
34629,56,1
34629,57,1
34629,59,1
34629,60,1
34629,61,1
34629,63,1
34629,64,1
34629,65,1
34629,66,1
34629,67,1
34629,72,1
34629,73,1
34629,74,1
34629,82,1
34629,83,1
34629,84,0
34629,86,1
34629,87,1
34629,88,1
34629,90,1
34629,91,1
34629,92,1
34629,93,1
34629,147,0
34629,148,0
34629,149,0
34629,150,1
34629,152,1
34629,153,0
34629,154,0
34629,155,0
34629,157,1
34629,159,0
34629,160,0
34629,164,0
34629,170,0
34629,171,0
34629,172,0
34629,173,0
34629,174,0
34629,175,0
34629,176,0
34629,177,0
34629,178,0
34629,181,0
34629,182,0
34629,183,0
34629,184,0
34629,194,0
34629,196,0
34629,197,0
34629,198,0
34629,200,0
34629,201,1
34629,202,0
34629,203,0
34641,1,1
34641,2,1
34641,3,0
34641,5,1
34641,6,1
34641,7,1
34641,9,0
34641,10,0
34641,11,0
34641,12,0
34641,49,1
34641,50,1
34641,52,1
34641,53,1
34641,54,1
34641,56,1
34641,57,1
34641,59,1
34641,60,1
34641,61,1
34641,63,1
34641,64,1
34641,65,1
34641,66,1
34641,67,1
34641,72,1
34641,73,1
34641,74,1
34641,82,1
34641,83,1
34641,84,1
34641,86,1
34641,87,1
34641,88,1
34641,90,1
34641,91,1
34641,92,1
34641,93,1
34641,147,1
34641,148,0
34641,149,0
34641,150,0
34641,194,1
34641,196,1
34641,197,0
34641,198,0
34641,200,0
34641,201,1
34641,202,0
34641,203,0
34642,1,1
34642,2,0
34642,3,1
34642,5,1
34642,6,1
34642,7,1
34642,72,1
34642,73,1
34642,74,1
34642,82,1
34642,83,1
34642,84,1
34642,86,1
34642,87,1
34642,88,1
34642,90,1
34642,91,1
34642,92,1
34642,93,1
34642,147,1
34642,148,0
34642,149,0
34642,150,0
34642,194,0
34642,196,0
34642,197,0
34642,198,0
34642,200,0
34642,201,1
34642,202,0
34642,203,0
34643,1,1
34643,2,0
34643,3,1
34643,5,1
34643,6,1
34643,7,1
34643,29,1
34643,30,1
34643,31,0
34643,32,0
34643,33,0
34643,34,0
34643,35,0
34643,36,0
34643,37,0
34643,39,0
34643,40,0
34643,41,0
34643,49,1
34643,50,1
34643,52,1
34643,53,1
34643,54,1
34643,56,1
34643,57,1
34643,59,1
34643,60,1
34643,61,1
34643,63,1
34643,64,1
34643,65,1
34643,66,1
34643,67,1
34643,72,1
34643,73,1
34643,74,1
34643,82,1
34643,83,1
34643,84,1
34643,86,1
34643,87,1
34643,88,1
34643,90,1
34643,91,1
34643,92,1
34643,93,1
34643,147,1
34643,148,0
34643,149,0
34643,150,0
34643,194,0
34643,196,0
34643,197,0
34643,198,0
34643,200,0
34643,201,1
34643,202,0
34643,203,0
34644,1,1
34644,2,0
34644,3,1
34644,5,1
34644,6,1
34644,7,1
34644,29,1
34644,30,1
34644,31,0
34644,32,0
34644,33,0
34644,34,0
34644,35,0
34644,36,0
34644,37,0
34644,39,0
34644,40,0
34644,41,0
34644,49,1
34644,50,1
34644,52,1
34644,53,1
34644,54,1
34644,56,1
34644,57,1
34644,59,1
34644,60,1
34644,61,1
34644,63,1
34644,64,1
34644,65,1
34644,66,1
34644,67,1
34644,72,1
34644,73,1
34644,74,1
34644,82,1
34644,83,1
34644,84,1
34644,86,1
34644,87,1
34644,88,1
34644,90,1
34644,91,1
34644,92,1
34644,93,1
34644,147,1
34644,148,0
34644,149,0
34644,150,0
34644,194,0
34644,196,0
34644,197,0
34644,198,0
34644,200,0
34644,201,0
34644,202,0
34644,203,0
34647,1,1
34647,2,0
34647,3,1
34647,5,1
34647,6,1
34647,7,1
34647,56,1
34647,57,1
34647,59,1
34647,60,1
34647,61,1
34647,63,1
34647,64,1
34647,65,1
34647,66,1
34647,67,1
34647,72,1
34647,73,1
34647,74,1
34647,82,1
34647,83,1
34647,84,1
34647,86,1
34647,87,1
34647,88,1
34647,90,1
34647,91,1
34647,92,1
34647,93,1
34647,147,1
34647,148,0
34647,149,0
34647,150,0
34647,194,0
34647,196,0
34647,197,0
34647,198,0
34647,200,0
34647,201,0
34647,202,0
34647,203,0
34655,1,1
34655,2,0
34655,3,1
34655,5,1
34655,6,1
34655,7,1
34655,9,1
34655,10,0
34655,11,0
34655,12,0
34655,29,1
34655,32,0
34655,33,0
34655,34,0
34655,35,0
34655,36,0
34655,37,0
34655,39,0
34655,40,0
34655,41,0
34655,72,1
34655,73,1
34655,74,1
34655,82,1
34655,83,1
34655,84,1
34655,86,1
34655,87,1
34655,88,1
34655,90,1
34655,91,1
34655,92,1
34655,93,1
34655,147,1
34655,148,0
34655,149,0
34655,150,0
34655,194,0
34655,196,0
34655,197,0
34655,198,0
34655,200,0
34655,201,0
34655,202,0
34655,203,0
34661,1,1
34661,2,0
34661,3,1
34661,5,1
34661,6,1
34661,7,1
34661,29,1
34661,32,0
34661,33,0
34661,34,0
34661,35,0
34661,36,0
34661,37,0
34661,39,0
34661,40,0
34661,41,0
34661,49,1
34661,50,1
34661,52,1
34661,53,1
34661,54,1
34661,56,1
34661,57,1
34661,59,1
34661,60,1
34661,61,1
34661,63,1
34661,64,1
34661,65,1
34661,66,1
34661,67,1
34661,72,1
34661,73,1
34661,74,1
34661,82,1
34661,83,1
34661,84,1
34661,86,1
34661,87,1
34661,88,1
34661,90,1
34661,91,1
34661,92,1
34661,93,1
34661,147,1
34661,148,0
34661,149,0
34661,150,0
34661,194,0
34661,196,0
34661,197,0
34661,198,0
34661,200,0
34661,201,0
34661,202,0
34661,203,1
34663,1,1
34663,2,0
34663,3,1
34663,5,1
34663,6,1
34663,7,1
34663,56,1
34663,57,1
34663,59,1
34663,60,1
34663,61,1
34663,63,1
34663,64,1
34663,65,1
34663,66,1
34663,67,1
34663,72,1
34663,73,1
34663,74,1
34663,82,1
34663,83,1
34663,84,1
34663,86,1
34663,87,1
34663,88,1
34663,90,1
34663,91,1
34663,92,1
34663,93,1
34663,147,1
34663,148,0
34663,149,0
34663,150,0
34663,194,0
34663,196,0
34663,197,0
34663,198,0
34663,200,0
34663,201,1
34663,202,0
34663,203,0
34664,1,1
34664,2,0
34664,3,1
34664,5,1
34664,6,1
34664,7,1
34664,49,1
34664,50,1
34664,52,1
34664,53,1
34664,54,1
34664,56,1
34664,57,1
34664,59,1
34664,60,1
34664,61,1
34664,63,1
34664,64,1
34664,65,1
34664,66,1
34664,67,1
34664,72,0
34664,73,1
34664,74,1
34664,82,1
34664,83,1
34664,84,1
34664,86,1
34664,87,1
34664,88,1
34664,90,1
34664,91,1
34664,92,1
34664,93,1
34664,147,1
34664,148,0
34664,149,0
34664,150,0
34664,194,0
34664,196,0
34664,197,0
34664,198,0
34664,200,0
34664,201,1
34664,202,0
34664,203,0
34997,1,1
34997,2,0
34997,3,1
34997,5,1
34997,6,1
34997,7,1
34997,9,1
34997,10,0
34997,11,0
34997,12,0
34997,29,1
34997,30,1
34997,31,0
34997,32,0
34997,33,0
34997,34,0
34997,35,0
34997,36,0
34997,37,0
34997,39,0
34997,40,0
34997,41,0
34997,49,1
34997,50,1
34997,52,1
34997,53,1
34997,54,1
34997,56,1
34997,57,1
34997,59,1
34997,60,1
34997,61,1
34997,63,1
34997,64,1
34997,65,1
34997,66,1
34997,67,1
34997,72,1
34997,73,1
34997,74,1
34997,82,1
34997,83,1
34997,84,1
34997,86,1
34997,87,1
34997,88,1
34997,90,1
34997,91,1
34997,92,1
34997,93,1
34997,147,1
34997,148,0
34997,149,0
34997,150,0
34997,194,0
34997,196,0
34997,197,0
34997,198,0
34997,200,0
34997,201,1
34997,202,0
34997,203,0
35006,1,1
35006,2,0
35006,3,1
35006,5,1
35006,6,1
35006,7,1
35006,49,1
35006,50,1
35006,52,1
35006,53,1
35006,54,1
35006,56,1
35006,57,1
35006,59,1
35006,60,1
35006,61,1
35006,63,1
35006,64,1
35006,65,1
35006,66,1
35006,67,1
35006,72,1
35006,73,1
35006,74,1
35006,82,1
35006,83,1
35006,84,1
35006,86,1
35006,87,1
35006,88,1
35006,90,1
35006,91,1
35006,92,1
35006,93,1
35006,147,1
35006,148,0
35006,149,0
35006,150,0
35006,194,0
35006,196,0
35006,197,0
35006,198,0
35006,200,0
35006,201,1
35006,202,0
35006,203,0
35008,1,1
35008,2,0
35008,3,1
35008,5,1
35008,6,1
35008,7,1
35008,56,1
35008,57,1
35008,59,1
35008,60,1
35008,61,1
35008,63,1
35008,64,1
35008,65,1
35008,66,1
35008,67,1
35008,72,1
35008,73,1
35008,74,1
35008,82,1
35008,83,1
35008,84,1
35008,86,1
35008,87,1
35008,88,1
35008,90,1
35008,91,1
35008,92,1
35008,93,0
35008,147,1
35008,148,0
35008,149,0
35008,150,0
35008,194,0
35008,196,0
35008,197,0
35008,198,0
35008,200,0
35008,201,1
35008,202,0
35008,203,0
35010,1,1
35010,2,0
35010,3,1
35010,5,1
35010,6,1
35010,7,1
35010,56,1
35010,57,1
35010,59,1
35010,60,1
35010,61,1
35010,63,1
35010,64,1
35010,65,1
35010,66,1
35010,67,1
35010,72,1
35010,73,1
35010,74,1
35010,82,1
35010,83,1
35010,84,1
35010,86,1
35010,87,1
35010,88,1
35010,90,1
35010,91,1
35010,92,1
35010,93,1
35010,147,1
35010,148,0
35010,149,0
35010,150,0
35010,194,0
35010,196,0
35010,197,0
35010,198,0
35010,200,0
35010,201,0
35010,202,0
35010,203,0
35014,1,1
35014,2,0
35014,3,1
35014,5,1
35014,6,1
35014,7,1
35014,147,1
35014,148,0
35014,149,0
35014,150,0
35014,194,0
35014,196,0
35014,197,0
35014,198,0
35014,200,0
35014,201,0
35014,202,0
35014,203,0
35017,1,1
35017,2,0
35017,3,1
35017,5,1
35017,6,1
35017,7,1
35017,56,1
35017,57,1
35017,59,1
35017,60,1
35017,61,1
35017,63,1
35017,64,1
35017,65,1
35017,66,1
35017,67,1
35017,72,1
35017,73,1
35017,74,1
35017,82,1
35017,83,1
35017,84,1
35017,86,1
35017,87,1
35017,88,1
35017,90,1
35017,91,1
35017,92,1
35017,93,1
35017,147,1
35017,148,0
35017,149,0
35017,150,0
35017,194,0
35017,196,0
35017,197,0
35017,198,0
35017,200,0
35017,201,1
35017,202,0
35017,203,0
35018,1,1
35018,2,0
35018,3,1
35018,5,1
35018,6,1
35018,7,1
35018,9,0
35018,10,1
35018,11,0
35018,12,0
35018,29,1
35018,30,1
35018,31,0
35018,32,0
35018,33,0
35018,34,0
35018,35,0
35018,36,0
35018,37,0
35018,39,0
35018,40,0
35018,41,0
35018,49,1
35018,50,1
35018,52,1
35018,53,1
35018,54,1
35018,56,1
35018,57,1
35018,59,1
35018,60,1
35018,61,1
35018,63,1
35018,64,1
35018,65,1
35018,66,1
35018,67,1
35018,72,1
35018,73,1
35018,74,1
35018,82,1
35018,83,1
35018,84,1
35018,86,1
35018,87,1
35018,88,1
35018,90,1
35018,91,1
35018,92,1
35018,93,0
35018,147,1
35018,148,0
35018,149,0
35018,150,0
35018,194,0
35018,196,0
35018,197,0
35018,198,0
35018,200,0
35018,201,1
35018,202,0
35018,203,0
35023,1,1
35023,2,0
35023,3,1
35023,5,1
35023,6,1
35023,7,1
35023,29,0
35023,30,0
35023,31,0
35023,32,0
35023,33,0
35023,34,0
35023,35,0
35023,36,0
35023,37,0
35023,39,1
35023,49,1
35023,50,1
35023,52,1
35023,53,1
35023,54,1
35023,56,1
35023,57,1
35023,59,1
35023,60,1
35023,61,1
35023,63,1
35023,64,1
35023,65,1
35023,66,1
35023,67,1
35023,72,0
35023,73,1
35023,74,1
35023,82,1
35023,83,1
35023,84,1
35023,86,1
35023,87,1
35023,88,1
35023,90,1
35023,91,1
35023,92,1
35023,93,1
35023,147,1
35023,148,0
35023,149,0
35023,150,0
35023,194,0
35023,196,0
35023,197,0
35023,198,0
35023,200,0
35023,201,0
35023,202,0
35023,203,0
35025,1,1
35025,2,0
35025,3,1
35025,5,1
35025,6,1
35025,7,1
35025,49,1
35025,50,1
35025,52,1
35025,53,1
35025,54,1
35025,56,1
35025,57,1
35025,59,1
35025,60,1
35025,61,1
35025,63,1
35025,64,1
35025,65,1
35025,66,1
35025,67,1
35025,72,1
35025,73,1
35025,74,1
35025,82,1
35025,83,1
35025,84,1
35025,86,1
35025,87,1
35025,88,1
35025,90,1
35025,91,1
35025,92,1
35025,93,1
35025,147,1
35025,148,0
35025,149,0
35025,150,0
35025,194,0
35025,196,0
35025,197,0
35025,198,0
35025,200,0
35025,201,1
35025,202,0
35025,203,0
35029,1,1
35029,2,0
35029,3,1
35029,5,1
35029,6,1
35029,7,1
35029,49,1
35029,50,1
35029,52,1
35029,53,1
35029,54,1
35029,56,1
35029,57,1
35029,59,1
35029,60,1
35029,61,1
35029,63,1
35029,64,1
35029,65,1
35029,66,1
35029,67,1
35029,72,1
35029,73,1
35029,74,1
35029,82,1
35029,83,1
35029,84,1
35029,86,1
35029,87,1
35029,88,1
35029,90,1
35029,91,1
35029,92,1
35029,93,1
35029,147,1
35029,148,0
35029,149,0
35029,150,0
35029,194,0
35029,196,0
35029,197,0
35029,198,0
35029,200,0
35029,201,1
35029,202,0
35029,203,0
35031,1,1
35031,2,0
35031,3,1
35031,5,1
35031,6,1
35031,7,1
35031,9,1
35031,10,0
35031,11,0
35031,12,0
35031,29,1
35031,30,1
35031,31,0
35031,32,0
35031,33,0
35031,34,0
35031,35,0
35031,36,0
35031,37,0
35031,39,0
35031,40,0
35031,41,0
35031,49,1
35031,50,1
35031,52,1
35031,53,1
35031,54,1
35031,56,1
35031,57,1
35031,59,1
35031,60,1
35031,61,1
35031,63,1
35031,64,1
35031,65,1
35031,66,1
35031,67,1
35031,72,1
35031,73,1
35031,74,1
35031,82,1
35031,83,1
35031,84,1
35031,86,1
35031,87,1
35031,88,1
35031,90,1
35031,91,1
35031,92,1
35031,93,1
35031,147,0
35031,148,0
35031,149,1
35031,150,0
35031,152,1
35031,153,1
35031,154,0
35031,155,1
35031,157,1
35031,159,0
35031,160,0
35031,164,0
35031,170,0
35031,171,0
35031,172,0
35031,173,0
35031,174,0
35031,175,0
35031,176,0
35031,177,0
35031,178,0
35031,181,0
35031,182,0
35031,183,0
35031,184,0
35031,194,0
35031,196,0
35031,197,0
35031,198,0
35031,200,0
35031,201,1
35031,202,0
35031,203,0
35032,1,1
35032,2,0
35032,3,1
35032,5,1
35032,6,1
35032,7,1
35032,9,1
35032,10,0
35032,11,0
35032,12,0
35032,29,1
35032,30,1
35032,31,0
35032,32,0
35032,33,0
35032,34,0
35032,35,0
35032,36,0
35032,37,0
35032,39,0
35032,40,0
35032,41,0
35032,49,1
35032,50,1
35032,52,1
35032,53,1
35032,54,1
35032,56,1
35032,57,1
35032,59,1
35032,60,1
35032,61,1
35032,63,1
35032,64,1
35032,65,1
35032,66,1
35032,67,1
35032,72,1
35032,73,1
35032,74,1
35032,82,1
35032,83,1
35032,84,1
35032,86,1
35032,87,1
35032,88,1
35032,90,1
35032,91,1
35032,92,1
35032,93,1
35032,147,1
35032,148,0
35032,149,0
35032,150,0
35032,194,0
35032,196,0
35032,197,0
35032,198,0
35032,200,0
35032,201,0
35032,202,0
35032,203,0
35045,1,1
35045,2,0
35045,3,1
35045,5,1
35045,6,1
35045,7,1
35045,49,1
35045,50,1
35045,52,1
35045,53,1
35045,54,1
35045,56,1
35045,57,1
35045,59,1
35045,60,1
35045,61,1
35045,63,1
35045,64,1
35045,65,1
35045,66,1
35045,67,1
35045,72,1
35045,73,1
35045,74,1
35045,82,1
35045,83,1
35045,84,1
35045,86,1
35045,87,1
35045,88,1
35045,90,1
35045,91,1
35045,92,1
35045,93,1
35045,147,1
35045,148,0
35045,149,0
35045,150,0
35045,194,0
35045,196,0
35045,197,0
35045,198,0
35045,200,0
35045,201,1
35045,202,0
35045,203,0
35050,1,1
35050,2,0
35050,3,1
35050,5,1
35050,6,1
35050,7,1
35050,29,0
35050,30,0
35050,31,0
35050,32,0
35050,33,0
35050,34,0
35050,35,0
35050,36,0
35050,37,0
35050,39,1
35050,49,1
35050,50,1
35050,52,1
35050,53,1
35050,54,1
35050,56,1
35050,57,1
35050,59,1
35050,60,1
35050,61,1
35050,63,1
35050,64,1
35050,65,1
35050,66,1
35050,67,1
35050,72,1
35050,73,1
35050,74,1
35050,82,1
35050,83,1
35050,84,1
35050,86,1
35050,87,1
35050,88,1
35050,90,1
35050,91,1
35050,92,1
35050,93,1
35050,147,1
35050,148,0
35050,149,0
35050,150,0
35050,194,0
35050,196,0
35050,197,0
35050,198,0
35050,200,0
35050,201,1
35050,202,0
35050,203,0
35054,1,1
35054,2,0
35054,3,1
35054,5,1
35054,6,1
35054,7,1
35054,9,0
35054,10,0
35054,11,1
35054,12,0
35054,29,0
35054,30,0
35054,31,0
35054,32,1
35054,33,0
35054,34,1
35054,35,0
35054,36,0
35054,37,0
35054,39,0
35054,40,0
35054,41,0
35054,72,1
35054,73,1
35054,74,1
35054,82,1
35054,83,1
35054,84,1
35054,86,1
35054,87,1
35054,88,1
35054,90,1
35054,91,1
35054,92,1
35054,93,1
35054,147,1
35054,148,0
35054,149,0
35054,150,0
35054,194,0
35054,196,0
35054,197,0
35054,198,0
35054,200,0
35054,201,1
35054,202,0
35054,203,0
35056,1,1
35056,2,1
35056,3,0
35056,5,1
35056,6,1
35056,7,1
35056,9,0
35056,10,0
35056,11,0
35056,12,0
35056,29,1
35056,30,0
35056,31,1
35056,32,0
35056,33,0
35056,34,0
35056,35,0
35056,36,0
35056,37,0
35056,39,0
35056,40,0
35056,41,0
35056,49,1
35056,50,1
35056,52,1
35056,53,1
35056,54,1
35056,56,1
35056,57,1
35056,59,1
35056,60,1
35056,61,1
35056,63,1
35056,64,1
35056,65,1
35056,66,1
35056,67,1
35056,72,1
35056,73,1
35056,74,1
35056,82,1
35056,83,1
35056,84,1
35056,86,1
35056,87,1
35056,88,1
35056,90,1
35056,91,1
35056,92,1
35056,93,0
35056,147,1
35056,148,0
35056,149,0
35056,150,0
35056,194,0
35056,196,0
35056,197,0
35056,198,0
35056,200,0
35056,201,1
35056,202,0
35056,203,0
35071,1,1
35071,2,0
35071,3,1
35071,5,1
35071,6,1
35071,7,1
35071,49,1
35071,50,1
35071,52,1
35071,53,1
35071,54,1
35071,56,1
35071,57,1
35071,59,1
35071,60,1
35071,61,1
35071,63,1
35071,64,1
35071,65,1
35071,66,1
35071,67,1
35071,72,0
35071,73,0
35071,74,0
35071,82,1
35071,83,1
35071,84,1
35071,86,1
35071,87,1
35071,88,1
35071,90,1
35071,91,1
35071,92,1
35071,93,1
35071,147,1
35071,148,0
35071,149,0
35071,150,0
35071,194,0
35071,196,0
35071,197,0
35071,198,0
35071,200,0
35071,201,1
35071,202,0
35071,203,0
35072,1,1
35072,2,0
35072,3,1
35072,5,1
35072,6,1
35072,7,1
35072,9,0
35072,10,0
35072,11,1
35072,12,0
35072,49,1
35072,50,1
35072,52,1
35072,53,1
35072,54,1
35072,56,1
35072,57,1
35072,59,1
35072,60,1
35072,61,1
35072,63,1
35072,64,1
35072,65,1
35072,66,1
35072,67,1
35072,72,1
35072,73,1
35072,74,1
35072,82,1
35072,83,1
35072,84,1
35072,86,1
35072,87,1
35072,88,1
35072,90,1
35072,91,1
35072,92,1
35072,93,1
35072,147,1
35072,148,0
35072,149,0
35072,150,0
35072,194,0
35072,196,0
35072,197,0
35072,198,0
35072,200,0
35072,201,1
35072,202,1
35072,203,0
35079,1,1
35079,2,0
35079,3,1
35079,5,1
35079,6,1
35079,7,1
35079,56,1
35079,57,1
35079,59,1
35079,60,1
35079,61,1
35079,63,1
35079,64,1
35079,65,1
35079,66,1
35079,67,1
35079,72,1
35079,73,1
35079,74,1
35079,82,1
35079,83,1
35079,84,1
35079,86,1
35079,87,1
35079,88,1
35079,90,1
35079,91,1
35079,92,1
35079,93,1
35079,147,1
35079,148,0
35079,149,0
35079,150,0
35079,194,0
35079,196,0
35079,197,0
35079,198,0
35079,200,0
35079,201,1
35079,202,0
35079,203,0
35086,1,1
35086,2,1
35086,3,0
35086,5,1
35086,6,1
35086,7,1
35086,9,0
35086,10,1
35086,11,0
35086,12,0
35086,29,1
35086,32,0
35086,33,0
35086,34,0
35086,35,0
35086,36,0
35086,37,0
35086,39,0
35086,40,0
35086,41,0
35086,49,1
35086,50,1
35086,52,1
35086,53,1
35086,54,1
35086,56,1
35086,57,1
35086,59,1
35086,60,1
35086,61,1
35086,63,1
35086,64,1
35086,65,1
35086,66,1
35086,67,1
35086,72,1
35086,73,1
35086,74,1
35086,82,1
35086,83,1
35086,84,1
35086,86,1
35086,87,1
35086,88,1
35086,90,1
35086,91,1
35086,92,1
35086,93,1
35086,147,1
35086,148,0
35086,149,0
35086,150,0
35086,194,0
35086,196,0
35086,197,0
35086,198,0
35086,200,0
35086,201,1
35086,202,0
35086,203,0
35087,1,1
35087,2,0
35087,3,1
35087,5,1
35087,6,1
35087,7,1
35087,9,1
35087,10,0
35087,11,0
35087,12,0
35087,29,0
35087,30,0
35087,31,0
35087,32,1
35087,33,1
35087,34,0
35087,35,0
35087,36,0
35087,37,0
35087,39,0
35087,40,0
35087,41,0
35087,49,1
35087,50,1
35087,52,1
35087,53,1
35087,54,1
35087,56,1
35087,57,1
35087,59,1
35087,60,1
35087,61,1
35087,63,1
35087,64,1
35087,65,1
35087,66,1
35087,67,1
35087,72,1
35087,73,1
35087,74,1
35087,82,1
35087,83,1
35087,84,1
35087,86,1
35087,87,1
35087,88,1
35087,90,1
35087,91,1
35087,92,1
35087,93,1
35087,147,0
35087,148,1
35087,149,0
35087,150,0
35087,152,1
35087,153,1
35087,154,1
35087,155,0
35087,157,0
35087,159,0
35087,160,0
35087,164,0
35087,170,0
35087,171,0
35087,172,0
35087,173,0
35087,174,0
35087,175,0
35087,176,0
35087,177,0
35087,178,0
35087,181,0
35087,182,0
35087,183,0
35087,184,0
35087,194,0
35087,196,0
35087,197,0
35087,198,0
35087,200,0
35087,201,1
35087,202,0
35087,203,0
35098,1,1
35098,2,0
35098,3,1
35098,5,1
35098,6,1
35098,7,1
35098,9,0
35098,10,0
35098,11,1
35098,12,0
35098,29,0
35098,30,0
35098,31,0
35098,32,0
35098,33,0
35098,34,0
35098,35,1
35098,36,1
35098,37,0
35098,39,0
35098,40,0
35098,41,0
35098,49,1
35098,50,1
35098,52,1
35098,53,1
35098,54,1
35098,56,1
35098,57,1
35098,59,1
35098,60,1
35098,61,1
35098,63,1
35098,64,1
35098,65,1
35098,66,1
35098,67,1
35098,72,1
35098,73,1
35098,74,1
35098,82,1
35098,83,1
35098,84,1
35098,86,1
35098,87,1
35098,88,1
35098,90,1
35098,91,1
35098,92,1
35098,93,1
35098,147,1
35098,148,0
35098,149,0
35098,150,0
35098,194,0
35098,196,0
35098,197,0
35098,198,0
35098,200,0
35098,201,1
35098,202,0
35098,203,0
35531,1,1
35531,2,0
35531,3,1
35531,5,1
35531,6,1
35531,7,1
35531,147,1
35531,148,0
35531,149,0
35531,150,0
35531,194,0
35531,196,0
35531,197,0
35531,198,0
35531,200,0
35531,201,0
35531,202,0
35531,203,0
35532,1,1
35532,2,0
35532,3,1
35532,5,1
35532,6,1
35532,7,1
35532,29,1
35532,32,0
35532,33,0
35532,34,0
35532,35,0
35532,36,0
35532,37,0
35532,39,0
35532,40,0
35532,41,0
35532,49,1
35532,50,1
35532,52,1
35532,53,1
35532,54,1
35532,56,1
35532,57,1
35532,59,1
35532,60,1
35532,61,1
35532,63,1
35532,64,1
35532,65,1
35532,66,1
35532,67,1
35532,72,1
35532,73,1
35532,74,1
35532,82,1
35532,83,1
35532,84,0
35532,86,1
35532,87,1
35532,88,0
35532,90,1
35532,91,1
35532,92,1
35532,93,1
35532,147,1
35532,148,0
35532,149,0
35532,150,0
35532,194,0
35532,196,0
35532,197,0
35532,198,0
35532,200,0
35532,201,1
35532,202,1
35532,203,0
35535,1,1
35535,2,0
35535,3,1
35535,5,1
35535,6,1
35535,7,1
35535,29,1
35535,30,1
35535,31,0
35535,32,0
35535,33,0
35535,34,0
35535,35,0
35535,36,0
35535,37,0
35535,39,0
35535,40,0
35535,41,0
35535,49,1
35535,50,1
35535,52,1
35535,53,1
35535,54,1
35535,56,1
35535,57,1
35535,59,1
35535,60,1
35535,61,1
35535,63,1
35535,64,1
35535,65,1
35535,66,1
35535,67,1
35535,72,1
35535,73,1
35535,74,1
35535,82,1
35535,83,1
35535,84,1
35535,86,1
35535,87,1
35535,88,1
35535,90,1
35535,91,1
35535,92,1
35535,93,1
35535,147,1
35535,148,0
35535,149,0
35535,150,0
35535,194,0
35535,196,0
35535,197,0
35535,198,0
35535,200,0
35535,201,1
35535,202,0
35535,203,0
35538,1,1
35538,2,0
35538,3,1
35538,5,1
35538,6,1
35538,7,1
35538,49,1
35538,50,1
35538,52,1
35538,53,1
35538,54,1
35538,56,1
35538,57,1
35538,59,1
35538,60,1
35538,61,1
35538,63,1
35538,64,1
35538,65,1
35538,66,1
35538,67,1
35538,72,1
35538,73,1
35538,74,1
35538,82,1
35538,83,1
35538,84,1
35538,86,1
35538,87,1
35538,88,1
35538,90,1
35538,91,1
35538,92,1
35538,93,1
35538,147,1
35538,148,0
35538,149,0
35538,150,0
35538,194,0
35538,196,0
35538,197,0
35538,198,0
35538,200,0
35538,201,1
35538,202,0
35538,203,0
35540,1,1
35540,2,0
35540,3,1
35540,5,1
35540,6,1
35540,7,1
35540,9,0
35540,10,1
35540,11,0
35540,12,0
35540,147,1
35540,148,0
35540,149,0
35540,150,0
35540,194,0
35540,196,0
35540,197,0
35540,198,0
35540,200,0
35540,201,1
35540,202,0
35540,203,0
35548,1,1
35548,2,0
35548,3,1
35548,5,1
35548,6,1
35548,7,1
35548,72,1
35548,73,1
35548,74,1
35548,82,1
35548,83,1
35548,84,1
35548,90,1
35548,91,1
35548,92,0
35548,93,0
35548,147,1
35548,148,0
35548,149,0
35548,150,0
35548,194,0
35548,196,0
35548,197,0
35548,198,0
35548,200,0
35548,201,1
35548,202,0
35548,203,0
35553,1,1
35553,2,0
35553,3,1
35553,5,1
35553,6,1
35553,7,1
35553,49,1
35553,50,1
35553,52,1
35553,53,1
35553,54,1
35553,56,1
35553,57,1
35553,59,1
35553,60,1
35553,61,1
35553,63,0
35553,64,1
35553,65,1
35553,66,1
35553,67,1
35553,72,1
35553,73,1
35553,74,1
35553,82,1
35553,83,1
35553,84,1
35553,86,1
35553,87,1
35553,88,1
35553,90,1
35553,91,1
35553,92,1
35553,93,1
35553,147,1
35553,148,0
35553,149,0
35553,150,0
35553,194,0
35553,196,0
35553,197,0
35553,198,0
35553,200,0
35553,201,0
35553,202,0
35553,203,0
35557,1,1
35557,2,0
35557,3,1
35557,5,1
35557,6,1
35557,7,1
35557,9,0
35557,10,1
35557,11,0
35557,12,0
35557,29,0
35557,30,0
35557,31,0
35557,32,0
35557,33,0
35557,34,0
35557,35,0
35557,36,0
35557,37,0
35557,39,1
35557,49,1
35557,50,1
35557,52,1
35557,53,1
35557,54,1
35557,56,1
35557,57,1
35557,59,1
35557,60,1
35557,61,1
35557,63,1
35557,64,1
35557,65,1
35557,66,1
35557,67,1
35557,72,1
35557,73,1
35557,74,1
35557,82,1
35557,83,1
35557,84,1
35557,86,1
35557,87,1
35557,88,1
35557,90,1
35557,91,1
35557,92,1
35557,93,1
35557,147,0
35557,148,1
35557,149,0
35557,150,0
35557,152,1
35557,153,1
35557,154,0
35557,155,1
35557,157,0
35557,159,0
35557,160,0
35557,164,0
35557,170,1
35557,171,0
35557,172,0
35557,173,0
35557,174,0
35557,175,0
35557,176,0
35557,177,0
35557,178,0
35557,181,0
35557,182,0
35557,183,0
35557,184,0
35557,194,0
35557,196,0
35557,197,0
35557,198,0
35557,200,0
35557,201,1
35557,202,0
35557,203,0
35561,1,1
35561,2,0
35561,3,1
35561,5,1
35561,6,1
35561,7,1
35561,9,0
35561,10,1
35561,11,0
35561,12,0
35561,72,0
35561,73,1
35561,74,1
35561,82,1
35561,83,1
35561,84,1
35561,86,1
35561,87,1
35561,88,1
35561,90,1
35561,91,1
35561,92,1
35561,93,1
35561,147,1
35561,148,0
35561,149,0
35561,150,0
35561,194,0
35561,196,0
35561,197,0
35561,198,0
35561,200,0
35561,201,1
35561,202,0
35561,203,0
35562,1,1
35562,2,0
35562,3,1
35562,5,1
35562,6,1
35562,7,1
35562,29,1
35562,30,1
35562,31,0
35562,32,0
35562,33,0
35562,34,0
35562,35,0
35562,36,0
35562,37,0
35562,39,0
35562,40,0
35562,41,0
35562,49,1
35562,50,1
35562,52,1
35562,53,1
35562,54,1
35562,56,1
35562,57,1
35562,59,1
35562,60,1
35562,61,1
35562,63,1
35562,64,1
35562,65,1
35562,66,1
35562,67,1
35562,72,1
35562,73,1
35562,74,1
35562,82,1
35562,83,1
35562,84,1
35562,86,1
35562,87,1
35562,88,1
35562,90,1
35562,91,1
35562,92,1
35562,93,1
35562,147,1
35562,148,0
35562,149,0
35562,150,0
35562,194,0
35562,196,0
35562,197,0
35562,198,0
35562,200,0
35562,201,1
35562,202,0
35562,203,0
35564,1,1
35564,2,0
35564,3,1
35564,5,1
35564,6,1
35564,7,1
35564,72,1
35564,73,1
35564,74,1
35564,82,1
35564,83,1
35564,84,1
35564,86,1
35564,87,1
35564,88,1
35564,90,1
35564,91,1
35564,92,0
35564,93,0
35564,147,1
35564,148,0
35564,149,0
35564,150,0
35564,194,0
35564,196,0
35564,197,0
35564,198,0
35564,200,0
35564,201,0
35564,202,0
35564,203,0
35571,1,1
35571,2,0
35571,3,1
35571,5,1
35571,6,1
35571,7,1
35571,29,0
35571,30,0
35571,31,0
35571,32,0
35571,33,0
35571,34,0
35571,35,1
35571,36,0
35571,37,1
35571,39,0
35571,40,0
35571,41,0
35571,72,1
35571,73,1
35571,74,1
35571,82,1
35571,83,1
35571,84,1
35571,90,1
35571,91,1
35571,92,1
35571,93,1
35571,147,1
35571,148,0
35571,149,0
35571,150,0
35571,194,0
35571,196,0
35571,197,0
35571,198,0
35571,200,0
35571,201,1
35571,202,0
35571,203,0
35583,1,1
35583,2,1
35583,3,0
35583,5,1
35583,6,1
35583,7,1
35583,49,1
35583,50,1
35583,52,1
35583,53,1
35583,54,1
35583,56,1
35583,57,1
35583,59,1
35583,60,1
35583,61,1
35583,63,1
35583,64,1
35583,65,1
35583,66,1
35583,67,1
35583,72,1
35583,73,1
35583,74,1
35583,82,1
35583,83,1
35583,84,1
35583,86,1
35583,87,1
35583,88,1
35583,90,1
35583,91,1
35583,92,1
35583,93,1
35583,147,1
35583,148,0
35583,149,0
35583,150,0
35583,194,0
35583,196,0
35583,197,0
35583,198,0
35583,200,0
35583,201,1
35583,202,0
35583,203,0
35585,1,1
35585,2,0
35585,3,1
35585,5,1
35585,6,1
35585,7,1
35585,49,1
35585,50,1
35585,52,1
35585,53,1
35585,54,1
35585,56,1
35585,57,1
35585,59,1
35585,60,1
35585,61,1
35585,63,1
35585,64,1
35585,65,1
35585,66,1
35585,67,1
35585,72,1
35585,73,1
35585,74,1
35585,82,1
35585,83,1
35585,84,1
35585,86,1
35585,87,1
35585,88,1
35585,90,1
35585,91,0
35585,92,0
35585,93,0
35585,147,0
35585,148,1
35585,149,0
35585,150,0
35585,152,0
35585,153,0
35585,154,0
35585,155,0
35585,157,0
35585,159,0
35585,160,0
35585,164,0
35585,170,1
35585,171,1
35585,172,0
35585,173,0
35585,174,1
35585,175,0
35585,176,0
35585,177,0
35585,178,0
35585,181,0
35585,182,0
35585,183,0
35585,184,0
35585,194,0
35585,196,0
35585,197,0
35585,198,0
35585,200,0
35585,201,1
35585,202,1
35585,203,0
35586,1,1
35586,2,0
35586,3,1
35586,5,1
35586,6,1
35586,7,1
35586,49,1
35586,50,1
35586,52,1
35586,53,1
35586,54,1
35586,56,1
35586,57,1
35586,59,1
35586,60,1
35586,61,1
35586,63,0
35586,64,1
35586,65,1
35586,66,1
35586,67,1
35586,72,1
35586,73,1
35586,74,1
35586,82,1
35586,83,1
35586,84,1
35586,86,1
35586,87,1
35586,88,1
35586,90,1
35586,91,1
35586,92,1
35586,93,1
35586,147,1
35586,148,0
35586,149,0
35586,150,0
35586,194,0
35586,196,0
35586,197,0
35586,198,0
35586,200,0
35586,201,0
35586,202,0
35586,203,0
35590,1,1
35590,2,0
35590,3,1
35590,5,1
35590,6,1
35590,7,1
35590,29,1
35590,30,1
35590,31,0
35590,32,0
35590,33,0
35590,34,0
35590,35,0
35590,36,0
35590,37,0
35590,39,0
35590,40,0
35590,41,0
35590,72,1
35590,73,1
35590,74,1
35590,82,1
35590,83,1
35590,84,1
35590,86,1
35590,87,1
35590,88,1
35590,90,1
35590,91,1
35590,92,1
35590,93,1
35590,147,1
35590,148,0
35590,149,0
35590,150,0
35590,194,0
35590,196,0
35590,197,0
35590,198,0
35590,200,0
35590,201,1
35590,202,0
35590,203,0
35593,1,1
35593,5,1
35593,6,1
35593,7,1
35593,49,1
35593,50,1
35593,52,1
35593,53,1
35593,54,1
35593,56,1
35593,57,1
35593,59,1
35593,60,1
35593,61,1
35593,63,1
35593,64,1
35593,65,1
35593,66,1
35593,67,1
35593,72,1
35593,73,1
35593,74,1
35593,82,1
35593,83,1
35593,84,1
35593,86,1
35593,87,1
35593,88,1
35593,90,1
35593,91,1
35593,92,1
35593,93,1
35593,147,1
35593,148,0
35593,149,0
35593,150,0
35593,194,0
35593,196,0
35593,197,0
35593,198,0
35593,200,0
35593,201,1
35593,202,0
35593,203,0
35594,1,1
35594,2,0
35594,3,1
35594,5,1
35594,6,1
35594,7,1
35594,9,1
35594,10,0
35594,11,0
35594,12,0
35594,29,0
35594,30,0
35594,31,0
35594,32,0
35594,33,0
35594,34,0
35594,35,0
35594,36,0
35594,37,0
35594,39,1
35594,49,0
35594,50,0
35594,52,1
35594,53,1
35594,54,1
35594,56,0
35594,57,1
35594,59,1
35594,60,1
35594,61,1
35594,63,1
35594,64,1
35594,65,1
35594,66,1
35594,67,1
35594,72,0
35594,73,1
35594,74,1
35594,76,1
35594,77,0
35594,78,0
35594,79,0
35594,80,0
35594,82,1
35594,83,1
35594,84,1
35594,86,1
35594,87,1
35594,88,1
35594,90,1
35594,91,1
35594,92,1
35594,93,1
35594,147,0
35594,148,1
35594,149,0
35594,150,0
35594,152,0
35594,153,0
35594,154,0
35594,155,0
35594,157,1
35594,159,0
35594,160,1
35594,164,0
35594,170,1
35594,171,1
35594,172,0
35594,173,0
35594,174,0
35594,175,1
35594,176,0
35594,177,0
35594,178,0
35594,181,0
35594,182,0
35594,183,0
35594,184,0
35594,194,1
35594,196,1
35594,197,0
35594,198,0
35594,200,0
35594,201,1
35594,202,0
35594,203,0
35595,1,1
35595,2,0
35595,3,1
35595,5,1
35595,6,1
35595,7,1
35595,49,1
35595,50,1
35595,52,1
35595,53,1
35595,54,1
35595,56,1
35595,57,1
35595,59,1
35595,60,1
35595,61,1
35595,63,1
35595,64,1
35595,65,1
35595,66,1
35595,67,1
35595,72,1
35595,73,1
35595,74,1
35595,82,1
35595,83,1
35595,84,1
35595,86,1
35595,87,1
35595,88,1
35595,90,1
35595,91,1
35595,92,1
35595,93,1
35595,147,1
35595,148,0
35595,149,0
35595,150,0
35595,194,0
35595,196,0
35595,197,0
35595,198,0
35595,200,0
35595,201,0
35595,202,0
35595,203,0
35596,1,1
35596,2,1
35596,3,0
35596,5,1
35596,6,1
35596,7,1
35596,49,1
35596,50,1
35596,52,1
35596,53,1
35596,54,1
35596,56,1
35596,57,1
35596,59,1
35596,60,1
35596,61,1
35596,63,1
35596,64,1
35596,65,1
35596,66,1
35596,67,1
35596,72,1
35596,73,1
35596,74,1
35596,82,1
35596,83,1
35596,84,1
35596,86,1
35596,87,1
35596,88,1
35596,90,1
35596,91,1
35596,92,1
35596,93,1
35596,147,1
35596,148,0
35596,149,0
35596,150,0
35596,194,0
35596,196,0
35596,197,0
35596,198,0
35596,200,0
35596,201,0
35596,202,0
35596,203,0
35599,1,1
35599,2,0
35599,3,0
35599,5,1
35599,6,1
35599,7,1
35599,56,1
35599,57,1
35599,59,1
35599,60,1
35599,61,1
35599,63,1
35599,64,1
35599,65,1
35599,66,1
35599,67,1
35599,72,0
35599,73,1
35599,74,1
35599,82,1
35599,83,1
35599,84,1
35599,86,1
35599,87,1
35599,88,1
35599,90,1
35599,91,1
35599,92,1
35599,93,1
35599,147,1
35599,148,0
35599,149,0
35599,150,0
35599,194,0
35599,196,0
35599,197,0
35599,198,0
35599,200,0
35599,201,0
35599,202,0
35599,203,0
35608,1,1
35608,2,1
35608,3,0
35608,5,1
35608,6,1
35608,7,1
35608,9,0
35608,10,1
35608,11,0
35608,12,0
35608,49,1
35608,50,1
35608,52,1
35608,53,1
35608,54,1
35608,56,1
35608,57,1
35608,59,1
35608,60,1
35608,61,1
35608,63,1
35608,64,1
35608,65,1
35608,66,1
35608,67,1
35608,72,1
35608,73,1
35608,74,1
35608,82,1
35608,83,0
35608,84,0
35608,86,1
35608,87,1
35608,88,1
35608,90,0
35608,91,0
35608,92,0
35608,93,0
35608,147,1
35608,148,0
35608,149,0
35608,150,0
35608,194,0
35608,196,0
35608,197,0
35608,198,0
35608,200,0
35608,201,1
35608,202,0
35608,203,0
35610,1,1
35610,2,0
35610,3,1
35610,5,1
35610,6,1
35610,7,1
35610,49,1
35610,50,1
35610,52,1
35610,53,1
35610,54,1
35610,56,1
35610,57,1
35610,59,1
35610,60,1
35610,61,1
35610,63,1
35610,64,1
35610,65,1
35610,66,1
35610,67,1
35610,72,1
35610,73,1
35610,74,1
35610,82,1
35610,83,1
35610,84,1
35610,86,1
35610,87,1
35610,88,1
35610,90,1
35610,91,1
35610,92,1
35610,93,1
35610,147,1
35610,148,0
35610,149,0
35610,150,0
35610,194,0
35610,196,0
35610,197,0
35610,198,0
35610,200,0
35610,201,0
35610,202,0
35610,203,0
35616,1,1
35616,2,0
35616,3,1
35616,5,1
35616,6,1
35616,7,1
35616,29,0
35616,30,0
35616,31,0
35616,32,0
35616,33,0
35616,34,0
35616,35,1
35616,36,1
35616,37,0
35616,39,0
35616,40,0
35616,41,0
35616,49,1
35616,50,1
35616,52,1
35616,53,1
35616,54,1
35616,56,1
35616,57,1
35616,59,1
35616,60,1
35616,61,1
35616,63,1
35616,64,1
35616,65,1
35616,66,1
35616,67,1
35616,72,1
35616,73,1
35616,74,1
35616,82,1
35616,83,1
35616,84,1
35616,86,1
35616,87,1
35616,88,1
35616,90,1
35616,91,1
35616,92,1
35616,93,1
35616,147,0
35616,148,0
35616,149,1
35616,150,0
35616,152,1
35616,153,1
35616,154,0
35616,155,1
35616,157,1
35616,159,1
35616,160,0
35616,164,0
35616,170,0
35616,171,0
35616,172,0
35616,173,0
35616,174,0
35616,175,0
35616,176,0
35616,177,0
35616,178,0
35616,181,0
35616,182,0
35616,183,0
35616,184,0
35616,194,0
35616,196,0
35616,197,0
35616,198,0
35616,200,0
35616,201,0
35616,202,0
35616,203,0
35628,1,1
35628,2,0
35628,3,1
35628,5,1
35628,6,1
35628,7,1
35628,29,1
35628,30,1
35628,31,0
35628,32,0
35628,33,0
35628,34,0
35628,35,0
35628,36,0
35628,37,0
35628,39,0
35628,40,0
35628,41,0
35628,49,1
35628,50,1
35628,52,1
35628,53,1
35628,54,1
35628,56,1
35628,57,1
35628,59,1
35628,60,1
35628,61,1
35628,63,1
35628,64,1
35628,65,1
35628,66,1
35628,67,1
35628,72,1
35628,73,1
35628,74,1
35628,82,1
35628,83,1
35628,84,1
35628,86,1
35628,87,1
35628,88,1
35628,90,1
35628,91,1
35628,92,1
35628,93,0
35628,147,1
35628,148,0
35628,149,0
35628,150,0
35628,194,0
35628,196,0
35628,197,0
35628,198,0
35628,200,0
35628,201,1
35628,202,0
35628,203,1
35629,1,1
35629,2,0
35629,3,1
35629,5,1
35629,6,1
35629,7,1
35629,29,1
35629,30,1
35629,31,0
35629,32,0
35629,33,0
35629,34,0
35629,35,0
35629,36,0
35629,37,0
35629,39,0
35629,40,0
35629,41,0
35629,56,1
35629,57,1
35629,59,1
35629,60,1
35629,61,1
35629,63,1
35629,64,1
35629,65,1
35629,66,1
35629,67,1
35629,72,1
35629,73,1
35629,74,1
35629,82,1
35629,83,1
35629,84,1
35629,86,1
35629,87,1
35629,88,1
35629,90,1
35629,91,1
35629,92,1
35629,93,1
35629,147,1
35629,148,0
35629,149,0
35629,150,0
35629,194,0
35629,196,0
35629,197,0
35629,198,0
35629,200,0
35629,201,1
35629,202,0
35629,203,0
35631,1,1
35631,2,0
35631,3,1
35631,5,1
35631,6,1
35631,7,1
35631,29,1
35631,30,1
35631,31,0
35631,32,0
35631,33,0
35631,34,0
35631,35,0
35631,36,0
35631,37,0
35631,39,0
35631,40,0
35631,41,0
35631,49,1
35631,50,1
35631,52,1
35631,53,1
35631,54,1
35631,56,1
35631,57,1
35631,59,1
35631,60,1
35631,61,1
35631,63,1
35631,64,1
35631,65,1
35631,66,1
35631,67,1
35631,72,1
35631,73,1
35631,74,1
35631,82,1
35631,83,1
35631,84,1
35631,86,1
35631,87,1
35631,88,1
35631,90,1
35631,91,1
35631,92,1
35631,93,1
35631,147,1
35631,148,0
35631,149,0
35631,150,0
35631,194,0
35631,196,0
35631,197,0
35631,198,0
35631,200,0
35631,201,1
35631,202,0
35631,203,0
35633,1,1
35633,2,0
35633,3,1
35633,5,1
35633,6,1
35633,7,1
35633,49,1
35633,50,1
35633,52,1
35633,53,1
35633,54,1
35633,56,1
35633,57,1
35633,59,1
35633,60,1
35633,61,1
35633,63,1
35633,64,1
35633,65,1
35633,66,1
35633,67,1
35633,72,1
35633,73,1
35633,74,1
35633,82,1
35633,83,1
35633,84,1
35633,86,1
35633,87,1
35633,88,1
35633,90,1
35633,91,1
35633,92,1
35633,93,0
35633,147,0
35633,148,1
35633,149,0
35633,150,0
35633,152,1
35633,153,1
35633,154,0
35633,155,1
35633,157,0
35633,159,0
35633,160,0
35633,164,0
35633,170,0
35633,171,0
35633,172,0
35633,173,0
35633,174,0
35633,175,0
35633,176,0
35633,177,0
35633,178,0
35633,181,0
35633,182,0
35633,183,0
35633,184,0
35633,194,1
35633,196,1
35633,197,0
35633,198,0
35633,200,0
35633,201,1
35633,202,0
35633,203,0
35637,1,1
35637,2,0
35637,3,1
35637,5,1
35637,6,1
35637,7,1
35637,29,1
35637,32,0
35637,33,0
35637,34,0
35637,35,0
35637,36,0
35637,37,0
35637,39,0
35637,40,0
35637,41,0
35637,56,1
35637,57,1
35637,59,1
35637,60,1
35637,61,1
35637,63,0
35637,64,1
35637,65,1
35637,66,1
35637,67,1
35637,72,1
35637,73,1
35637,74,1
35637,82,1
35637,83,1
35637,84,1
35637,86,1
35637,87,1
35637,88,1
35637,90,1
35637,91,1
35637,92,1
35637,93,1
35637,147,1
35637,148,0
35637,149,0
35637,150,0
35637,194,0
35637,196,0
35637,197,0
35637,198,0
35637,200,0
35637,201,1
35637,202,0
35637,203,0
35933,1,1
35933,2,0
35933,3,0
35933,5,1
35933,6,1
35933,7,1
35933,49,1
35933,50,1
35933,52,1
35933,53,1
35933,54,1
35933,56,1
35933,57,1
35933,59,1
35933,60,1
35933,61,1
35933,63,1
35933,64,1
35933,65,1
35933,66,1
35933,67,1
35933,72,1
35933,73,1
35933,74,1
35933,82,1
35933,83,1
35933,84,1
35933,86,1
35933,87,1
35933,88,1
35933,90,1
35933,91,1
35933,92,1
35933,93,1
35933,147,1
35933,148,0
35933,149,0
35933,150,0
35933,194,0
35933,196,0
35933,197,0
35933,198,0
35933,200,0
35933,201,1
35933,202,1
35933,203,0
35947,1,1
35947,2,0
35947,3,1
35947,5,1
35947,6,1
35947,7,1
35947,29,1
35947,30,1
35947,31,0
35947,32,0
35947,33,0
35947,34,0
35947,35,0
35947,36,0
35947,37,0
35947,39,0
35947,40,0
35947,41,0
35947,49,1
35947,50,1
35947,52,1
35947,53,1
35947,54,1
35947,56,1
35947,57,1
35947,59,1
35947,60,1
35947,61,1
35947,63,1
35947,64,1
35947,65,1
35947,66,1
35947,67,1
35947,72,1
35947,73,1
35947,74,1
35947,82,1
35947,83,1
35947,84,1
35947,86,1
35947,87,1
35947,88,1
35947,90,1
35947,91,1
35947,92,1
35947,93,1
35947,147,1
35947,148,0
35947,149,0
35947,150,0
35947,194,0
35947,196,0
35947,197,0
35947,198,0
35947,200,0
35947,201,1
35947,202,0
35947,203,0
35957,1,1
35957,2,0
35957,3,1
35957,5,1
35957,6,1
35957,7,1
35957,9,0
35957,10,0
35957,11,0
35957,12,1
35957,49,1
35957,50,1
35957,52,1
35957,53,1
35957,54,1
35957,56,1
35957,57,1
35957,59,1
35957,60,1
35957,61,1
35957,63,1
35957,64,1
35957,65,1
35957,66,1
35957,67,1
35957,72,1
35957,73,1
35957,74,1
35957,82,1
35957,83,1
35957,84,1
35957,86,1
35957,87,1
35957,88,1
35957,90,1
35957,91,1
35957,92,1
35957,93,1
35957,147,1
35957,148,0
35957,149,0
35957,150,0
35957,194,0
35957,196,0
35957,197,0
35957,198,0
35957,200,0
35957,201,0
35957,202,0
35957,203,0
35958,1,1
35958,2,0
35958,3,1
35958,5,1
35958,6,1
35958,7,1
35958,29,1
35958,30,1
35958,31,0
35958,32,0
35958,33,0
35958,34,0
35958,35,0
35958,36,0
35958,37,0
35958,39,0
35958,40,0
35958,41,0
35958,56,1
35958,57,1
35958,59,1
35958,60,1
35958,61,1
35958,63,1
35958,64,1
35958,65,1
35958,66,1
35958,67,1
35958,72,1
35958,73,1
35958,74,1
35958,82,1
35958,83,1
35958,84,1
35958,86,1
35958,87,1
35958,88,1
35958,90,1
35958,91,1
35958,92,1
35958,93,1
35958,147,1
35958,148,0
35958,149,0
35958,150,0
35958,194,0
35958,196,0
35958,197,0
35958,198,0
35958,200,0
35958,201,1
35958,202,0
35958,203,0
35959,1,1
35959,2,0
35959,3,1
35959,5,1
35959,6,1
35959,7,1
35959,9,1
35959,10,0
35959,11,0
35959,12,0
35959,29,0
35959,30,0
35959,31,0
35959,32,0
35959,33,0
35959,34,0
35959,35,0
35959,36,0
35959,37,0
35959,39,1
35959,49,1
35959,50,1
35959,52,1
35959,53,1
35959,54,1
35959,56,1
35959,57,1
35959,59,1
35959,60,1
35959,61,1
35959,63,1
35959,64,1
35959,65,1
35959,66,1
35959,67,1
35959,72,1
35959,73,1
35959,74,1
35959,82,1
35959,83,1
35959,84,1
35959,86,1
35959,87,1
35959,88,1
35959,90,1
35959,91,1
35959,92,1
35959,93,1
35959,147,1
35959,148,0
35959,149,0
35959,150,0
35959,194,0
35959,196,0
35959,197,0
35959,198,0
35959,200,0
35959,201,1
35959,202,0
35959,203,0
35961,1,1
35961,2,0
35961,3,1
35961,5,1
35961,6,1
35961,7,1
35961,29,0
35961,30,0
35961,31,0
35961,32,0
35961,33,0
35961,34,0
35961,35,1
35961,36,0
35961,37,1
35961,39,0
35961,40,0
35961,41,0
35961,49,0
35961,50,0
35961,52,1
35961,53,1
35961,54,1
35961,56,0
35961,57,0
35961,59,1
35961,60,1
35961,61,1
35961,63,1
35961,64,1
35961,65,1
35961,66,1
35961,67,1
35961,72,1
35961,73,1
35961,74,1
35961,82,1
35961,83,1
35961,84,1
35961,86,1
35961,87,1
35961,88,1
35961,90,1
35961,91,1
35961,92,1
35961,93,1
35961,147,1
35961,148,0
35961,149,0
35961,150,0
35961,194,0
35961,196,0
35961,197,0
35961,198,0
35961,200,0
35961,201,1
35961,202,1
35961,203,0
35962,1,1
35962,2,0
35962,3,1
35962,5,1
35962,6,1
35962,7,1
35962,29,0
35962,30,0
35962,31,0
35962,32,0
35962,33,0
35962,34,0
35962,35,1
35962,36,1
35962,37,0
35962,39,0
35962,40,0
35962,41,0
35962,49,0
35962,50,1
35962,52,1
35962,53,1
35962,54,1
35962,56,1
35962,57,1
35962,59,1
35962,60,1
35962,61,1
35962,63,1
35962,64,1
35962,65,1
35962,66,1
35962,67,1
35962,72,1
35962,73,1
35962,74,1
35962,82,1
35962,83,1
35962,84,1
35962,86,1
35962,87,1
35962,88,1
35962,90,1
35962,91,1
35962,92,1
35962,93,1
35962,147,1
35962,148,0
35962,149,0
35962,150,0
35962,194,1
35962,196,0
35962,197,0
35962,198,0
35962,200,0
35962,201,1
35962,202,0
35962,203,0
35963,1,1
35963,2,0
35963,3,1
35963,5,1
35963,6,1
35963,7,1
35963,29,1
35963,30,1
35963,31,0
35963,32,0
35963,33,0
35963,34,0
35963,35,0
35963,36,0
35963,37,0
35963,39,0
35963,40,0
35963,41,0
35963,72,1
35963,73,1
35963,74,1
35963,82,1
35963,83,1
35963,84,1
35963,86,1
35963,87,1
35963,88,1
35963,90,1
35963,91,1
35963,92,1
35963,93,0
35963,147,1
35963,148,0
35963,149,0
35963,150,0
35963,194,0
35963,196,0
35963,197,0
35963,198,0
35963,200,0
35963,201,1
35963,202,0
35963,203,0
35964,1,1
35964,2,0
35964,3,1
35964,5,1
35964,6,1
35964,7,1
35964,72,1
35964,73,1
35964,74,1
35964,82,1
35964,83,1
35964,84,1
35964,86,1
35964,87,1
35964,88,1
35964,90,1
35964,91,1
35964,92,1
35964,93,1
35964,147,1
35964,148,0
35964,149,0
35964,150,0
35964,194,0
35964,196,0
35964,197,0
35964,198,0
35964,200,0
35964,201,0
35964,202,0
35964,203,0
35967,1,1
35967,2,0
35967,3,1
35967,5,1
35967,6,1
35967,7,1
35967,29,0
35967,30,0
35967,31,0
35967,32,0
35967,33,0
35967,34,0
35967,35,0
35967,36,0
35967,37,0
35967,39,1
35967,49,1
35967,50,1
35967,52,1
35967,53,1
35967,54,1
35967,56,1
35967,57,1
35967,59,1
35967,60,1
35967,61,1
35967,63,1
35967,64,1
35967,65,1
35967,66,1
35967,67,1
35967,72,1
35967,73,1
35967,74,1
35967,82,1
35967,83,1
35967,84,1
35967,86,1
35967,87,1
35967,88,1
35967,90,1
35967,91,1
35967,92,1
35967,93,1
35967,147,1
35967,148,0
35967,149,0
35967,150,0
35967,194,1
35967,196,1
35967,197,0
35967,198,0
35967,200,0
35967,201,1
35967,202,0
35967,203,0
35978,1,1
35978,2,0
35978,3,1
35978,5,1
35978,6,1
35978,7,1
35978,49,1
35978,50,1
35978,52,1
35978,53,1
35978,54,1
35978,56,1
35978,57,1
35978,59,1
35978,60,1
35978,61,1
35978,63,1
35978,64,1
35978,65,1
35978,66,1
35978,67,1
35978,72,1
35978,73,1
35978,74,1
35978,82,1
35978,83,1
35978,84,1
35978,86,1
35978,87,1
35978,88,1
35978,90,1
35978,91,1
35978,92,1
35978,93,1
35978,147,1
35978,148,0
35978,149,0
35978,150,0
35978,194,0
35978,196,0
35978,197,0
35978,198,0
35978,200,0
35978,201,1
35978,202,0
35978,203,0
35983,1,1
35983,2,0
35983,3,1
35983,5,1
35983,6,1
35983,7,1
35983,29,1
35983,30,1
35983,31,0
35983,32,0
35983,33,0
35983,34,0
35983,35,0
35983,36,0
35983,37,0
35983,39,0
35983,40,0
35983,41,0
35983,56,1
35983,57,1
35983,59,1
35983,60,1
35983,61,1
35983,63,1
35983,64,1
35983,65,1
35983,66,1
35983,67,1
35983,72,1
35983,73,1
35983,74,1
35983,82,1
35983,83,1
35983,84,1
35983,86,1
35983,87,1
35983,88,1
35983,90,1
35983,91,1
35983,92,1
35983,93,1
35983,147,1
35983,148,0
35983,149,0
35983,150,0
35983,194,0
35983,196,0
35983,197,0
35983,198,0
35983,200,0
35983,201,0
35983,202,0
35983,203,0
35984,1,1
35984,2,0
35984,3,1
35984,5,1
35984,6,1
35984,7,1
35984,29,1
35984,32,0
35984,33,0
35984,34,0
35984,35,0
35984,36,0
35984,37,0
35984,39,0
35984,40,0
35984,41,0
35984,49,1
35984,50,1
35984,52,1
35984,53,1
35984,54,1
35984,56,1
35984,57,1
35984,59,1
35984,60,1
35984,61,1
35984,63,1
35984,64,1
35984,65,1
35984,66,1
35984,67,1
35984,72,1
35984,73,1
35984,74,1
35984,82,1
35984,83,1
35984,84,1
35984,86,1
35984,87,1
35984,88,1
35984,90,1
35984,91,1
35984,92,1
35984,93,1
35984,147,1
35984,148,0
35984,149,0
35984,150,0
35984,194,0
35984,196,0
35984,197,0
35984,198,0
35984,200,0
35984,201,1
35984,202,0
35984,203,0
35986,1,1
35986,2,0
35986,3,1
35986,5,1
35986,6,1
35986,7,1
35986,56,1
35986,57,1
35986,59,1
35986,60,1
35986,61,1
35986,63,1
35986,64,1
35986,65,1
35986,66,1
35986,67,1
35986,72,0
35986,73,1
35986,74,1
35986,82,1
35986,83,1
35986,84,1
35986,86,1
35986,87,1
35986,88,1
35986,90,1
35986,91,1
35986,92,1
35986,93,1
35986,147,1
35986,148,0
35986,149,0
35986,150,0
35986,194,0
35986,196,0
35986,197,0
35986,198,0
35986,200,0
35986,201,1
35986,202,0
35986,203,0
35987,1,1
35987,5,1
35987,6,1
35987,7,1
35987,49,1
35987,50,1
35987,52,1
35987,53,1
35987,54,1
35987,56,1
35987,57,1
35987,59,1
35987,60,1
35987,61,1
35987,63,1
35987,64,1
35987,65,1
35987,66,1
35987,67,1
35987,72,1
35987,73,1
35987,74,1
35987,82,1
35987,83,1
35987,84,1
35987,86,1
35987,87,1
35987,88,1
35987,90,1
35987,91,1
35987,92,1
35987,93,0
35987,147,1
35987,148,0
35987,149,0
35987,150,0
35987,194,1
35987,196,0
35987,197,0
35987,198,0
35987,200,0
35987,201,1
35987,202,0
35987,203,0
35994,1,1
35994,2,0
35994,3,1
35994,5,1
35994,6,1
35994,7,1
35994,49,1
35994,50,1
35994,52,1
35994,53,1
35994,54,1
35994,56,1
35994,57,1
35994,59,1
35994,60,1
35994,61,1
35994,63,1
35994,64,1
35994,65,1
35994,66,1
35994,67,1
35994,72,1
35994,73,1
35994,74,1
35994,82,1
35994,83,1
35994,84,1
35994,86,1
35994,87,1
35994,88,1
35994,90,1
35994,91,1
35994,92,1
35994,93,1
35994,147,1
35994,148,0
35994,149,0
35994,150,0
35994,194,0
35994,196,0
35994,197,0
35994,198,0
35994,200,0
35994,201,0
35994,202,0
35994,203,0
35995,1,1
35995,2,0
35995,3,1
35995,5,1
35995,6,1
35995,7,1
35995,29,1
35995,30,1
35995,31,0
35995,32,0
35995,33,0
35995,34,0
35995,35,0
35995,36,0
35995,37,0
35995,39,0
35995,40,0
35995,41,0
35995,49,1
35995,50,1
35995,52,1
35995,53,1
35995,54,1
35995,56,1
35995,57,1
35995,59,1
35995,60,1
35995,61,1
35995,63,1
35995,64,1
35995,65,1
35995,66,1
35995,67,1
35995,72,1
35995,73,1
35995,74,1
35995,82,1
35995,83,1
35995,84,1
35995,86,1
35995,87,1
35995,88,1
35995,90,1
35995,91,1
35995,92,1
35995,93,0
35995,147,1
35995,148,0
35995,149,0
35995,150,0
35995,194,0
35995,196,0
35995,197,0
35995,198,0
35995,200,0
35995,201,0
35995,202,0
35995,203,0
35997,1,1
35997,5,1
35997,6,1
35997,7,1
35997,56,1
35997,57,1
35997,59,1
35997,60,1
35997,61,1
35997,63,1
35997,64,1
35997,65,1
35997,66,1
35997,67,1
35997,72,1
35997,73,1
35997,74,1
35997,82,1
35997,83,1
35997,84,1
35997,86,1
35997,87,1
35997,88,1
35997,90,1
35997,91,1
35997,92,1
35997,93,1
35997,147,1
35997,148,0
35997,149,0
35997,150,0
35997,194,0
35997,196,0
35997,197,0
35997,198,0
35997,200,0
35997,201,1
35997,202,0
35997,203,0
35999,1,1
35999,2,0
35999,3,1
35999,5,1
35999,6,1
35999,7,1
35999,9,1
35999,10,0
35999,11,0
35999,12,0
35999,29,1
35999,30,1
35999,31,0
35999,32,0
35999,33,0
35999,34,0
35999,35,0
35999,36,0
35999,37,0
35999,39,0
35999,40,0
35999,41,0
35999,49,1
35999,50,1
35999,52,1
35999,53,1
35999,54,1
35999,56,1
35999,57,1
35999,59,1
35999,60,1
35999,61,1
35999,63,1
35999,64,1
35999,65,1
35999,66,1
35999,67,1
35999,72,1
35999,73,1
35999,74,1
35999,82,1
35999,83,1
35999,84,1
35999,86,1
35999,87,1
35999,88,1
35999,90,1
35999,91,1
35999,92,1
35999,93,1
35999,147,1
35999,148,0
35999,149,0
35999,150,0
35999,194,0
35999,196,0
35999,197,0
35999,198,0
35999,200,0
35999,201,1
35999,202,0
35999,203,0
36008,1,1
36008,2,1
36008,3,0
36008,5,1
36008,6,1
36008,7,1
36008,9,0
36008,10,0
36008,11,0
36008,12,1
36008,29,0
36008,30,0
36008,31,0
36008,32,0
36008,33,0
36008,34,0
36008,35,0
36008,36,0
36008,37,0
36008,39,1
36008,49,1
36008,50,1
36008,52,1
36008,53,1
36008,54,1
36008,56,1
36008,57,1
36008,59,1
36008,60,1
36008,61,1
36008,63,1
36008,64,1
36008,65,1
36008,66,1
36008,67,1
36008,72,1
36008,73,1
36008,74,1
36008,82,1
36008,83,1
36008,84,1
36008,86,1
36008,87,1
36008,88,1
36008,90,1
36008,91,1
36008,92,1
36008,93,0
36008,147,0
36008,148,1
36008,149,0
36008,150,0
36008,152,1
36008,153,1
36008,154,0
36008,155,1
36008,157,0
36008,159,0
36008,160,0
36008,164,0
36008,170,0
36008,171,0
36008,172,0
36008,173,0
36008,174,0
36008,175,0
36008,176,0
36008,177,0
36008,178,0
36008,181,0
36008,182,0
36008,183,0
36008,184,0
36008,194,0
36008,196,0
36008,197,0
36008,198,0
36008,200,0
36008,201,1
36008,202,0
36008,203,0
36010,1,1
36010,2,0
36010,3,1
36010,5,1
36010,6,1
36010,7,1
36010,49,1
36010,50,1
36010,52,1
36010,53,1
36010,54,1
36010,56,1
36010,57,1
36010,59,1
36010,60,1
36010,61,1
36010,63,1
36010,64,1
36010,65,1
36010,66,1
36010,67,1
36010,72,0
36010,73,1
36010,74,1
36010,82,1
36010,83,1
36010,84,1
36010,86,1
36010,87,1
36010,88,1
36010,90,1
36010,91,1
36010,92,1
36010,93,1
36010,147,1
36010,148,0
36010,149,0
36010,150,0
36010,194,0
36010,196,0
36010,197,0
36010,198,0
36010,200,0
36010,201,1
36010,202,0
36010,203,0
36016,1,1
36016,2,0
36016,3,1
36016,5,1
36016,6,1
36016,7,1
36016,147,1
36016,148,0
36016,149,0
36016,150,0
36016,194,0
36016,196,0
36016,197,0
36016,198,0
36016,200,0
36016,201,1
36016,202,0
36016,203,0
36018,1,1
36018,2,0
36018,3,1
36018,5,1
36018,6,1
36018,7,1
36018,49,1
36018,50,1
36018,52,1
36018,53,1
36018,54,1
36018,56,1
36018,57,1
36018,59,1
36018,60,1
36018,61,1
36018,63,1
36018,64,1
36018,65,1
36018,66,1
36018,67,1
36018,72,1
36018,73,1
36018,74,1
36018,82,1
36018,83,1
36018,84,1
36018,86,1
36018,87,1
36018,88,1
36018,90,1
36018,91,1
36018,92,1
36018,93,1
36018,147,1
36018,148,0
36018,149,0
36018,150,0
36018,194,0
36018,196,0
36018,197,0
36018,198,0
36018,200,0
36018,201,1
36018,202,0
36018,203,0
36021,1,1
36021,2,0
36021,3,1
36021,5,1
36021,6,1
36021,7,1
36021,29,0
36021,30,0
36021,31,0
36021,32,0
36021,33,0
36021,34,0
36021,35,0
36021,36,0
36021,37,0
36021,39,1
36021,49,1
36021,50,1
36021,52,1
36021,53,1
36021,54,1
36021,56,1
36021,57,1
36021,59,1
36021,60,1
36021,61,1
36021,63,1
36021,64,1
36021,65,1
36021,66,1
36021,67,1
36021,72,1
36021,73,1
36021,74,1
36021,82,1
36021,83,1
36021,84,1
36021,86,1
36021,87,1
36021,88,1
36021,90,1
36021,91,1
36021,92,1
36021,93,1
36021,147,1
36021,148,0
36021,149,0
36021,150,0
36021,194,0
36021,196,0
36021,197,0
36021,198,0
36021,200,0
36021,201,1
36021,202,0
36021,203,0
36022,1,1
36022,2,0
36022,3,1
36022,5,1
36022,6,1
36022,7,1
36022,49,1
36022,50,1
36022,52,1
36022,53,1
36022,54,1
36022,56,1
36022,57,1
36022,59,1
36022,60,1
36022,61,1
36022,63,1
36022,64,1
36022,65,1
36022,66,1
36022,67,1
36022,72,1
36022,73,1
36022,74,1
36022,82,1
36022,83,1
36022,84,1
36022,90,1
36022,91,1
36022,92,1
36022,93,1
36022,147,1
36022,148,0
36022,149,0
36022,150,0
36022,194,0
36022,196,0
36022,197,0
36022,198,0
36022,200,0
36022,201,1
36022,202,0
36022,203,0
36026,1,1
36026,2,0
36026,3,1
36026,5,1
36026,6,1
36026,7,1
36026,72,0
36026,73,1
36026,74,1
36026,82,1
36026,83,1
36026,84,1
36026,86,1
36026,87,1
36026,88,1
36026,90,1
36026,91,1
36026,92,1
36026,93,1
36026,147,1
36026,148,0
36026,149,0
36026,150,0
36026,194,0
36026,196,0
36026,197,0
36026,198,0
36026,200,0
36026,201,1
36026,202,0
36026,203,0
36030,1,1
36030,5,1
36030,6,1
36030,7,1
36030,72,1
36030,73,1
36030,74,1
36030,82,1
36030,83,1
36030,84,1
36030,90,1
36030,91,1
36030,92,1
36030,93,1
36030,147,1
36030,148,0
36030,149,0
36030,150,0
36030,194,0
36030,196,0
36030,197,0
36030,198,0
36030,200,0
36030,201,0
36030,202,0
36030,203,0
36031,1,1
36031,2,0
36031,3,1
36031,5,1
36031,6,1
36031,7,1
36031,29,1
36031,30,1
36031,31,0
36031,32,0
36031,33,0
36031,34,0
36031,35,0
36031,36,0
36031,37,0
36031,39,0
36031,40,0
36031,41,0
36031,49,1
36031,50,1
36031,52,1
36031,53,1
36031,54,1
36031,56,1
36031,57,1
36031,59,1
36031,60,1
36031,61,1
36031,63,1
36031,64,1
36031,65,1
36031,66,1
36031,67,1
36031,72,1
36031,73,1
36031,74,1
36031,82,1
36031,83,1
36031,84,1
36031,86,1
36031,87,1
36031,88,1
36031,90,1
36031,91,1
36031,92,1
36031,93,0
36031,147,1
36031,148,0
36031,149,0
36031,150,0
36031,194,0
36031,196,0
36031,197,0
36031,198,0
36031,200,0
36031,201,0
36031,202,0
36031,203,1
36035,1,1
36035,2,0
36035,3,1
36035,5,1
36035,6,1
36035,7,1
36035,49,1
36035,50,1
36035,52,1
36035,53,1
36035,54,1
36035,56,1
36035,57,1
36035,59,1
36035,60,1
36035,61,1
36035,63,1
36035,64,1
36035,65,1
36035,66,1
36035,67,1
36035,72,0
36035,73,1
36035,74,1
36035,82,1
36035,83,1
36035,84,1
36035,86,1
36035,87,1
36035,88,1
36035,90,1
36035,91,1
36035,92,0
36035,93,0
36035,147,1
36035,148,0
36035,149,0
36035,150,0
36035,194,0
36035,196,0
36035,197,0
36035,198,0
36035,200,0
36035,201,0
36035,202,0
36035,203,0
36041,1,1
36041,2,1
36041,3,0
36041,5,1
36041,6,1
36041,7,1
36041,49,0
36041,50,1
36041,52,1
36041,53,1
36041,54,1
36041,56,1
36041,57,1
36041,59,1
36041,60,1
36041,61,1
36041,63,1
36041,64,1
36041,65,1
36041,66,1
36041,67,1
36041,72,1
36041,73,1
36041,74,1
36041,82,1
36041,83,1
36041,84,1
36041,86,1
36041,87,1
36041,88,1
36041,90,1
36041,91,1
36041,92,1
36041,93,1
36041,147,1
36041,148,0
36041,149,0
36041,150,0
36041,194,0
36041,196,1
36041,197,0
36041,198,0
36041,200,0
36041,201,1
36041,202,0
36041,203,0
36314,1,1
36314,2,0
36314,3,1
36314,5,1
36314,6,1
36314,7,1
36314,49,1
36314,50,1
36314,52,1
36314,53,1
36314,54,1
36314,56,1
36314,57,1
36314,59,1
36314,60,1
36314,61,1
36314,63,1
36314,64,1
36314,65,1
36314,66,1
36314,67,1
36314,72,1
36314,73,1
36314,74,1
36314,82,1
36314,83,1
36314,84,1
36314,86,1
36314,87,1
36314,88,1
36314,90,1
36314,91,1
36314,92,1
36314,93,1
36314,147,1
36314,148,0
36314,149,0
36314,150,0
36314,194,0
36314,196,0
36314,197,0
36314,198,0
36314,200,0
36314,201,1
36314,202,1
36314,203,0
36316,1,1
36316,2,0
36316,3,1
36316,5,1
36316,6,1
36316,7,1
36316,72,1
36316,73,1
36316,74,1
36316,82,1
36316,83,1
36316,84,1
36316,90,1
36316,91,1
36316,92,1
36316,93,1
36316,147,1
36316,148,0
36316,149,0
36316,150,0
36316,194,0
36316,196,0
36316,197,0
36316,198,0
36316,200,0
36316,201,0
36316,202,0
36316,203,0
36330,1,1
36330,2,1
36330,3,1
36330,5,1
36330,6,1
36330,7,1
36330,49,1
36330,50,1
36330,52,1
36330,53,1
36330,54,1
36330,56,1
36330,57,1
36330,59,1
36330,60,1
36330,61,1
36330,63,1
36330,64,1
36330,65,1
36330,66,1
36330,67,1
36330,72,1
36330,73,1
36330,74,1
36330,82,1
36330,83,1
36330,84,1
36330,86,1
36330,87,1
36330,88,1
36330,90,1
36330,91,1
36330,92,1
36330,93,1
36330,147,1
36330,148,0
36330,149,0
36330,150,0
36330,194,0
36330,196,0
36330,197,0
36330,198,0
36330,200,0
36330,201,1
36330,202,1
36330,203,0
36333,1,1
36333,2,0
36333,3,1
36333,5,1
36333,6,1
36333,7,1
36333,29,1
36333,30,0
36333,31,1
36333,32,0
36333,33,0
36333,34,0
36333,35,0
36333,36,0
36333,37,0
36333,39,0
36333,40,0
36333,41,0
36333,56,1
36333,57,1
36333,59,1
36333,60,1
36333,61,1
36333,63,1
36333,64,1
36333,65,1
36333,66,1
36333,67,1
36333,72,1
36333,73,1
36333,74,1
36333,82,1
36333,83,1
36333,84,1
36333,86,1
36333,87,1
36333,88,1
36333,90,1
36333,91,1
36333,92,1
36333,93,1
36333,147,1
36333,148,0
36333,149,0
36333,150,0
36333,194,0
36333,196,0
36333,197,0
36333,198,0
36333,200,0
36333,201,1
36333,202,0
36333,203,0
36337,1,1
36337,2,0
36337,3,1
36337,5,1
36337,6,1
36337,7,1
36337,9,0
36337,10,0
36337,11,0
36337,12,1
36337,29,0
36337,30,0
36337,31,0
36337,32,0
36337,33,0
36337,34,0
36337,35,0
36337,36,0
36337,37,0
36337,39,1
36337,49,1
36337,50,1
36337,52,1
36337,53,1
36337,54,1
36337,56,1
36337,57,1
36337,59,1
36337,60,1
36337,61,1
36337,63,1
36337,64,1
36337,65,1
36337,66,1
36337,67,1
36337,72,1
36337,73,1
36337,74,1
36337,82,1
36337,83,1
36337,84,1
36337,86,1
36337,87,1
36337,88,1
36337,90,1
36337,91,1
36337,92,1
36337,93,1
36337,147,1
36337,148,0
36337,149,0
36337,150,0
36337,194,0
36337,196,0
36337,197,0
36337,198,0
36337,200,0
36337,201,1
36337,202,0
36337,203,0
36338,1,1
36338,2,0
36338,3,1
36338,5,1
36338,6,1
36338,7,1
36338,49,1
36338,50,1
36338,52,1
36338,53,1
36338,54,1
36338,56,1
36338,57,1
36338,59,1
36338,60,1
36338,61,1
36338,63,1
36338,64,1
36338,65,1
36338,66,1
36338,67,1
36338,72,1
36338,73,1
36338,74,1
36338,82,1
36338,83,1
36338,84,1
36338,86,1
36338,87,1
36338,88,1
36338,90,1
36338,91,1
36338,92,1
36338,93,0
36338,147,1
36338,148,0
36338,149,0
36338,150,0
36338,194,1
36338,196,0
36338,197,0
36338,198,0
36338,200,0
36338,201,1
36338,202,0
36338,203,0
36339,1,1
36339,5,1
36339,6,1
36339,7,1
36339,29,1
36339,30,0
36339,31,1
36339,32,0
36339,33,0
36339,34,0
36339,35,0
36339,36,0
36339,37,0
36339,39,0
36339,40,0
36339,41,0
36339,49,1
36339,50,1
36339,52,1
36339,53,1
36339,54,1
36339,56,1
36339,57,1
36339,59,1
36339,60,1
36339,61,1
36339,63,0
36339,64,1
36339,65,1
36339,66,1
36339,67,1
36339,72,1
36339,73,1
36339,74,1
36339,82,1
36339,83,1
36339,84,1
36339,86,1
36339,87,1
36339,88,1
36339,90,1
36339,91,1
36339,92,1
36339,93,1
36339,147,1
36339,148,0
36339,149,0
36339,150,0
36339,194,0
36339,196,1
36339,197,0
36339,198,0
36339,200,0
36339,201,1
36339,202,1
36339,203,0
36341,1,1
36341,2,0
36341,3,1
36341,5,1
36341,6,1
36341,7,1
36341,49,1
36341,50,1
36341,52,1
36341,53,1
36341,54,1
36341,56,1
36341,57,1
36341,59,1
36341,60,1
36341,61,1
36341,63,1
36341,64,1
36341,65,1
36341,66,1
36341,67,1
36341,72,1
36341,73,1
36341,74,1
36341,82,1
36341,83,1
36341,84,1
36341,86,1
36341,87,1
36341,88,1
36341,90,1
36341,91,1
36341,92,1
36341,93,1
36341,147,1
36341,148,0
36341,149,0
36341,150,0
36341,194,0
36341,196,0
36341,197,0
36341,198,0
36341,200,0
36341,201,1
36341,202,0
36341,203,0
36345,1,1
36345,2,1
36345,3,0
36345,5,1
36345,6,1
36345,7,1
36345,29,0
36345,30,0
36345,31,0
36345,32,0
36345,33,0
36345,34,0
36345,35,1
36345,36,0
36345,37,1
36345,39,0
36345,40,0
36345,41,0
36345,49,1
36345,50,1
36345,52,1
36345,53,1
36345,54,1
36345,56,1
36345,57,1
36345,59,1
36345,60,1
36345,61,1
36345,63,1
36345,64,1
36345,65,1
36345,66,1
36345,67,1
36345,72,1
36345,73,1
36345,74,1
36345,82,1
36345,83,1
36345,84,1
36345,86,1
36345,87,1
36345,88,1
36345,90,1
36345,91,1
36345,92,1
36345,93,1
36345,147,1
36345,148,0
36345,149,0
36345,150,0
36345,194,0
36345,196,0
36345,197,0
36345,198,0
36345,200,0
36345,201,0
36345,202,0
36345,203,0
36347,1,1
36347,2,0
36347,3,1
36347,5,1
36347,6,1
36347,7,1
36347,9,0
36347,10,0
36347,11,1
36347,12,0
36347,49,1
36347,50,1
36347,52,1
36347,53,1
36347,54,1
36347,56,1
36347,57,1
36347,59,1
36347,60,1
36347,61,1
36347,63,1
36347,64,1
36347,65,1
36347,66,1
36347,67,1
36347,72,1
36347,73,1
36347,74,1
36347,82,1
36347,83,1
36347,84,1
36347,86,1
36347,87,1
36347,88,1
36347,90,1
36347,91,1
36347,92,1
36347,93,1
36347,147,1
36347,148,0
36347,149,0
36347,150,0
36347,194,0
36347,196,0
36347,197,0
36347,198,0
36347,200,0
36347,201,1
36347,202,0
36347,203,0
36354,1,1
36354,2,0
36354,3,1
36354,5,1
36354,6,1
36354,7,1
36354,49,1
36354,50,1
36354,52,1
36354,53,1
36354,54,1
36354,56,1
36354,57,1
36354,59,1
36354,60,1
36354,61,1
36354,63,1
36354,64,1
36354,65,1
36354,66,1
36354,67,1
36354,72,1
36354,73,1
36354,74,1
36354,82,1
36354,83,1
36354,84,1
36354,86,1
36354,87,1
36354,88,1
36354,90,1
36354,91,1
36354,92,1
36354,93,1
36354,147,1
36354,148,0
36354,149,0
36354,150,0
36354,194,0
36354,196,0
36354,197,0
36354,198,0
36354,200,0
36354,201,1
36354,202,0
36354,203,0
36355,1,1
36355,2,1
36355,3,0
36355,5,1
36355,6,1
36355,7,1
36355,9,1
36355,10,0
36355,11,0
36355,12,0
36355,29,0
36355,30,0
36355,31,0
36355,32,0
36355,33,0
36355,34,0
36355,35,1
36355,36,1
36355,37,0
36355,39,0
36355,40,0
36355,41,0
36355,49,1
36355,50,1
36355,52,1
36355,53,1
36355,54,1
36355,56,1
36355,57,1
36355,59,1
36355,60,1
36355,61,1
36355,63,1
36355,64,1
36355,65,1
36355,66,1
36355,67,1
36355,72,1
36355,73,1
36355,74,1
36355,82,1
36355,83,1
36355,84,1
36355,86,1
36355,87,1
36355,88,1
36355,90,1
36355,91,1
36355,92,1
36355,93,1
36355,147,0
36355,148,1
36355,149,0
36355,150,0
36355,152,1
36355,153,1
36355,154,1
36355,155,0
36355,157,0
36355,159,0
36355,160,0
36355,164,0
36355,170,0
36355,171,0
36355,172,0
36355,173,0
36355,174,0
36355,175,0
36355,176,0
36355,177,0
36355,178,0
36355,181,0
36355,182,0
36355,183,0
36355,184,0
36355,194,0
36355,196,0
36355,197,0
36355,198,0
36355,200,0
36355,201,1
36355,202,0
36355,203,0
36356,1,1
36356,2,0
36356,3,1
36356,5,1
36356,6,1
36356,7,1
36356,49,1
36356,50,1
36356,52,1
36356,53,1
36356,54,1
36356,56,1
36356,57,1
36356,59,1
36356,60,1
36356,61,1
36356,63,1
36356,64,1
36356,65,1
36356,66,1
36356,67,1
36356,72,0
36356,73,1
36356,74,1
36356,82,1
36356,83,1
36356,84,1
36356,86,1
36356,87,1
36356,88,1
36356,90,1
36356,91,1
36356,92,0
36356,93,0
36356,147,0
36356,148,1
36356,149,0
36356,150,0
36356,152,1
36356,153,1
36356,154,1
36356,155,0
36356,157,0
36356,159,0
36356,160,0
36356,164,0
36356,170,0
36356,171,0
36356,172,0
36356,173,0
36356,174,0
36356,175,0
36356,176,0
36356,177,0
36356,178,0
36356,181,0
36356,182,0
36356,183,0
36356,184,0
36356,194,0
36356,196,0
36356,197,0
36356,198,0
36356,200,0
36356,201,1
36356,202,0
36356,203,0
36360,1,1
36360,2,0
36360,3,1
36360,5,1
36360,6,1
36360,7,1
36360,29,0
36360,30,0
36360,31,0
36360,32,0
36360,33,0
36360,34,0
36360,35,0
36360,36,0
36360,37,0
36360,39,1
36360,147,1
36360,148,0
36360,149,0
36360,150,0
36360,194,0
36360,196,0
36360,197,0
36360,198,0
36360,200,0
36360,201,1
36360,202,0
36360,203,0
36362,1,1
36362,2,0
36362,3,1
36362,5,1
36362,6,1
36362,7,1
36362,49,0
36362,50,0
36362,52,1
36362,53,1
36362,54,1
36362,56,1
36362,57,1
36362,59,1
36362,60,1
36362,61,1
36362,63,1
36362,64,1
36362,65,1
36362,66,1
36362,67,1
36362,72,1
36362,73,1
36362,74,1
36362,82,1
36362,83,1
36362,84,1
36362,86,1
36362,87,1
36362,88,1
36362,90,1
36362,91,1
36362,92,1
36362,93,1
36362,147,1
36362,148,0
36362,149,0
36362,150,0
36362,194,0
36362,196,0
36362,197,0
36362,198,0
36362,200,0
36362,201,0
36362,202,0
36362,203,0
36368,1,1
36368,2,0
36368,3,1
36368,5,1
36368,6,1
36368,7,1
36368,29,0
36368,30,0
36368,31,0
36368,32,0
36368,33,0
36368,34,0
36368,35,1
36368,36,1
36368,37,0
36368,39,0
36368,40,0
36368,41,0
36368,49,1
36368,50,1
36368,52,1
36368,53,1
36368,54,1
36368,56,1
36368,57,1
36368,59,1
36368,60,1
36368,61,1
36368,63,1
36368,64,1
36368,65,1
36368,66,1
36368,67,1
36368,72,1
36368,73,1
36368,74,1
36368,82,1
36368,83,1
36368,84,1
36368,86,1
36368,87,1
36368,88,1
36368,90,1
36368,91,1
36368,92,1
36368,93,1
36368,147,1
36368,148,0
36368,149,0
36368,150,0
36368,194,0
36368,196,0
36368,197,0
36368,198,0
36368,200,0
36368,201,1
36368,202,0
36368,203,0
36371,1,1
36371,2,1
36371,3,0
36371,5,1
36371,6,1
36371,7,1
36371,29,0
36371,30,0
36371,31,0
36371,32,0
36371,33,0
36371,34,0
36371,35,1
36371,36,1
36371,37,0
36371,39,0
36371,40,0
36371,41,0
36371,49,1
36371,50,1
36371,52,1
36371,53,1
36371,54,1
36371,56,1
36371,57,1
36371,59,1
36371,60,1
36371,61,1
36371,63,1
36371,64,1
36371,65,1
36371,66,1
36371,67,1
36371,72,1
36371,73,1
36371,74,1
36371,82,1
36371,83,1
36371,84,1
36371,86,1
36371,87,1
36371,88,1
36371,90,1
36371,91,1
36371,92,1
36371,93,1
36371,147,1
36371,148,0
36371,149,0
36371,150,0
36371,194,0
36371,196,0
36371,197,0
36371,198,0
36371,200,0
36371,201,1
36371,202,0
36371,203,0
36372,1,1
36372,2,0
36372,3,1
36372,5,1
36372,6,1
36372,7,1
36372,29,0
36372,30,0
36372,31,0
36372,32,0
36372,33,0
36372,34,0
36372,35,0
36372,36,0
36372,37,0
36372,39,1
36372,49,1
36372,50,1
36372,52,1
36372,53,1
36372,54,1
36372,56,1
36372,57,1
36372,59,1
36372,60,1
36372,61,1
36372,63,1
36372,64,1
36372,65,1
36372,66,1
36372,67,1
36372,72,1
36372,73,1
36372,74,1
36372,82,1
36372,83,1
36372,84,1
36372,86,1
36372,87,1
36372,88,1
36372,90,1
36372,91,1
36372,92,1
36372,93,1
36372,147,0
36372,148,1
36372,149,0
36372,150,0
36372,152,1
36372,153,1
36372,154,0
36372,155,1
36372,157,0
36372,159,0
36372,160,0
36372,164,0
36372,170,0
36372,171,0
36372,172,0
36372,173,0
36372,174,0
36372,175,0
36372,176,0
36372,177,0
36372,178,0
36372,181,0
36372,182,0
36372,183,0
36372,184,0
36372,194,0
36372,196,0
36372,197,0
36372,198,0
36372,200,0
36372,201,1
36372,202,0
36372,203,0
36379,1,1
36379,2,1
36379,3,0
36379,5,1
36379,6,1
36379,7,1
36379,9,1
36379,10,0
36379,11,0
36379,12,0
36379,29,0
36379,30,0
36379,31,0
36379,32,1
36379,33,0
36379,34,1
36379,35,0
36379,36,0
36379,37,0
36379,39,0
36379,40,0
36379,41,0
36379,72,1
36379,73,1
36379,74,1
36379,82,1
36379,83,1
36379,84,1
36379,86,1
36379,87,1
36379,88,1
36379,90,1
36379,91,1
36379,92,1
36379,93,1
36379,147,1
36379,148,0
36379,149,0
36379,150,0
36379,194,0
36379,196,0
36379,197,0
36379,198,0
36379,200,0
36379,201,1
36379,202,0
36379,203,0
36384,1,1
36384,2,0
36384,3,1
36384,5,1
36384,6,1
36384,7,1
36384,49,1
36384,50,1
36384,52,1
36384,53,1
36384,54,1
36384,56,1
36384,57,1
36384,59,1
36384,60,1
36384,61,1
36384,63,1
36384,64,1
36384,65,1
36384,66,1
36384,67,1
36384,72,1
36384,73,1
36384,74,1
36384,82,1
36384,83,1
36384,84,1
36384,86,1
36384,87,1
36384,88,1
36384,90,1
36384,91,1
36384,92,1
36384,93,1
36384,147,1
36384,148,0
36384,149,0
36384,150,0
36384,194,0
36384,196,0
36384,197,0
36384,198,0
36384,200,0
36384,201,1
36384,202,0
36384,203,0
36389,1,1
36389,2,0
36389,3,1
36389,5,1
36389,6,1
36389,7,1
36389,9,0
36389,10,0
36389,11,1
36389,12,0
36389,29,0
36389,30,0
36389,31,0
36389,32,0
36389,33,0
36389,34,0
36389,35,0
36389,36,0
36389,37,0
36389,39,1
36389,49,0
36389,50,0
36389,52,1
36389,53,1
36389,54,1
36389,56,0
36389,57,1
36389,59,1
36389,60,1
36389,61,1
36389,63,1
36389,64,1
36389,65,1
36389,66,1
36389,67,1
36389,72,1
36389,73,1
36389,74,1
36389,82,1
36389,83,0
36389,84,0
36389,86,1
36389,87,1
36389,88,1
36389,90,1
36389,91,1
36389,92,0
36389,93,0
36389,147,0
36389,148,0
36389,149,1
36389,150,0
36389,152,1
36389,153,1
36389,154,0
36389,155,1
36389,157,1
36389,159,1
36389,160,0
36389,164,0
36389,170,1
36389,171,0
36389,172,0
36389,173,0
36389,174,0
36389,175,0
36389,176,0
36389,177,0
36389,178,0
36389,181,0
36389,182,0
36389,183,0
36389,184,0
36389,194,0
36389,196,0
36389,197,0
36389,198,0
36389,200,0
36389,201,1
36389,202,0
36389,203,0
36390,1,1
36390,2,1
36390,3,0
36390,5,1
36390,6,1
36390,7,1
36390,9,0
36390,10,1
36390,11,0
36390,12,0
36390,49,1
36390,50,1
36390,52,1
36390,53,1
36390,54,1
36390,56,1
36390,57,1
36390,59,1
36390,60,1
36390,61,1
36390,63,1
36390,64,1
36390,65,1
36390,66,1
36390,67,1
36390,72,1
36390,73,1
36390,74,1
36390,82,1
36390,83,1
36390,84,1
36390,86,1
36390,87,1
36390,88,1
36390,90,1
36390,91,1
36390,92,1
36390,93,1
36390,147,0
36390,148,1
36390,149,0
36390,150,0
36390,152,1
36390,153,1
36390,154,1
36390,155,0
36390,157,0
36390,159,0
36390,160,0
36390,164,0
36390,170,0
36390,171,0
36390,172,0
36390,173,0
36390,174,0
36390,175,0
36390,176,0
36390,177,0
36390,178,0
36390,181,0
36390,182,0
36390,183,0
36390,184,0
36390,194,0
36390,196,0
36390,197,0
36390,198,0
36390,200,0
36390,201,1
36390,202,0
36390,203,0
36391,1,1
36391,2,0
36391,3,1
36391,5,1
36391,6,1
36391,7,1
36391,29,1
36391,32,0
36391,33,0
36391,34,0
36391,35,0
36391,36,0
36391,37,0
36391,39,0
36391,40,0
36391,41,0
36391,49,1
36391,50,1
36391,52,1
36391,53,1
36391,54,1
36391,56,1
36391,57,1
36391,59,1
36391,60,1
36391,61,1
36391,63,1
36391,64,1
36391,65,1
36391,66,1
36391,67,1
36391,72,1
36391,73,1
36391,74,1
36391,82,1
36391,83,1
36391,84,1
36391,86,1
36391,87,1
36391,88,1
36391,90,1
36391,91,1
36391,92,1
36391,93,1
36391,147,1
36391,148,0
36391,149,0
36391,150,0
36391,194,0
36391,196,0
36391,197,0
36391,198,0
36391,200,0
36391,201,0
36391,202,1
36391,203,0
36407,1,1
36407,2,0
36407,3,1
36407,5,1
36407,6,1
36407,7,1
36407,9,0
36407,10,0
36407,11,1
36407,12,0
36407,29,0
36407,30,0
36407,31,0
36407,32,0
36407,33,0
36407,34,0
36407,35,1
36407,36,1
36407,37,0
36407,39,0
36407,40,0
36407,41,0
36407,49,1
36407,50,1
36407,52,1
36407,53,1
36407,54,1
36407,56,1
36407,57,1
36407,59,1
36407,60,1
36407,61,1
36407,63,1
36407,64,1
36407,65,1
36407,66,1
36407,67,1
36407,72,1
36407,73,1
36407,74,1
36407,82,1
36407,83,1
36407,84,1
36407,86,1
36407,87,1
36407,88,1
36407,90,1
36407,91,1
36407,92,1
36407,93,1
36407,147,0
36407,148,1
36407,149,0
36407,150,0
36407,152,0
36407,153,0
36407,154,0
36407,155,0
36407,157,1
36407,159,1
36407,160,0
36407,164,0
36407,170,0
36407,171,0
36407,172,0
36407,173,0
36407,174,0
36407,175,0
36407,176,0
36407,177,0
36407,178,0
36407,181,0
36407,182,0
36407,183,0
36407,184,0
36407,194,1
36407,196,1
36407,197,0
36407,198,0
36407,200,0
36407,201,1
36407,202,0
36407,203,0
36418,1,1
36418,2,0
36418,3,1
36418,5,1
36418,6,1
36418,7,1
36418,49,1
36418,50,1
36418,52,1
36418,53,1
36418,54,1
36418,56,1
36418,57,1
36418,59,1
36418,60,1
36418,61,1
36418,63,1
36418,64,1
36418,65,1
36418,66,1
36418,67,1
36418,72,0
36418,73,0
36418,74,0
36418,82,1
36418,83,1
36418,84,1
36418,86,1
36418,87,1
36418,88,1
36418,90,1
36418,91,1
36418,92,1
36418,93,1
36418,147,1
36418,148,0
36418,149,0
36418,150,0
36418,194,0
36418,196,0
36418,197,0
36418,198,0
36418,200,0
36418,201,0
36418,202,0
36418,203,0
36422,1,1
36422,2,0
36422,3,1
36422,5,1
36422,6,1
36422,7,1
36422,9,0
36422,10,0
36422,11,0
36422,12,0
36422,29,0
36422,30,0
36422,31,0
36422,32,0
36422,33,0
36422,34,0
36422,35,0
36422,36,0
36422,37,0
36422,39,1
36422,49,1
36422,50,1
36422,52,1
36422,53,1
36422,54,1
36422,56,1
36422,57,1
36422,59,1
36422,60,1
36422,61,1
36422,63,1
36422,64,1
36422,65,1
36422,66,1
36422,67,1
36422,72,1
36422,73,1
36422,74,1
36422,82,1
36422,83,1
36422,84,1
36422,86,1
36422,87,1
36422,88,1
36422,90,1
36422,91,1
36422,92,0
36422,93,0
36422,147,1
36422,148,0
36422,149,0
36422,150,0
36422,194,0
36422,196,1
36422,197,0
36422,198,0
36422,200,0
36422,201,1
36422,202,0
36422,203,0
36795,1,1
36795,2,0
36795,3,1
36795,5,1
36795,6,1
36795,7,1
36795,49,1
36795,50,1
36795,52,1
36795,53,1
36795,54,1
36795,56,1
36795,57,1
36795,59,1
36795,60,1
36795,61,1
36795,63,1
36795,64,1
36795,65,1
36795,66,1
36795,67,1
36795,72,1
36795,73,1
36795,74,1
36795,82,1
36795,83,1
36795,84,1
36795,86,1
36795,87,1
36795,88,1
36795,90,1
36795,91,1
36795,92,1
36795,93,1
36795,147,1
36795,148,0
36795,149,0
36795,150,0
36795,194,0
36795,196,0
36795,197,0
36795,198,0
36795,200,0
36795,201,1
36795,202,0
36795,203,0
36796,1,1
36796,2,0
36796,3,1
36796,5,1
36796,6,1
36796,7,1
36796,56,1
36796,57,1
36796,59,1
36796,60,1
36796,61,1
36796,63,1
36796,64,1
36796,65,1
36796,66,1
36796,67,1
36796,72,1
36796,73,1
36796,74,1
36796,82,1
36796,83,1
36796,84,1
36796,86,1
36796,87,1
36796,88,1
36796,90,1
36796,91,0
36796,92,0
36796,93,0
36796,147,1
36796,148,0
36796,149,0
36796,150,0
36796,194,0
36796,196,0
36796,197,0
36796,198,0
36796,200,0
36796,201,0
36796,202,0
36796,203,1
36802,1,1
36802,2,0
36802,3,1
36802,5,1
36802,6,1
36802,7,1
36802,29,1
36802,30,1
36802,31,0
36802,32,0
36802,33,0
36802,34,0
36802,35,0
36802,36,0
36802,37,0
36802,39,0
36802,40,0
36802,41,0
36802,56,1
36802,57,1
36802,59,1
36802,60,1
36802,61,1
36802,63,1
36802,64,1
36802,65,1
36802,66,1
36802,67,1
36802,72,1
36802,73,1
36802,74,1
36802,82,1
36802,83,1
36802,84,1
36802,86,1
36802,87,1
36802,88,1
36802,90,1
36802,91,1
36802,92,1
36802,93,1
36802,147,1
36802,148,0
36802,149,0
36802,150,0
36802,194,0
36802,196,0
36802,197,0
36802,198,0
36802,200,0
36802,201,1
36802,202,0
36802,203,0
36803,1,1
36803,2,1
36803,3,0
36803,5,1
36803,6,1
36803,7,1
36803,49,1
36803,50,1
36803,52,1
36803,53,1
36803,54,1
36803,56,1
36803,57,1
36803,59,1
36803,60,1
36803,61,1
36803,63,1
36803,64,1
36803,65,1
36803,66,1
36803,67,1
36803,72,0
36803,73,0
36803,74,1
36803,82,1
36803,83,1
36803,84,1
36803,86,1
36803,87,1
36803,88,1
36803,90,1
36803,91,1
36803,92,1
36803,93,0
36803,147,1
36803,148,0
36803,149,0
36803,150,0
36803,194,0
36803,196,0
36803,197,0
36803,198,0
36803,200,0
36803,201,1
36803,202,0
36803,203,0
36804,1,1
36804,2,0
36804,3,1
36804,5,1
36804,6,1
36804,7,1
36804,49,1
36804,50,1
36804,52,1
36804,53,1
36804,54,1
36804,56,1
36804,57,1
36804,59,1
36804,60,1
36804,61,1
36804,63,1
36804,64,1
36804,65,1
36804,66,1
36804,67,1
36804,72,1
36804,73,1
36804,74,1
36804,82,1
36804,83,1
36804,84,1
36804,86,1
36804,87,1
36804,88,1
36804,90,1
36804,91,1
36804,92,1
36804,93,0
36804,147,1
36804,148,0
36804,149,0
36804,150,0
36804,194,0
36804,196,0
36804,197,0
36804,198,0
36804,200,0
36804,201,0
36804,202,0
36804,203,0
36808,1,1
36808,2,0
36808,3,1
36808,5,1
36808,6,1
36808,7,1
36808,9,0
36808,10,0
36808,11,0
36808,12,0
36808,29,0
36808,30,0
36808,31,0
36808,32,0
36808,33,0
36808,34,0
36808,35,0
36808,36,0
36808,37,0
36808,39,1
36808,49,0
36808,50,0
36808,52,1
36808,53,1
36808,54,1
36808,56,0
36808,57,1
36808,59,1
36808,60,1
36808,61,1
36808,63,1
36808,64,1
36808,65,1
36808,66,1
36808,67,1
36808,72,1
36808,73,1
36808,74,1
36808,82,0
36808,83,0
36808,84,0
36808,86,1
36808,87,1
36808,88,1
36808,90,1
36808,91,0
36808,92,0
36808,93,0
36808,147,1
36808,148,0
36808,149,0
36808,150,0
36808,194,1
36808,196,1
36808,197,0
36808,198,0
36808,200,0
36808,201,1
36808,202,0
36808,203,0
36810,1,1
36810,2,0
36810,3,1
36810,5,1
36810,6,1
36810,7,1
36810,56,1
36810,57,1
36810,59,1
36810,60,1
36810,61,1
36810,63,1
36810,64,1
36810,65,1
36810,66,1
36810,67,1
36810,72,1
36810,73,1
36810,74,1
36810,82,1
36810,83,1
36810,84,1
36810,86,1
36810,87,1
36810,88,1
36810,90,1
36810,91,1
36810,92,1
36810,93,1
36810,147,1
36810,148,0
36810,149,0
36810,150,0
36810,194,0
36810,196,0
36810,197,0
36810,198,0
36810,200,0
36810,201,1
36810,202,0
36810,203,0
36812,1,1
36812,2,0
36812,3,1
36812,5,1
36812,6,1
36812,7,1
36812,29,1
36812,30,1
36812,31,0
36812,32,0
36812,33,0
36812,34,0
36812,35,0
36812,36,0
36812,37,0
36812,39,0
36812,40,0
36812,41,0
36812,72,1
36812,73,1
36812,74,1
36812,82,1
36812,83,1
36812,84,1
36812,90,1
36812,91,1
36812,92,1
36812,93,1
36812,147,1
36812,148,0
36812,149,0
36812,150,0
36812,194,0
36812,196,0
36812,197,0
36812,198,0
36812,200,0
36812,201,0
36812,202,0
36812,203,0
36830,1,1
36830,2,0
36830,3,1
36830,5,1
36830,6,1
36830,7,1
36830,72,1
36830,73,1
36830,74,1
36830,82,1
36830,83,1
36830,84,1
36830,90,1
36830,91,1
36830,92,1
36830,93,1
36830,147,1
36830,148,0
36830,149,0
36830,150,0
36830,194,0
36830,196,0
36830,197,0
36830,198,0
36830,200,0
36830,201,0
36830,202,0
36830,203,0
36837,1,1
36837,2,0
36837,3,1
36837,5,1
36837,6,1
36837,7,1
36837,9,0
36837,10,0
36837,11,1
36837,12,0
36837,49,1
36837,50,1
36837,52,1
36837,53,1
36837,54,1
36837,56,1
36837,57,1
36837,59,1
36837,60,1
36837,61,1
36837,63,1
36837,64,1
36837,65,1
36837,66,1
36837,67,1
36837,72,1
36837,73,1
36837,74,1
36837,82,1
36837,83,1
36837,84,0
36837,86,1
36837,87,1
36837,88,1
36837,90,1
36837,91,1
36837,92,1
36837,93,1
36837,147,1
36837,148,0
36837,149,0
36837,150,0
36837,194,0
36837,196,0
36837,197,0
36837,198,0
36837,200,0
36837,201,1
36837,202,0
36837,203,0
36842,1,1
36842,2,0
36842,3,1
36842,5,1
36842,6,1
36842,7,1
36842,72,1
36842,73,1
36842,74,1
36842,82,1
36842,83,1
36842,84,1
36842,86,1
36842,87,1
36842,88,1
36842,90,1
36842,91,1
36842,92,1
36842,93,0
36842,147,1
36842,148,0
36842,149,0
36842,150,0
36842,194,0
36842,196,0
36842,197,0
36842,198,0
36842,200,0
36842,201,0
36842,202,0
36842,203,0
36844,1,1
36844,2,0
36844,3,1
36844,5,1
36844,6,1
36844,7,1
36844,49,1
36844,50,1
36844,52,1
36844,53,1
36844,54,1
36844,56,1
36844,57,1
36844,59,1
36844,60,1
36844,61,1
36844,63,1
36844,64,1
36844,65,1
36844,66,1
36844,67,1
36844,72,1
36844,73,1
36844,74,1
36844,82,1
36844,83,1
36844,84,1
36844,86,1
36844,87,1
36844,88,1
36844,90,1
36844,91,1
36844,92,1
36844,93,1
36844,147,1
36844,148,0
36844,149,0
36844,150,0
36844,194,0
36844,196,0
36844,197,0
36844,198,0
36844,200,0
36844,201,1
36844,202,0
36844,203,0
36848,1,1
36848,5,1
36848,6,1
36848,7,1
36848,29,1
36848,32,0
36848,33,0
36848,34,0
36848,35,0
36848,36,0
36848,37,0
36848,39,0
36848,40,0
36848,41,0
36848,56,1
36848,57,1
36848,59,1
36848,60,1
36848,61,1
36848,63,1
36848,64,1
36848,65,1
36848,66,1
36848,67,1
36848,72,0
36848,73,1
36848,74,1
36848,82,1
36848,83,1
36848,84,1
36848,86,1
36848,87,1
36848,88,1
36848,90,1
36848,91,1
36848,92,1
36848,93,1
36848,147,1
36848,148,0
36848,149,0
36848,150,0
36848,194,0
36848,196,0
36848,197,0
36848,198,0
36848,200,0
36848,201,0
36848,202,0
36848,203,0
36863,1,1
36863,2,0
36863,3,1
36863,5,1
36863,6,1
36863,7,1
36863,29,1
36863,30,1
36863,31,0
36863,32,0
36863,33,0
36863,34,0
36863,35,0
36863,36,0
36863,37,0
36863,39,0
36863,40,0
36863,41,0
36863,49,1
36863,50,1
36863,52,1
36863,53,1
36863,54,1
36863,56,1
36863,57,1
36863,59,1
36863,60,1
36863,61,1
36863,63,1
36863,64,1
36863,65,1
36863,66,1
36863,67,1
36863,72,1
36863,73,1
36863,74,1
36863,82,1
36863,83,1
36863,84,1
36863,86,1
36863,87,1
36863,88,1
36863,90,1
36863,91,1
36863,92,1
36863,93,1
36863,147,1
36863,148,0
36863,149,0
36863,150,0
36863,194,0
36863,196,0
36863,197,0
36863,198,0
36863,200,0
36863,201,1
36863,202,0
36863,203,0
36868,1,1
36868,5,1
36868,6,1
36868,7,1
36868,56,1
36868,57,1
36868,59,1
36868,60,1
36868,61,1
36868,63,1
36868,64,1
36868,65,1
36868,66,1
36868,67,1
36868,72,1
36868,73,1
36868,74,1
36868,82,1
36868,83,1
36868,84,1
36868,86,1
36868,87,1
36868,88,1
36868,90,1
36868,91,1
36868,92,1
36868,93,1
36868,147,1
36868,148,0
36868,149,0
36868,150,0
36868,194,0
36868,196,0
36868,197,0
36868,198,0
36868,200,0
36868,201,1
36868,202,0
36868,203,0
36869,1,1
36869,2,1
36869,3,0
36869,5,1
36869,6,1
36869,7,1
36869,49,1
36869,50,1
36869,52,1
36869,53,1
36869,54,1
36869,56,1
36869,57,1
36869,59,1
36869,60,1
36869,61,1
36869,63,1
36869,64,1
36869,65,1
36869,66,1
36869,67,1
36869,72,0
36869,73,0
36869,74,0
36869,82,1
36869,83,1
36869,84,1
36869,86,1
36869,87,1
36869,88,1
36869,90,1
36869,91,1
36869,92,1
36869,93,1
36869,147,1
36869,148,0
36869,149,0
36869,150,0
36869,194,0
36869,196,0
36869,197,0
36869,198,0
36869,200,0
36869,201,0
36869,202,0
36869,203,0
36872,1,1
36872,5,1
36872,6,1
36872,7,1
36872,72,1
36872,73,1
36872,74,1
36872,82,1
36872,83,1
36872,84,1
36872,86,1
36872,87,1
36872,88,1
36872,90,1
36872,91,1
36872,92,1
36872,93,1
36872,147,1
36872,148,0
36872,149,0
36872,150,0
36872,194,0
36872,196,0
36872,197,0
36872,198,0
36872,200,0
36872,201,0
36872,202,0
36872,203,0
36879,1,1
36879,2,0
36879,3,1
36879,5,1
36879,6,1
36879,7,1
36879,49,1
36879,50,1
36879,52,1
36879,53,1
36879,54,1
36879,56,1
36879,57,1
36879,59,1
36879,60,1
36879,61,1
36879,63,1
36879,64,1
36879,65,1
36879,66,1
36879,67,1
36879,72,0
36879,73,1
36879,74,1
36879,82,1
36879,83,1
36879,84,1
36879,86,1
36879,87,1
36879,88,1
36879,90,1
36879,91,1
36879,92,1
36879,93,1
36879,147,1
36879,148,0
36879,149,0
36879,150,0
36879,194,0
36879,196,0
36879,197,0
36879,198,0
36879,200,0
36879,201,1
36879,202,0
36879,203,0
37218,1,1
37218,2,1
37218,3,0
37218,5,1
37218,6,1
37218,7,1
37218,49,1
37218,50,1
37218,52,1
37218,53,1
37218,54,1
37218,56,1
37218,57,1
37218,59,1
37218,60,1
37218,61,1
37218,63,0
37218,64,0
37218,65,1
37218,66,1
37218,67,1
37218,72,1
37218,73,1
37218,74,1
37218,82,1
37218,83,1
37218,84,1
37218,86,1
37218,87,1
37218,88,1
37218,90,1
37218,91,1
37218,92,1
37218,93,0
37218,147,1
37218,148,0
37218,149,0
37218,150,0
37218,194,0
37218,196,0
37218,197,0
37218,198,0
37218,200,0
37218,201,1
37218,202,0
37218,203,0
37325,1,1
37325,2,0
37325,3,1
37325,5,1
37325,6,1
37325,7,1
37325,29,1
37325,30,1
37325,31,0
37325,32,0
37325,33,0
37325,34,0
37325,35,0
37325,36,0
37325,37,0
37325,39,0
37325,40,0
37325,41,0
37325,49,1
37325,50,1
37325,52,1
37325,53,1
37325,54,1
37325,56,1
37325,57,1
37325,59,1
37325,60,1
37325,61,1
37325,63,1
37325,64,1
37325,65,1
37325,66,1
37325,67,1
37325,72,1
37325,73,1
37325,74,1
37325,82,1
37325,83,1
37325,84,1
37325,86,1
37325,87,1
37325,88,1
37325,90,1
37325,91,1
37325,92,1
37325,93,1
37325,147,1
37325,148,0
37325,149,0
37325,150,0
37325,194,0
37325,196,1
37325,197,0
37325,198,0
37325,200,0
37325,201,1
37325,202,0
37325,203,0
37328,1,1
37328,2,1
37328,3,0
37328,5,1
37328,6,1
37328,7,1
37328,9,1
37328,10,0
37328,11,0
37328,12,0
37328,49,1
37328,50,1
37328,52,1
37328,53,1
37328,54,1
37328,56,1
37328,57,1
37328,59,1
37328,60,1
37328,61,1
37328,63,1
37328,64,1
37328,65,1
37328,66,1
37328,67,1
37328,72,0
37328,73,1
37328,74,1
37328,82,1
37328,83,1
37328,84,1
37328,86,1
37328,87,1
37328,88,1
37328,90,1
37328,91,1
37328,92,1
37328,93,1
37328,147,0
37328,148,0
37328,149,1
37328,150,0
37328,152,1
37328,153,1
37328,154,1
37328,155,1
37328,157,0
37328,159,0
37328,160,0
37328,164,0
37328,170,0
37328,171,0
37328,172,0
37328,173,0
37328,174,0
37328,175,0
37328,176,0
37328,177,0
37328,178,0
37328,181,0
37328,182,0
37328,183,0
37328,184,0
37328,194,0
37328,196,0
37328,197,0
37328,198,0
37328,200,0
37328,201,1
37328,202,0
37328,203,0
37332,1,1
37332,2,0
37332,3,1
37332,5,1
37332,6,1
37332,7,1
37332,9,1
37332,10,0
37332,11,0
37332,12,0
37332,29,0
37332,30,0
37332,31,0
37332,32,0
37332,33,0
37332,34,0
37332,35,0
37332,36,0
37332,37,0
37332,39,1
37332,49,1
37332,50,1
37332,52,1
37332,53,1
37332,54,1
37332,56,1
37332,57,1
37332,59,1
37332,60,1
37332,61,1
37332,63,1
37332,64,1
37332,65,1
37332,66,1
37332,67,1
37332,72,1
37332,73,1
37332,74,1
37332,82,1
37332,83,1
37332,84,1
37332,86,1
37332,87,1
37332,88,1
37332,90,1
37332,91,1
37332,92,1
37332,93,1
37332,147,0
37332,148,1
37332,149,0
37332,150,0
37332,152,0
37332,153,0
37332,154,0
37332,155,0
37332,157,1
37332,159,1
37332,160,0
37332,164,0
37332,170,0
37332,171,0
37332,172,0
37332,173,0
37332,174,0
37332,175,0
37332,176,0
37332,177,0
37332,178,0
37332,181,0
37332,182,0
37332,183,0
37332,184,0
37332,194,1
37332,196,0
37332,197,0
37332,198,0
37332,200,0
37332,201,1
37332,202,0
37332,203,0
37334,1,1
37334,2,0
37334,3,1
37334,5,1
37334,6,1
37334,7,1
37334,49,1
37334,50,1
37334,52,1
37334,53,1
37334,54,1
37334,56,1
37334,57,1
37334,59,1
37334,60,1
37334,61,1
37334,63,1
37334,64,1
37334,65,1
37334,66,1
37334,67,1
37334,72,1
37334,73,1
37334,74,1
37334,82,1
37334,83,1
37334,84,1
37334,86,1
37334,87,1
37334,88,1
37334,90,1
37334,91,1
37334,92,1
37334,93,1
37334,147,1
37334,148,0
37334,149,0
37334,150,0
37334,194,0
37334,196,0
37334,197,0
37334,198,0
37334,200,0
37334,201,0
37334,202,0
37334,203,0
37335,1,1
37335,2,0
37335,3,1
37335,5,1
37335,6,1
37335,7,1
37335,29,1
37335,30,1
37335,31,0
37335,32,0
37335,33,0
37335,34,0
37335,35,0
37335,36,0
37335,37,0
37335,39,0
37335,40,0
37335,41,0
37335,49,0
37335,50,1
37335,52,1
37335,53,1
37335,54,1
37335,56,1
37335,57,1
37335,59,1
37335,60,1
37335,61,1
37335,63,1
37335,64,1
37335,65,1
37335,66,1
37335,67,1
37335,72,1
37335,73,1
37335,74,1
37335,82,1
37335,83,1
37335,84,1
37335,86,1
37335,87,1
37335,88,1
37335,90,1
37335,91,1
37335,92,1
37335,93,1
37335,147,1
37335,148,0
37335,149,0
37335,150,0
37335,194,0
37335,196,0
37335,197,0
37335,198,0
37335,200,0
37335,201,0
37335,202,0
37335,203,0
37347,1,1
37347,2,1
37347,3,1
37347,5,1
37347,6,1
37347,7,1
37347,29,1
37347,30,1
37347,31,0
37347,32,0
37347,33,0
37347,34,0
37347,35,0
37347,36,0
37347,37,0
37347,39,0
37347,40,0
37347,41,0
37347,49,1
37347,50,1
37347,52,1
37347,53,1
37347,54,1
37347,56,1
37347,57,1
37347,59,1
37347,60,1
37347,61,1
37347,63,1
37347,64,1
37347,65,1
37347,66,1
37347,67,1
37347,72,1
37347,73,1
37347,74,1
37347,82,1
37347,83,1
37347,84,1
37347,86,1
37347,87,1
37347,88,1
37347,90,1
37347,91,1
37347,92,0
37347,93,0
37347,147,1
37347,148,0
37347,149,0
37347,150,0
37347,194,0
37347,196,0
37347,197,0
37347,198,0
37347,200,0
37347,201,1
37347,202,0
37347,203,0
37353,1,1
37353,2,0
37353,3,1
37353,5,1
37353,6,1
37353,7,1
37353,9,0
37353,10,1
37353,11,0
37353,12,0
37353,29,0
37353,30,0
37353,31,0
37353,32,0
37353,33,0
37353,34,0
37353,35,0
37353,36,0
37353,37,0
37353,39,1
37353,49,1
37353,50,1
37353,52,1
37353,53,1
37353,54,1
37353,56,1
37353,57,1
37353,59,1
37353,60,1
37353,61,1
37353,63,1
37353,64,1
37353,65,1
37353,66,1
37353,67,1
37353,72,1
37353,73,1
37353,74,1
37353,82,1
37353,83,1
37353,84,1
37353,86,1
37353,87,1
37353,88,1
37353,90,1
37353,91,1
37353,92,1
37353,93,1
37353,147,0
37353,148,0
37353,149,0
37353,150,0
37353,152,1
37353,153,1
37353,154,0
37353,155,1
37353,157,1
37353,159,0
37353,160,0
37353,164,0
37353,170,1
37353,171,1
37353,172,0
37353,173,0
37353,174,1
37353,175,0
37353,176,0
37353,177,0
37353,178,0
37353,181,0
37353,182,0
37353,183,0
37353,184,0
37353,194,0
37353,196,0
37353,197,0
37353,198,0
37353,200,0
37353,201,1
37353,202,0
37353,203,0
37358,1,1
37358,2,1
37358,3,0
37358,5,1
37358,6,1
37358,7,1
37358,9,0
37358,10,0
37358,11,1
37358,12,0
37358,29,0
37358,30,0
37358,31,0
37358,32,0
37358,33,0
37358,34,0
37358,35,1
37358,39,0
37358,40,0
37358,41,0
37358,147,1
37358,148,0
37358,149,0
37358,150,0
37358,194,0
37358,196,0
37358,197,0
37358,198,0
37358,200,0
37358,201,0
37358,202,0
37358,203,0
37359,1,1
37359,2,0
37359,3,1
37359,5,1
37359,6,1
37359,7,1
37359,49,1
37359,50,1
37359,52,1
37359,53,1
37359,54,1
37359,56,1
37359,57,1
37359,59,1
37359,60,1
37359,61,1
37359,63,1
37359,64,1
37359,65,1
37359,66,1
37359,67,1
37359,72,0
37359,73,0
37359,74,0
37359,82,1
37359,83,1
37359,84,1
37359,86,1
37359,87,1
37359,88,1
37359,90,1
37359,91,1
37359,92,1
37359,93,1
37359,147,1
37359,148,0
37359,149,0
37359,150,0
37359,194,1
37359,196,0
37359,197,0
37359,198,0
37359,200,0
37359,201,1
37359,202,0
37359,203,0
37365,1,1
37365,5,1
37365,6,1
37365,7,1
37365,9,0
37365,10,0
37365,11,0
37365,12,0
37365,29,0
37365,30,0
37365,31,0
37365,32,0
37365,33,0
37365,34,0
37365,35,0
37365,36,0
37365,37,0
37365,39,1
37365,49,1
37365,50,1
37365,52,1
37365,53,1
37365,54,1
37365,56,1
37365,57,1
37365,59,1
37365,60,1
37365,61,1
37365,63,1
37365,64,1
37365,65,1
37365,66,1
37365,67,1
37365,72,1
37365,73,1
37365,74,1
37365,82,1
37365,83,1
37365,84,1
37365,86,1
37365,87,1
37365,88,1
37365,90,1
37365,91,0
37365,92,0
37365,93,0
37365,147,1
37365,148,0
37365,149,0
37365,150,0
37365,194,0
37365,196,0
37365,197,0
37365,198,0
37365,200,0
37365,201,1
37365,202,0
37365,203,0
37371,1,1
37371,2,1
37371,3,0
37371,5,1
37371,6,1
37371,7,1
37371,49,1
37371,50,1
37371,52,1
37371,53,1
37371,54,1
37371,56,1
37371,57,1
37371,59,1
37371,60,1
37371,61,1
37371,63,1
37371,64,1
37371,65,1
37371,66,1
37371,67,1
37371,72,0
37371,73,1
37371,74,1
37371,82,1
37371,83,1
37371,84,1
37371,86,1
37371,87,1
37371,88,1
37371,90,0
37371,91,0
37371,92,0
37371,93,0
37371,147,1
37371,148,0
37371,149,0
37371,150,0
37371,194,0
37371,196,0
37371,197,0
37371,198,0
37371,200,0
37371,201,1
37371,202,0
37371,203,0
37385,1,1
37385,2,0
37385,3,1
37385,5,1
37385,6,1
37385,7,1
37385,49,1
37385,50,1
37385,52,1
37385,53,1
37385,54,1
37385,56,1
37385,57,1
37385,59,1
37385,60,1
37385,61,1
37385,63,1
37385,64,1
37385,65,1
37385,66,1
37385,67,1
37385,72,1
37385,73,1
37385,74,1
37385,82,1
37385,83,1
37385,84,1
37385,86,1
37385,87,1
37385,88,1
37385,90,1
37385,91,1
37385,92,1
37385,93,1
37385,147,1
37385,148,0
37385,149,0
37385,150,0
37385,194,0
37385,196,0
37385,197,0
37385,198,0
37385,200,0
37385,201,1
37385,202,0
37385,203,0
37396,1,1
37396,2,0
37396,3,1
37396,5,1
37396,6,1
37396,7,1
37396,29,1
37396,30,0
37396,31,1
37396,32,0
37396,33,0
37396,34,0
37396,35,0
37396,36,0
37396,37,0
37396,39,0
37396,40,0
37396,41,0
37396,49,0
37396,50,1
37396,52,1
37396,53,1
37396,54,1
37396,56,1
37396,57,1
37396,59,1
37396,60,1
37396,61,1
37396,63,1
37396,64,1
37396,65,1
37396,66,1
37396,67,1
37396,72,1
37396,73,1
37396,74,1
37396,82,1
37396,83,1
37396,84,1
37396,86,1
37396,87,1
37396,88,1
37396,90,1
37396,91,1
37396,92,1
37396,93,0
37396,147,1
37396,148,0
37396,149,0
37396,150,0
37396,194,0
37396,196,0
37396,197,0
37396,198,0
37396,200,0
37396,201,1
37396,202,1
37396,203,0
37414,1,1
37414,5,1
37414,6,1
37414,7,1
37414,49,1
37414,50,1
37414,52,1
37414,53,1
37414,54,1
37414,56,1
37414,57,1
37414,59,1
37414,60,1
37414,61,1
37414,63,1
37414,64,1
37414,65,1
37414,66,1
37414,67,1
37414,72,1
37414,73,1
37414,74,1
37414,82,1
37414,83,1
37414,84,1
37414,86,1
37414,87,1
37414,88,1
37414,90,1
37414,91,1
37414,92,1
37414,93,1
37414,147,1
37414,148,0
37414,149,0
37414,150,0
37414,194,0
37414,196,0
37414,197,0
37414,198,0
37414,200,0
37414,201,0
37414,202,0
37414,203,0
37694,1,1
37694,2,0
37694,3,1
37694,5,1
37694,6,1
37694,7,1
37694,9,0
37694,10,0
37694,11,1
37694,12,0
37694,29,0
37694,30,0
37694,31,0
37694,32,0
37694,33,0
37694,34,0
37694,35,0
37694,36,0
37694,37,0
37694,39,1
37694,49,1
37694,50,1
37694,52,1
37694,53,1
37694,54,1
37694,56,1
37694,57,1
37694,59,1
37694,60,1
37694,61,1
37694,63,1
37694,64,1
37694,65,1
37694,66,1
37694,67,1
37694,72,1
37694,73,1
37694,74,1
37694,82,1
37694,83,1
37694,84,1
37694,86,1
37694,87,1
37694,88,1
37694,90,1
37694,91,1
37694,92,1
37694,93,1
37694,147,0
37694,148,0
37694,149,0
37694,150,1
37694,152,1
37694,153,1
37694,154,0
37694,155,1
37694,157,1
37694,159,0
37694,160,0
37694,164,0
37694,170,1
37694,171,0
37694,172,0
37694,173,0
37694,174,0
37694,175,0
37694,176,0
37694,177,0
37694,178,0
37694,181,0
37694,182,0
37694,183,0
37694,184,0
37694,194,1
37694,196,0
37694,197,0
37694,198,0
37694,200,0
37694,201,1
37694,202,0
37694,203,0
37695,1,1
37695,2,0
37695,3,1
37695,5,1
37695,6,1
37695,7,1
37695,9,1
37695,10,0
37695,11,0
37695,12,0
37695,29,1
37695,32,0
37695,33,0
37695,34,0
37695,35,0
37695,36,0
37695,37,0
37695,39,0
37695,40,0
37695,41,0
37695,49,1
37695,50,1
37695,52,1
37695,53,1
37695,54,1
37695,56,1
37695,57,1
37695,59,1
37695,60,1
37695,61,1
37695,63,0
37695,64,1
37695,65,1
37695,66,1
37695,67,1
37695,72,1
37695,73,1
37695,74,1
37695,82,1
37695,83,1
37695,84,1
37695,86,1
37695,87,1
37695,88,1
37695,90,1
37695,91,1
37695,92,1
37695,93,1
37695,147,0
37695,148,1
37695,149,0
37695,150,0
37695,152,0
37695,153,0
37695,154,0
37695,155,0
37695,157,0
37695,159,0
37695,160,0
37695,164,0
37695,170,1
37695,171,0
37695,172,0
37695,173,0
37695,174,0
37695,175,0
37695,176,0
37695,177,1
37695,178,0
37695,181,0
37695,182,0
37695,183,0
37695,184,0
37695,194,0
37695,196,0
37695,197,0
37695,198,0
37695,200,0
37695,201,1
37695,202,0
37695,203,0
37696,1,1
37696,2,0
37696,3,1
37696,5,1
37696,6,1
37696,7,1
37696,9,0
37696,10,0
37696,11,0
37696,12,1
37696,29,0
37696,30,0
37696,31,0
37696,32,0
37696,33,0
37696,34,0
37696,35,0
37696,36,0
37696,37,0
37696,39,1
37696,49,1
37696,50,1
37696,52,1
37696,53,1
37696,54,1
37696,56,1
37696,57,1
37696,59,1
37696,60,1
37696,61,1
37696,63,1
37696,64,1
37696,65,1
37696,66,1
37696,67,1
37696,72,1
37696,73,1
37696,74,1
37696,82,1
37696,83,0
37696,84,0
37696,86,1
37696,87,1
37696,88,1
37696,90,1
37696,91,1
37696,92,0
37696,93,0
37696,147,0
37696,148,1
37696,149,0
37696,150,0
37696,152,1
37696,153,1
37696,154,0
37696,155,1
37696,157,0
37696,159,0
37696,160,0
37696,164,0
37696,170,0
37696,171,0
37696,172,0
37696,173,0
37696,174,0
37696,175,0
37696,176,0
37696,177,0
37696,178,0
37696,181,0
37696,182,0
37696,183,0
37696,184,0
37696,194,1
37696,196,0
37696,197,0
37696,198,0
37696,200,0
37696,201,1
37696,202,0
37696,203,0
37700,1,1
37700,2,0
37700,3,1
37700,5,1
37700,6,1
37700,7,1
37700,56,1
37700,57,1
37700,59,1
37700,60,1
37700,61,1
37700,63,1
37700,64,1
37700,65,1
37700,66,1
37700,67,1
37700,72,1
37700,73,1
37700,74,1
37700,82,1
37700,83,1
37700,84,1
37700,86,1
37700,87,1
37700,88,1
37700,90,1
37700,91,0
37700,92,0
37700,93,0
37700,147,1
37700,148,0
37700,149,0
37700,150,0
37700,194,0
37700,196,0
37700,197,0
37700,198,0
37700,200,0
37700,201,1
37700,202,0
37700,203,0
37704,1,1
37704,2,1
37704,3,0
37704,5,1
37704,6,1
37704,7,1
37704,29,0
37704,30,0
37704,31,0
37704,32,0
37704,33,0
37704,34,0
37704,35,0
37704,36,0
37704,37,0
37704,39,1
37704,49,1
37704,50,1
37704,52,1
37704,53,1
37704,54,1
37704,56,1
37704,57,1
37704,59,1
37704,60,1
37704,61,1
37704,63,1
37704,64,1
37704,65,1
37704,66,1
37704,67,1
37704,72,1
37704,73,1
37704,74,1
37704,82,1
37704,83,1
37704,84,1
37704,86,1
37704,87,1
37704,88,1
37704,90,1
37704,91,1
37704,92,1
37704,93,0
37704,147,1
37704,148,0
37704,149,0
37704,150,0
37704,194,0
37704,196,0
37704,197,0
37704,198,0
37704,200,0
37704,201,0
37704,202,0
37704,203,0
37705,1,1
37705,2,1
37705,3,0
37705,5,1
37705,6,1
37705,7,1
37705,56,1
37705,57,1
37705,59,1
37705,60,1
37705,61,1
37705,63,1
37705,64,1
37705,65,1
37705,66,1
37705,67,1
37705,72,1
37705,73,1
37705,74,1
37705,82,1
37705,83,1
37705,84,1
37705,86,1
37705,87,1
37705,88,1
37705,90,1
37705,91,1
37705,92,1
37705,93,1
37705,147,1
37705,148,0
37705,149,0
37705,150,0
37705,194,0
37705,196,0
37705,197,0
37705,198,0
37705,200,0
37705,201,1
37705,202,0
37705,203,0
37708,1,1
37708,2,0
37708,3,1
37708,5,1
37708,6,1
37708,7,1
37708,49,1
37708,50,1
37708,52,1
37708,53,1
37708,54,1
37708,56,1
37708,57,1
37708,59,1
37708,60,1
37708,61,1
37708,63,1
37708,64,1
37708,65,1
37708,66,1
37708,67,1
37708,72,1
37708,73,1
37708,74,1
37708,82,1
37708,83,1
37708,84,1
37708,86,1
37708,87,1
37708,88,1
37708,90,1
37708,91,1
37708,92,1
37708,93,1
37708,147,1
37708,148,0
37708,149,0
37708,150,0
37708,194,0
37708,196,0
37708,197,0
37708,198,0
37708,200,0
37708,201,0
37708,202,0
37708,203,0
37711,1,1
37711,2,0
37711,3,1
37711,5,1
37711,6,1
37711,7,1
37711,9,0
37711,10,1
37711,11,0
37711,12,0
37711,29,1
37711,30,1
37711,31,0
37711,32,0
37711,33,0
37711,34,0
37711,35,0
37711,36,0
37711,37,0
37711,39,0
37711,40,0
37711,41,0
37711,49,1
37711,50,1
37711,52,1
37711,53,1
37711,54,1
37711,56,1
37711,57,1
37711,59,1
37711,60,1
37711,61,1
37711,63,1
37711,64,1
37711,65,1
37711,66,1
37711,67,1
37711,72,1
37711,73,1
37711,74,1
37711,82,1
37711,83,1
37711,84,1
37711,86,1
37711,87,1
37711,88,1
37711,90,1
37711,91,1
37711,92,1
37711,93,1
37711,147,1
37711,148,0
37711,149,0
37711,150,0
37711,194,0
37711,196,0
37711,197,0
37711,198,0
37711,200,0
37711,201,1
37711,202,0
37711,203,0
37712,1,1
37712,2,1
37712,3,0
37712,5,1
37712,6,1
37712,7,1
37712,49,1
37712,50,1
37712,52,1
37712,53,1
37712,54,1
37712,56,1
37712,57,1
37712,59,1
37712,60,1
37712,61,1
37712,63,1
37712,64,1
37712,65,1
37712,66,1
37712,67,1
37712,72,1
37712,73,1
37712,74,1
37712,82,1
37712,83,1
37712,84,1
37712,86,1
37712,87,1
37712,88,1
37712,90,1
37712,91,1
37712,92,1
37712,93,1
37712,147,1
37712,148,0
37712,149,0
37712,150,0
37712,194,0
37712,196,0
37712,197,0
37712,198,0
37712,200,0
37712,201,0
37712,202,0
37712,203,0
37713,1,1
37713,2,0
37713,3,1
37713,5,1
37713,6,1
37713,7,1
37713,29,1
37713,30,0
37713,31,1
37713,32,0
37713,33,0
37713,34,0
37713,35,0
37713,36,0
37713,37,0
37713,39,0
37713,40,0
37713,41,0
37713,72,0
37713,73,1
37713,74,1
37713,82,1
37713,83,1
37713,84,1
37713,86,1
37713,87,1
37713,88,1
37713,90,0
37713,91,0
37713,92,0
37713,93,0
37713,147,1
37713,148,0
37713,149,0
37713,150,0
37713,194,0
37713,196,0
37713,197,0
37713,198,0
37713,200,0
37713,201,0
37713,202,0
37713,203,0
37716,1,1
37716,2,0
37716,3,1
37716,5,1
37716,6,1
37716,7,1
37716,56,1
37716,57,1
37716,59,1
37716,60,1
37716,61,1
37716,63,1
37716,64,1
37716,65,1
37716,66,1
37716,67,1
37716,72,1
37716,73,1
37716,74,1
37716,82,1
37716,83,1
37716,84,1
37716,86,1
37716,87,1
37716,88,1
37716,90,1
37716,91,1
37716,92,1
37716,93,1
37716,147,1
37716,148,0
37716,149,0
37716,150,0
37716,194,0
37716,196,0
37716,197,0
37716,198,0
37716,200,0
37716,201,0
37716,202,0
37716,203,0
37718,1,1
37718,2,1
37718,3,0
37718,5,1
37718,6,1
37718,7,1
37718,56,1
37718,57,1
37718,59,1
37718,60,1
37718,61,1
37718,63,1
37718,64,1
37718,65,1
37718,66,1
37718,67,1
37718,72,1
37718,73,1
37718,74,1
37718,82,1
37718,83,1
37718,84,1
37718,90,1
37718,91,0
37718,92,0
37718,93,0
37718,147,1
37718,148,0
37718,149,0
37718,150,0
37718,194,0
37718,196,0
37718,197,0
37718,198,0
37718,200,0
37718,201,0
37718,202,0
37718,203,0
37725,1,1
37725,2,1
37725,3,0
37725,5,1
37725,6,1
37725,7,1
37725,29,0
37725,30,0
37725,31,0
37725,32,1
37725,33,0
37725,34,1
37725,35,0
37725,36,0
37725,37,0
37725,39,0
37725,40,0
37725,41,0
37725,49,1
37725,50,1
37725,52,1
37725,53,1
37725,54,1
37725,56,1
37725,57,1
37725,59,1
37725,60,1
37725,61,1
37725,63,1
37725,64,1
37725,65,1
37725,66,1
37725,67,1
37725,72,1
37725,73,1
37725,74,1
37725,82,1
37725,83,1
37725,84,1
37725,86,1
37725,87,1
37725,88,1
37725,90,1
37725,91,1
37725,92,1
37725,93,0
37725,147,1
37725,148,0
37725,149,0
37725,150,0
37725,194,0
37725,196,0
37725,197,0
37725,198,0
37725,200,0
37725,201,0
37725,202,0
37725,203,0
37729,1,1
37729,2,0
37729,3,1
37729,5,1
37729,6,1
37729,7,1
37729,72,1
37729,73,1
37729,74,1
37729,82,1
37729,83,1
37729,84,1
37729,90,1
37729,91,1
37729,92,1
37729,93,0
37729,147,1
37729,148,0
37729,149,0
37729,150,0
37729,194,0
37729,196,0
37729,197,0
37729,198,0
37729,200,0
37729,201,0
37729,202,0
37729,203,0
37731,1,1
37731,2,0
37731,3,1
37731,5,1
37731,6,1
37731,7,1
37731,29,1
37731,30,1
37731,31,0
37731,32,0
37731,33,0
37731,34,0
37731,35,0
37731,36,0
37731,37,0
37731,39,0
37731,40,0
37731,41,0
37731,72,1
37731,73,1
37731,74,1
37731,82,1
37731,83,1
37731,84,1
37731,86,1
37731,87,1
37731,88,1
37731,90,1
37731,91,1
37731,92,1
37731,93,1
37731,147,1
37731,148,0
37731,149,0
37731,150,0
37731,194,0
37731,196,0
37731,197,0
37731,198,0
37731,200,0
37731,201,1
37731,202,0
37731,203,0
37735,1,1
37735,2,0
37735,3,0
37735,5,1
37735,6,1
37735,7,1
37735,56,1
37735,57,1
37735,59,1
37735,60,1
37735,61,1
37735,63,0
37735,64,0
37735,65,1
37735,66,1
37735,67,1
37735,72,1
37735,73,1
37735,74,1
37735,82,1
37735,83,1
37735,84,1
37735,86,1
37735,87,1
37735,88,1
37735,90,1
37735,91,1
37735,92,1
37735,93,0
37735,147,1
37735,148,0
37735,149,0
37735,150,0
37735,194,0
37735,196,0
37735,197,0
37735,198,0
37735,200,0
37735,201,1
37735,202,0
37735,203,0
37737,1,1
37737,2,0
37737,3,1
37737,5,1
37737,6,1
37737,7,1
37737,9,1
37737,10,0
37737,11,0
37737,12,0
37737,29,0
37737,30,0
37737,31,0
37737,32,0
37737,33,0
37737,34,0
37737,35,0
37737,36,0
37737,37,0
37737,39,1
37737,49,1
37737,50,1
37737,52,1
37737,53,1
37737,54,1
37737,56,1
37737,57,1
37737,59,1
37737,60,1
37737,61,1
37737,63,1
37737,64,1
37737,65,1
37737,66,1
37737,67,1
37737,72,0
37737,73,1
37737,74,1
37737,82,1
37737,83,1
37737,84,0
37737,86,1
37737,87,1
37737,88,1
37737,90,1
37737,91,1
37737,92,1
37737,93,1
37737,147,0
37737,148,1
37737,149,0
37737,150,0
37737,152,1
37737,153,1
37737,154,0
37737,155,1
37737,157,0
37737,159,0
37737,160,0
37737,164,0
37737,170,1
37737,171,1
37737,172,0
37737,173,0
37737,174,0
37737,175,1
37737,176,0
37737,177,0
37737,178,0
37737,181,0
37737,182,0
37737,183,0
37737,184,0
37737,194,1
37737,196,0
37737,197,0
37737,198,0
37737,200,0
37737,201,1
37737,202,0
37737,203,0
37740,1,1
37740,2,1
37740,3,0
37740,5,1
37740,6,1
37740,7,1
37740,29,1
37740,32,0
37740,33,0
37740,34,0
37740,35,0
37740,36,0
37740,37,0
37740,39,0
37740,40,0
37740,41,0
37740,49,1
37740,50,1
37740,52,1
37740,53,1
37740,54,1
37740,56,1
37740,57,1
37740,59,1
37740,60,1
37740,61,1
37740,63,1
37740,64,1
37740,65,1
37740,66,1
37740,67,1
37740,72,1
37740,73,1
37740,74,1
37740,82,1
37740,83,1
37740,84,1
37740,86,1
37740,87,1
37740,88,1
37740,90,1
37740,91,1
37740,92,1
37740,93,1
37740,147,1
37740,148,0
37740,149,0
37740,150,0
37740,194,0
37740,196,0
37740,197,0
37740,198,0
37740,200,0
37740,201,0
37740,202,0
37740,203,0
37741,1,1
37741,2,0
37741,3,1
37741,5,1
37741,6,1
37741,7,1
37741,49,1
37741,50,1
37741,52,1
37741,53,1
37741,54,1
37741,56,1
37741,57,1
37741,59,1
37741,60,1
37741,61,1
37741,63,1
37741,64,1
37741,65,1
37741,66,1
37741,67,1
37741,72,1
37741,73,1
37741,74,1
37741,82,1
37741,83,1
37741,84,1
37741,86,1
37741,87,1
37741,88,1
37741,90,1
37741,91,1
37741,92,1
37741,93,1
37741,147,1
37741,148,0
37741,149,0
37741,150,0
37741,194,0
37741,196,0
37741,197,0
37741,198,0
37741,200,0
37741,201,0
37741,202,0
37741,203,0
37745,1,1
37745,2,0
37745,3,1
37745,5,1
37745,6,1
37745,7,1
37745,29,1
37745,30,1
37745,31,0
37745,32,0
37745,33,0
37745,34,0
37745,35,0
37745,36,0
37745,37,0
37745,39,0
37745,40,0
37745,41,0
37745,72,1
37745,73,1
37745,74,1
37745,82,1
37745,83,1
37745,84,1
37745,86,1
37745,87,1
37745,88,1
37745,90,1
37745,91,1
37745,92,1
37745,93,1
37745,147,1
37745,148,0
37745,149,0
37745,150,0
37745,194,0
37745,196,0
37745,197,0
37745,198,0
37745,200,0
37745,201,0
37745,202,0
37745,203,0
37750,1,1
37750,2,0
37750,3,1
37750,5,1
37750,6,1
37750,7,1
37750,29,1
37750,32,0
37750,33,0
37750,34,0
37750,35,0
37750,36,0
37750,37,0
37750,39,0
37750,40,0
37750,41,0
37750,49,0
37750,50,1
37750,52,1
37750,53,1
37750,54,1
37750,56,1
37750,57,1
37750,59,1
37750,60,1
37750,61,1
37750,63,1
37750,64,1
37750,65,1
37750,66,1
37750,67,1
37750,72,0
37750,73,1
37750,74,1
37750,82,1
37750,83,1
37750,84,1
37750,86,1
37750,87,1
37750,88,1
37750,90,1
37750,91,1
37750,92,1
37750,93,1
37750,147,1
37750,148,0
37750,149,0
37750,150,0
37750,194,0
37750,196,0
37750,197,0
37750,198,0
37750,200,0
37750,201,1
37750,202,0
37750,203,0
37760,1,1
37760,2,0
37760,3,1
37760,5,1
37760,6,1
37760,7,1
37760,9,0
37760,10,1
37760,11,0
37760,12,0
37760,29,0
37760,30,0
37760,31,0
37760,32,1
37760,33,0
37760,34,1
37760,35,0
37760,36,0
37760,37,0
37760,39,0
37760,40,0
37760,41,0
37760,49,1
37760,50,1
37760,52,1
37760,53,1
37760,54,1
37760,56,1
37760,57,1
37760,59,1
37760,60,1
37760,61,1
37760,63,1
37760,64,1
37760,65,1
37760,66,1
37760,67,1
37760,72,1
37760,73,1
37760,74,1
37760,82,1
37760,83,1
37760,84,1
37760,86,1
37760,87,1
37760,88,1
37760,90,1
37760,91,1
37760,92,1
37760,93,1
37760,147,0
37760,148,0
37760,149,1
37760,150,0
37760,152,1
37760,153,1
37760,154,1
37760,155,0
37760,157,1
37760,159,0
37760,160,0
37760,164,0
37760,170,0
37760,171,0
37760,172,0
37760,173,0
37760,174,0
37760,175,0
37760,176,0
37760,177,0
37760,178,0
37760,181,0
37760,182,0
37760,183,0
37760,184,0
37760,194,0
37760,196,0
37760,197,0
37760,198,0
37760,200,0
37760,201,1
37760,202,0
37760,203,0
37761,1,1
37761,5,1
37761,6,1
37761,7,1
37761,9,1
37761,10,0
37761,11,0
37761,12,0
37761,29,0
37761,30,0
37761,31,0
37761,32,0
37761,33,0
37761,34,0
37761,35,0
37761,36,0
37761,37,0
37761,39,1
37761,49,0
37761,50,1
37761,52,1
37761,53,1
37761,54,1
37761,56,1
37761,57,1
37761,59,1
37761,60,1
37761,61,1
37761,63,1
37761,64,1
37761,65,1
37761,66,1
37761,67,1
37761,72,0
37761,73,0
37761,74,1
37761,82,1
37761,83,1
37761,84,1
37761,86,1
37761,87,1
37761,88,1
37761,90,1
37761,91,1
37761,92,1
37761,93,1
37761,147,0
37761,148,1
37761,149,0
37761,150,0
37761,152,0
37761,153,0
37761,154,0
37761,155,0
37761,157,1
37761,159,1
37761,160,0
37761,164,0
37761,170,0
37761,171,0
37761,172,0
37761,173,0
37761,174,0
37761,175,0
37761,176,0
37761,177,0
37761,178,0
37761,181,0
37761,182,0
37761,183,0
37761,184,0
37761,194,0
37761,196,0
37761,197,0
37761,198,0
37761,200,0
37761,201,1
37761,202,0
37761,203,0
37766,1,1
37766,5,1
37766,6,1
37766,7,1
37766,49,1
37766,50,1
37766,52,1
37766,53,1
37766,54,1
37766,56,0
37766,57,1
37766,59,1
37766,60,1
37766,61,1
37766,63,1
37766,64,1
37766,65,1
37766,66,1
37766,67,1
37766,72,1
37766,73,1
37766,74,1
37766,82,1
37766,83,1
37766,84,1
37766,86,1
37766,87,1
37766,88,1
37766,90,1
37766,91,1
37766,92,1
37766,93,1
37766,147,1
37766,148,0
37766,149,0
37766,150,0
37766,194,0
37766,196,0
37766,197,0
37766,198,0
37766,200,0
37766,201,1
37766,202,0
37766,203,0
37771,1,1
37771,5,1
37771,6,1
37771,7,1
37771,72,1
37771,73,1
37771,74,1
37771,82,1
37771,83,1
37771,84,1
37771,90,1
37771,91,1
37771,92,1
37771,93,1
37771,147,1
37771,148,0
37771,149,0
37771,150,0
37771,194,0
37771,196,0
37771,197,0
37771,198,0
37771,200,0
37771,201,1
37771,202,0
37771,203,0
37772,1,1
37772,2,1
37772,3,0
37772,5,1
37772,6,1
37772,7,1
37772,29,1
37772,30,1
37772,31,0
37772,32,0
37772,33,0
37772,34,0
37772,35,0
37772,36,0
37772,37,0
37772,39,0
37772,40,0
37772,41,0
37772,49,1
37772,50,1
37772,52,1
37772,53,1
37772,54,1
37772,56,1
37772,57,1
37772,59,1
37772,60,1
37772,61,1
37772,63,1
37772,64,1
37772,65,1
37772,66,1
37772,67,1
37772,72,1
37772,73,1
37772,74,1
37772,82,1
37772,83,1
37772,84,1
37772,86,1
37772,87,1
37772,88,1
37772,90,1
37772,91,1
37772,92,1
37772,93,1
37772,147,0
37772,148,1
37772,149,0
37772,150,0
37772,152,1
37772,153,1
37772,154,0
37772,155,1
37772,157,0
37772,159,0
37772,160,0
37772,164,0
37772,170,0
37772,171,0
37772,172,0
37772,173,0
37772,174,0
37772,175,0
37772,176,0
37772,177,0
37772,178,0
37772,181,0
37772,182,0
37772,183,0
37772,184,0
37772,194,0
37772,196,0
37772,197,0
37772,198,0
37772,200,0
37772,201,1
37772,202,0
37772,203,0
37774,1,1
37774,2,0
37774,3,1
37774,5,1
37774,6,1
37774,7,1
37774,29,0
37774,30,0
37774,31,0
37774,32,0
37774,33,0
37774,34,0
37774,35,1
37774,36,0
37774,37,1
37774,39,0
37774,40,0
37774,41,0
37774,49,1
37774,50,1
37774,52,1
37774,53,1
37774,54,1
37774,56,1
37774,57,1
37774,59,1
37774,60,1
37774,61,1
37774,63,1
37774,64,1
37774,65,1
37774,66,1
37774,67,1
37774,72,1
37774,73,1
37774,74,1
37774,82,1
37774,83,1
37774,84,1
37774,86,1
37774,87,1
37774,88,1
37774,90,1
37774,91,1
37774,92,1
37774,93,1
37774,147,0
37774,148,1
37774,149,0
37774,150,0
37774,152,1
37774,153,1
37774,154,0
37774,155,1
37774,157,0
37774,159,0
37774,160,0
37774,164,0
37774,170,0
37774,171,0
37774,172,0
37774,173,0
37774,174,0
37774,175,0
37774,176,0
37774,177,0
37774,178,0
37774,181,0
37774,182,0
37774,183,0
37774,184,0
37774,194,0
37774,196,0
37774,197,0
37774,198,0
37774,200,0
37774,201,1
37774,202,0
37774,203,0
37775,1,1
37775,2,0
37775,3,1
37775,5,1
37775,6,1
37775,7,1
37775,49,1
37775,50,1
37775,52,1
37775,53,1
37775,54,1
37775,56,1
37775,57,1
37775,59,1
37775,60,1
37775,61,1
37775,63,1
37775,64,1
37775,65,1
37775,66,1
37775,67,1
37775,72,1
37775,73,1
37775,74,1
37775,82,1
37775,83,1
37775,84,1
37775,86,1
37775,87,1
37775,88,1
37775,90,1
37775,91,1
37775,92,1
37775,93,1
37775,147,1
37775,148,0
37775,149,0
37775,150,0
37775,194,0
37775,196,0
37775,197,0
37775,198,0
37775,200,0
37775,201,1
37775,202,0
37775,203,0
37788,1,1
37788,2,0
37788,3,1
37788,5,1
37788,6,1
37788,7,1
37788,29,0
37788,30,0
37788,31,0
37788,32,0
37788,33,0
37788,34,0
37788,35,1
37788,36,0
37788,37,1
37788,39,0
37788,40,0
37788,41,0
37788,49,1
37788,50,1
37788,52,1
37788,53,1
37788,54,1
37788,56,1
37788,57,1
37788,59,1
37788,60,1
37788,61,1
37788,63,1
37788,64,1
37788,65,1
37788,66,1
37788,67,1
37788,72,1
37788,73,1
37788,74,1
37788,82,1
37788,83,1
37788,84,1
37788,86,1
37788,87,1
37788,88,1
37788,90,1
37788,91,1
37788,92,1
37788,93,1
37788,147,1
37788,148,0
37788,149,0
37788,150,0
37788,194,0
37788,196,0
37788,197,0
37788,198,0
37788,200,0
37788,201,1
37788,202,0
37788,203,0
37794,1,1
37794,2,0
37794,3,1
37794,5,1
37794,6,1
37794,7,1
37794,29,0
37794,30,0
37794,31,0
37794,32,0
37794,33,0
37794,34,0
37794,35,0
37794,36,0
37794,37,0
37794,39,1
37794,49,1
37794,50,1
37794,52,1
37794,53,1
37794,54,1
37794,56,1
37794,57,1
37794,59,1
37794,60,1
37794,61,1
37794,63,1
37794,64,1
37794,65,1
37794,66,1
37794,67,1
37794,72,1
37794,73,1
37794,74,1
37794,82,1
37794,83,1
37794,84,1
37794,86,1
37794,87,1
37794,88,1
37794,90,1
37794,91,1
37794,92,1
37794,93,1
37794,147,0
37794,148,0
37794,149,0
37794,150,0
37794,152,1
37794,153,1
37794,154,0
37794,155,1
37794,157,0
37794,159,0
37794,160,0
37794,164,0
37794,170,1
37794,171,1
37794,172,1
37794,173,0
37794,174,1
37794,175,1
37794,176,0
37794,177,0
37794,178,0
37794,181,0
37794,182,0
37794,183,0
37794,184,0
37794,194,1
37794,196,0
37794,197,0
37794,198,0
37794,200,0
37794,201,1
37794,202,0
37794,203,0
37796,1,1
37796,2,0
37796,3,1
37796,5,1
37796,6,1
37796,7,1
37796,29,1
37796,32,0
37796,33,0
37796,34,0
37796,35,0
37796,36,0
37796,37,0
37796,39,0
37796,40,0
37796,41,0
37796,49,1
37796,50,1
37796,52,1
37796,53,1
37796,54,1
37796,56,1
37796,57,1
37796,59,1
37796,60,1
37796,61,1
37796,63,1
37796,64,1
37796,65,1
37796,66,1
37796,67,1
37796,72,1
37796,73,1
37796,74,1
37796,82,1
37796,83,1
37796,84,1
37796,86,1
37796,87,1
37796,88,1
37796,90,1
37796,91,1
37796,92,1
37796,93,1
37796,147,1
37796,148,0
37796,149,0
37796,150,0
37796,194,0
37796,196,0
37796,197,0
37796,198,0
37796,200,0
37796,201,1
37796,202,0
37796,203,0
37802,1,1
37802,2,0
37802,3,1
37802,5,1
37802,6,1
37802,7,1
37802,72,1
37802,73,1
37802,74,1
37802,82,1
37802,83,1
37802,84,1
37802,86,1
37802,87,1
37802,88,1
37802,90,1
37802,91,1
37802,92,1
37802,93,1
37802,147,1
37802,148,0
37802,149,0
37802,150,0
37802,194,0
37802,196,0
37802,197,0
37802,198,0
37802,200,0
37802,201,1
37802,202,0
37802,203,0
37804,1,1
37804,2,1
37804,3,0
37804,5,1
37804,6,1
37804,7,1
37804,49,1
37804,50,1
37804,52,1
37804,53,1
37804,54,1
37804,56,1
37804,57,1
37804,59,1
37804,60,1
37804,61,1
37804,63,1
37804,64,1
37804,65,1
37804,66,1
37804,67,1
37804,72,1
37804,73,1
37804,74,1
37804,82,1
37804,83,1
37804,84,1
37804,86,1
37804,87,1
37804,88,1
37804,90,1
37804,91,1
37804,92,1
37804,93,1
37804,147,1
37804,148,0
37804,149,0
37804,150,0
37804,194,1
37804,196,0
37804,197,0
37804,198,0
37804,200,0
37804,201,1
37804,202,0
37804,203,0
37806,1,1
37806,2,0
37806,3,1
37806,5,1
37806,6,1
37806,7,1
37806,56,1
37806,57,1
37806,59,1
37806,60,1
37806,61,1
37806,63,1
37806,64,1
37806,65,1
37806,66,1
37806,67,1
37806,72,1
37806,73,1
37806,74,1
37806,82,1
37806,83,1
37806,84,1
37806,86,1
37806,87,1
37806,88,1
37806,90,1
37806,91,1
37806,92,1
37806,93,1
37806,147,1
37806,148,0
37806,149,0
37806,150,0
37806,194,0
37806,196,0
37806,197,0
37806,198,0
37806,200,0
37806,201,0
37806,202,0
37806,203,0
38129,1,1
38129,2,0
38129,3,1
38129,5,1
38129,6,1
38129,7,1
38129,9,0
38129,10,0
38129,11,0
38129,12,0
38129,29,0
38129,30,0
38129,31,0
38129,32,0
38129,33,0
38129,34,0
38129,35,0
38129,36,0
38129,37,0
38129,39,1
38129,49,1
38129,50,1
38129,52,1
38129,53,1
38129,54,1
38129,56,1
38129,57,1
38129,59,1
38129,60,1
38129,61,1
38129,63,1
38129,64,1
38129,65,1
38129,66,1
38129,67,1
38129,72,0
38129,73,1
38129,74,1
38129,82,1
38129,83,1
38129,84,1
38129,86,1
38129,87,1
38129,88,1
38129,90,1
38129,91,1
38129,92,1
38129,93,1
38129,147,1
38129,148,0
38129,149,0
38129,150,0
38129,194,0
38129,196,0
38129,197,0
38129,198,0
38129,200,0
38129,201,1
38129,202,0
38129,203,0
38181,1,1
38181,2,0
38181,3,1
38181,5,1
38181,6,1
38181,7,1
38181,56,1
38181,57,1
38181,59,1
38181,60,1
38181,61,1
38181,63,1
38181,64,1
38181,65,1
38181,66,1
38181,67,1
38181,72,1
38181,73,1
38181,74,1
38181,82,1
38181,83,1
38181,84,1
38181,86,1
38181,87,1
38181,88,1
38181,90,1
38181,91,1
38181,92,1
38181,93,1
38181,147,1
38181,148,0
38181,149,0
38181,150,0
38181,194,0
38181,196,0
38181,197,0
38181,198,0
38181,200,0
38181,201,1
38181,202,0
38181,203,0
38188,1,1
38188,5,1
38188,6,1
38188,7,1
38188,9,0
38188,10,1
38188,11,0
38188,12,0
38188,29,0
38188,30,0
38188,31,0
38188,32,0
38188,33,0
38188,34,0
38188,35,1
38188,36,0
38188,37,1
38188,39,0
38188,40,0
38188,41,0
38188,49,1
38188,50,1
38188,52,1
38188,53,1
38188,54,1
38188,56,1
38188,57,1
38188,59,1
38188,60,1
38188,61,1
38188,63,1
38188,64,1
38188,65,1
38188,66,1
38188,67,1
38188,72,0
38188,73,0
38188,74,0
38188,82,1
38188,83,1
38188,84,1
38188,86,1
38188,87,1
38188,88,1
38188,90,0
38188,91,0
38188,92,0
38188,93,0
38188,147,1
38188,148,0
38188,149,0
38188,150,0
38188,194,0
38188,196,0
38188,197,0
38188,198,0
38188,200,0
38188,201,1
38188,202,0
38188,203,0
38191,1,1
38191,2,0
38191,3,1
38191,5,1
38191,6,1
38191,7,1
38191,9,1
38191,10,0
38191,11,0
38191,12,0
38191,29,1
38191,30,0
38191,31,1
38191,32,0
38191,33,0
38191,34,0
38191,35,0
38191,36,0
38191,37,0
38191,39,0
38191,40,0
38191,41,0
38191,72,1
38191,73,1
38191,74,1
38191,82,1
38191,83,1
38191,84,1
38191,86,1
38191,87,1
38191,88,1
38191,90,1
38191,91,1
38191,92,1
38191,93,1
38191,147,0
38191,148,1
38191,149,0
38191,150,0
38191,152,1
38191,153,1
38191,154,0
38191,155,1
38191,157,0
38191,159,0
38191,160,0
38191,164,0
38191,170,0
38191,171,0
38191,172,0
38191,173,0
38191,174,0
38191,175,0
38191,176,0
38191,177,0
38191,178,0
38191,181,0
38191,182,0
38191,183,0
38191,184,0
38191,194,0
38191,196,0
38191,197,0
38191,198,0
38191,200,0
38191,201,0
38191,202,0
38191,203,0
38194,1,1
38194,2,0
38194,3,1
38194,5,1
38194,6,1
38194,7,1
38194,56,1
38194,57,1
38194,59,1
38194,60,1
38194,61,1
38194,63,1
38194,64,1
38194,65,1
38194,66,1
38194,67,1
38194,72,1
38194,73,1
38194,74,1
38194,82,1
38194,83,1
38194,84,1
38194,86,1
38194,87,1
38194,88,1
38194,90,1
38194,91,1
38194,92,1
38194,93,1
38194,147,1
38194,148,0
38194,149,0
38194,150,0
38194,194,0
38194,196,0
38194,197,0
38194,198,0
38194,200,0
38194,201,0
38194,202,0
38194,203,0
38195,1,1
38195,2,0
38195,3,1
38195,5,1
38195,6,1
38195,7,1
38195,29,1
38195,32,0
38195,33,0
38195,34,0
38195,35,0
38195,36,0
38195,37,0
38195,39,0
38195,40,0
38195,41,0
38195,49,1
38195,50,1
38195,52,1
38195,53,1
38195,54,1
38195,56,1
38195,57,1
38195,59,1
38195,60,1
38195,61,1
38195,63,1
38195,64,1
38195,65,1
38195,66,1
38195,67,1
38195,72,1
38195,73,1
38195,74,1
38195,82,1
38195,83,1
38195,84,1
38195,86,1
38195,87,1
38195,88,1
38195,90,1
38195,91,1
38195,92,1
38195,93,1
38195,147,1
38195,148,0
38195,149,0
38195,150,0
38195,194,0
38195,196,0
38195,197,0
38195,198,0
38195,200,0
38195,201,1
38195,202,0
38195,203,0
38197,1,1
38197,2,0
38197,3,1
38197,5,1
38197,6,1
38197,7,1
38197,29,1
38197,30,1
38197,31,0
38197,32,0
38197,33,0
38197,34,0
38197,35,0
38197,36,0
38197,37,0
38197,39,0
38197,40,0
38197,41,0
38197,49,1
38197,50,1
38197,52,1
38197,53,1
38197,54,1
38197,56,1
38197,57,1
38197,59,1
38197,60,1
38197,61,1
38197,63,1
38197,64,1
38197,65,1
38197,66,1
38197,67,1
38197,72,0
38197,73,1
38197,74,1
38197,82,1
38197,83,1
38197,84,1
38197,86,1
38197,87,1
38197,88,1
38197,90,1
38197,91,1
38197,92,1
38197,93,1
38197,147,1
38197,148,0
38197,149,0
38197,150,0
38197,194,0
38197,196,0
38197,197,0
38197,198,0
38197,200,0
38197,201,1
38197,202,0
38197,203,0
38203,1,1
38203,2,0
38203,3,1
38203,5,1
38203,6,1
38203,7,1
38203,29,0
38203,30,0
38203,31,0
38203,32,0
38203,33,0
38203,34,0
38203,35,0
38203,36,0
38203,37,0
38203,39,1
38203,49,1
38203,50,1
38203,52,1
38203,53,1
38203,54,1
38203,56,1
38203,57,1
38203,59,1
38203,60,1
38203,61,1
38203,63,1
38203,64,1
38203,65,1
38203,66,1
38203,67,1
38203,72,1
38203,73,1
38203,74,1
38203,82,1
38203,83,1
38203,84,1
38203,86,1
38203,87,1
38203,88,1
38203,90,1
38203,91,1
38203,92,1
38203,93,0
38203,147,1
38203,148,0
38203,149,0
38203,150,0
38203,194,0
38203,196,0
38203,197,0
38203,198,0
38203,200,0
38203,201,1
38203,202,0
38203,203,0
38204,1,1
38204,2,0
38204,3,1
38204,5,1
38204,6,1
38204,7,1
38204,29,0
38204,30,0
38204,31,0
38204,32,1
38204,33,0
38204,34,1
38204,35,0
38204,36,0
38204,37,0
38204,39,0
38204,40,0
38204,41,0
38204,49,1
38204,50,1
38204,52,1
38204,53,1
38204,54,1
38204,56,1
38204,57,1
38204,59,1
38204,60,1
38204,61,1
38204,63,1
38204,64,1
38204,65,1
38204,66,1
38204,67,1
38204,72,1
38204,73,1
38204,74,1
38204,82,1
38204,83,1
38204,84,1
38204,86,1
38204,87,1
38204,88,1
38204,90,1
38204,91,1
38204,92,1
38204,93,1
38204,147,1
38204,148,0
38204,149,0
38204,150,0
38204,194,0
38204,196,0
38204,197,0
38204,198,0
38204,200,0
38204,201,1
38204,202,0
38204,203,0
38205,1,1
38205,2,0
38205,3,1
38205,5,1
38205,6,1
38205,7,1
38205,9,0
38205,10,0
38205,11,0
38205,12,1
38205,29,0
38205,30,0
38205,31,0
38205,32,0
38205,33,0
38205,34,0
38205,35,0
38205,36,0
38205,37,0
38205,39,1
38205,49,1
38205,50,1
38205,52,1
38205,53,1
38205,54,1
38205,56,1
38205,57,1
38205,59,1
38205,60,1
38205,61,1
38205,63,1
38205,64,1
38205,65,1
38205,66,1
38205,67,1
38205,72,0
38205,73,1
38205,74,1
38205,82,1
38205,83,1
38205,84,1
38205,86,1
38205,87,1
38205,88,1
38205,90,1
38205,91,0
38205,92,0
38205,93,0
38205,147,0
38205,148,0
38205,149,0
38205,150,0
38205,152,1
38205,153,1
38205,154,0
38205,155,1
38205,157,0
38205,159,0
38205,160,0
38205,164,0
38205,170,1
38205,171,1
38205,172,0
38205,173,0
38205,174,1
38205,175,0
38205,176,0
38205,177,0
38205,178,0
38205,181,0
38205,182,0
38205,183,0
38205,184,0
38205,194,1
38205,196,1
38205,197,0
38205,198,0
38205,200,0
38205,201,1
38205,202,0
38205,203,0
38206,1,1
38206,2,0
38206,3,1
38206,5,1
38206,6,1
38206,7,1
38206,72,1
38206,73,1
38206,74,1
38206,82,1
38206,83,1
38206,84,1
38206,90,1
38206,91,1
38206,92,1
38206,93,1
38206,147,1
38206,148,0
38206,149,0
38206,150,0
38206,194,0
38206,196,0
38206,197,0
38206,198,0
38206,200,0
38206,201,1
38206,202,0
38206,203,0
38211,1,1
38211,2,0
38211,3,1
38211,5,1
38211,6,1
38211,7,1
38211,49,1
38211,50,1
38211,52,1
38211,53,1
38211,54,1
38211,56,1
38211,57,1
38211,59,1
38211,60,1
38211,61,1
38211,63,1
38211,64,1
38211,65,1
38211,66,1
38211,67,1
38211,72,1
38211,73,1
38211,74,1
38211,82,0
38211,83,0
38211,84,0
38211,86,1
38211,87,1
38211,88,1
38211,90,1
38211,91,1
38211,92,1
38211,93,1
38211,147,1
38211,148,0
38211,149,0
38211,150,0
38211,194,1
38211,196,0
38211,197,0
38211,198,0
38211,200,0
38211,201,1
38211,202,0
38211,203,0
38215,1,1
38215,2,0
38215,3,1
38215,5,1
38215,6,1
38215,7,1
38215,9,1
38215,10,0
38215,11,0
38215,12,0
38215,29,1
38215,30,1
38215,31,0
38215,32,0
38215,33,0
38215,34,0
38215,35,0
38215,36,0
38215,37,0
38215,39,0
38215,40,0
38215,41,0
38215,49,1
38215,50,1
38215,52,1
38215,53,1
38215,54,1
38215,56,1
38215,57,1
38215,59,1
38215,60,1
38215,61,1
38215,63,1
38215,64,1
38215,65,1
38215,66,1
38215,67,1
38215,72,1
38215,73,1
38215,74,1
38215,82,1
38215,83,1
38215,84,1
38215,86,1
38215,87,1
38215,88,1
38215,90,1
38215,91,1
38215,92,1
38215,93,1
38215,147,1
38215,148,0
38215,149,0
38215,150,0
38215,194,0
38215,196,0
38215,197,0
38215,198,0
38215,200,0
38215,201,1
38215,202,0
38215,203,0
38216,1,1
38216,2,0
38216,3,1
38216,5,1
38216,6,1
38216,7,1
38216,49,1
38216,50,1
38216,52,1
38216,53,1
38216,54,1
38216,56,1
38216,57,1
38216,59,1
38216,60,1
38216,61,1
38216,63,1
38216,64,1
38216,65,1
38216,66,1
38216,67,1
38216,72,0
38216,73,1
38216,74,1
38216,82,1
38216,83,1
38216,84,1
38216,86,1
38216,87,1
38216,88,1
38216,90,1
38216,91,1
38216,92,1
38216,93,0
38216,147,1
38216,148,0
38216,149,0
38216,150,0
38216,194,0
38216,196,0
38216,197,0
38216,198,0
38216,200,0
38216,201,1
38216,202,0
38216,203,0
38221,1,1
38221,2,0
38221,3,1
38221,5,1
38221,6,1
38221,7,1
38221,29,1
38221,30,1
38221,31,0
38221,32,0
38221,33,0
38221,34,0
38221,35,0
38221,36,0
38221,37,0
38221,39,0
38221,40,0
38221,41,0
38221,49,0
38221,50,1
38221,52,1
38221,53,1
38221,54,1
38221,56,1
38221,57,1
38221,59,1
38221,60,1
38221,61,1
38221,63,1
38221,64,1
38221,65,1
38221,66,1
38221,67,1
38221,72,1
38221,73,1
38221,74,1
38221,82,1
38221,83,1
38221,84,1
38221,86,1
38221,87,1
38221,88,1
38221,90,1
38221,91,1
38221,92,1
38221,93,1
38221,147,1
38221,148,0
38221,149,0
38221,150,0
38221,194,0
38221,196,0
38221,197,0
38221,198,0
38221,200,0
38221,201,0
38221,202,0
38221,203,0
38222,1,1
38222,2,0
38222,3,1
38222,5,1
38222,6,1
38222,7,1
38222,29,1
38222,30,0
38222,31,1
38222,32,0
38222,33,0
38222,34,0
38222,35,0
38222,36,0
38222,37,0
38222,39,0
38222,40,0
38222,41,0
38222,72,1
38222,73,1
38222,74,1
38222,82,1
38222,83,1
38222,84,1
38222,86,1
38222,87,1
38222,88,1
38222,90,1
38222,91,1
38222,92,1
38222,93,1
38222,147,1
38222,148,0
38222,149,0
38222,150,0
38222,194,0
38222,196,0
38222,197,0
38222,198,0
38222,200,0
38222,201,0
38222,202,0
38222,203,0
38229,1,1
38229,2,0
38229,3,1
38229,5,1
38229,6,1
38229,7,1
38229,29,1
38229,30,1
38229,31,0
38229,32,0
38229,33,0
38229,34,0
38229,35,0
38229,36,0
38229,37,0
38229,39,0
38229,40,0
38229,41,0
38229,56,1
38229,57,1
38229,59,1
38229,60,1
38229,61,1
38229,63,1
38229,64,1
38229,65,1
38229,66,1
38229,67,1
38229,72,1
38229,73,1
38229,74,1
38229,82,1
38229,83,1
38229,84,1
38229,86,1
38229,87,1
38229,88,1
38229,90,1
38229,91,1
38229,92,1
38229,93,1
38229,147,1
38229,148,0
38229,149,0
38229,150,0
38229,194,0
38229,196,0
38229,197,0
38229,198,0
38229,200,0
38229,201,0
38229,202,0
38229,203,0
38232,1,1
38232,2,0
38232,3,1
38232,5,1
38232,6,1
38232,7,1
38232,29,1
38232,30,1
38232,31,0
38232,32,0
38232,33,0
38232,34,0
38232,35,0
38232,36,0
38232,37,0
38232,39,0
38232,40,0
38232,41,0
38232,49,0
38232,50,0
38232,52,0
38232,53,0
38232,54,1
38232,56,1
38232,57,1
38232,59,1
38232,60,1
38232,61,1
38232,63,1
38232,64,1
38232,65,1
38232,66,1
38232,67,1
38232,72,1
38232,73,1
38232,74,1
38232,82,1
38232,83,1
38232,84,1
38232,86,1
38232,87,1
38232,88,1
38232,90,1
38232,91,1
38232,92,1
38232,93,1
38232,147,1
38232,148,0
38232,149,0
38232,150,0
38232,194,0
38232,196,0
38232,197,0
38232,198,0
38232,200,0
38232,201,0
38232,202,0
38232,203,0
38237,1,1
38237,2,0
38237,3,1
38237,5,1
38237,6,1
38237,7,1
38237,49,1
38237,50,1
38237,52,1
38237,53,1
38237,54,1
38237,56,1
38237,57,1
38237,59,1
38237,60,1
38237,61,1
38237,63,1
38237,64,1
38237,65,1
38237,66,1
38237,67,1
38237,72,1
38237,73,1
38237,74,1
38237,82,1
38237,83,1
38237,84,1
38237,86,1
38237,87,1
38237,88,1
38237,90,1
38237,91,1
38237,92,1
38237,93,0
38237,147,1
38237,148,0
38237,149,0
38237,150,0
38237,194,0
38237,196,0
38237,197,0
38237,198,0
38237,200,0
38237,201,1
38237,202,0
38237,203,0
38241,1,1
38241,2,0
38241,3,1
38241,5,1
38241,6,1
38241,7,1
38241,29,1
38241,30,1
38241,31,0
38241,32,0
38241,33,0
38241,34,0
38241,35,0
38241,36,0
38241,37,0
38241,39,0
38241,40,0
38241,41,0
38241,49,1
38241,50,1
38241,52,1
38241,53,1
38241,54,1
38241,56,1
38241,57,1
38241,59,1
38241,60,1
38241,61,1
38241,63,1
38241,64,1
38241,65,1
38241,66,1
38241,67,1
38241,72,1
38241,73,1
38241,74,1
38241,82,1
38241,83,1
38241,84,1
38241,86,1
38241,87,1
38241,88,1
38241,90,1
38241,91,1
38241,92,1
38241,93,1
38241,147,1
38241,148,0
38241,149,0
38241,150,0
38241,194,0
38241,196,0
38241,197,0
38241,198,0
38241,200,0
38241,201,0
38241,202,0
38241,203,1
38242,1,1
38242,2,0
38242,3,1
38242,5,1
38242,6,1
38242,7,1
38242,29,1
38242,30,1
38242,31,0
38242,32,0
38242,33,0
38242,34,0
38242,35,0
38242,36,0
38242,37,0
38242,39,0
38242,40,0
38242,41,0
38242,49,1
38242,50,1
38242,52,1
38242,53,1
38242,54,1
38242,56,1
38242,57,1
38242,59,1
38242,60,1
38242,61,1
38242,63,1
38242,64,1
38242,65,1
38242,66,1
38242,67,1
38242,72,1
38242,73,1
38242,74,1
38242,82,1
38242,83,1
38242,84,1
38242,86,1
38242,87,1
38242,88,1
38242,90,1
38242,91,1
38242,92,1
38242,93,1
38242,147,1
38242,148,0
38242,149,0
38242,150,0
38242,194,0
38242,196,0
38242,197,0
38242,198,0
38242,200,0
38242,201,1
38242,202,0
38242,203,0
38244,1,1
38244,2,0
38244,3,1
38244,5,1
38244,6,1
38244,7,1
38244,29,0
38244,30,0
38244,31,0
38244,32,0
38244,33,0
38244,34,0
38244,35,1
38244,36,1
38244,37,0
38244,39,0
38244,40,0
38244,41,0
38244,49,1
38244,50,1
38244,52,1
38244,53,1
38244,54,1
38244,56,1
38244,57,1
38244,59,1
38244,60,1
38244,61,1
38244,63,1
38244,64,1
38244,65,1
38244,66,1
38244,67,1
38244,72,1
38244,73,1
38244,74,1
38244,82,1
38244,83,1
38244,84,1
38244,86,1
38244,87,1
38244,88,1
38244,90,1
38244,91,1
38244,92,1
38244,93,1
38244,147,1
38244,148,0
38244,149,0
38244,150,0
38244,194,0
38244,196,0
38244,197,0
38244,198,0
38244,200,0
38244,201,1
38244,202,0
38244,203,1
38245,1,1
38245,2,0
38245,3,1
38245,5,1
38245,6,1
38245,7,1
38245,49,1
38245,50,1
38245,52,1
38245,53,1
38245,54,1
38245,56,1
38245,57,1
38245,59,1
38245,60,1
38245,61,1
38245,63,1
38245,64,1
38245,65,1
38245,66,1
38245,67,1
38245,72,1
38245,73,1
38245,74,1
38245,82,1
38245,83,1
38245,84,1
38245,86,1
38245,87,1
38245,88,1
38245,90,1
38245,91,1
38245,92,1
38245,93,1
38245,147,1
38245,148,0
38245,149,0
38245,150,0
38245,194,0
38245,196,0
38245,197,0
38245,198,0
38245,200,0
38245,201,1
38245,202,0
38245,203,0
38249,1,1
38249,2,0
38249,3,1
38249,5,1
38249,6,1
38249,7,1
38249,9,0
38249,10,0
38249,11,0
38249,12,0
38249,29,0
38249,30,0
38249,31,0
38249,32,0
38249,33,0
38249,34,0
38249,35,0
38249,36,0
38249,37,0
38249,39,1
38249,147,0
38249,148,1
38249,149,0
38249,150,0
38249,152,0
38249,153,0
38249,154,0
38249,155,0
38249,157,1
38249,159,1
38249,160,0
38249,164,0
38249,170,0
38249,171,0
38249,172,0
38249,173,0
38249,174,0
38249,175,0
38249,176,0
38249,177,0
38249,178,0
38249,181,0
38249,182,0
38249,183,0
38249,184,0
38249,194,0
38249,196,0
38249,197,0
38249,198,0
38249,200,0
38249,201,0
38249,202,0
38249,203,0
38250,1,1
38250,2,0
38250,3,1
38250,5,1
38250,6,1
38250,7,1
38250,9,1
38250,10,0
38250,11,0
38250,12,0
38250,49,1
38250,50,1
38250,52,1
38250,53,1
38250,54,1
38250,56,1
38250,57,1
38250,59,1
38250,60,1
38250,61,1
38250,63,1
38250,64,1
38250,65,1
38250,66,1
38250,67,1
38250,72,1
38250,73,1
38250,74,1
38250,82,1
38250,83,1
38250,84,1
38250,86,1
38250,87,1
38250,88,1
38250,90,1
38250,91,1
38250,92,1
38250,93,1
38250,147,1
38250,148,0
38250,149,0
38250,150,0
38250,194,0
38250,196,0
38250,197,0
38250,198,0
38250,200,0
38250,201,0
38250,202,0
38250,203,0
38256,1,1
38256,2,0
38256,3,1
38256,5,1
38256,6,1
38256,7,1
38256,72,1
38256,73,1
38256,74,1
38256,82,1
38256,83,1
38256,84,1
38256,90,1
38256,91,1
38256,92,1
38256,93,1
38256,147,1
38256,148,0
38256,149,0
38256,150,0
38256,194,0
38256,196,0
38256,197,0
38256,198,0
38256,200,0
38256,201,1
38256,202,0
38256,203,0
38257,1,1
38257,2,1
38257,3,0
38257,5,1
38257,6,1
38257,7,1
38257,29,1
38257,30,1
38257,31,0
38257,32,0
38257,33,0
38257,34,0
38257,35,0
38257,36,0
38257,37,0
38257,39,0
38257,40,0
38257,41,0
38257,49,1
38257,50,1
38257,52,1
38257,53,1
38257,54,1
38257,56,1
38257,57,1
38257,59,1
38257,60,1
38257,61,1
38257,63,1
38257,64,1
38257,65,1
38257,66,1
38257,67,1
38257,72,1
38257,73,1
38257,74,1
38257,82,1
38257,83,1
38257,84,1
38257,86,1
38257,87,1
38257,88,1
38257,90,1
38257,91,1
38257,92,1
38257,93,1
38257,147,1
38257,148,0
38257,149,0
38257,150,0
38257,194,0
38257,196,0
38257,197,0
38257,198,0
38257,200,0
38257,201,0
38257,202,0
38257,203,0
38260,1,1
38260,2,0
38260,3,1
38260,5,1
38260,6,1
38260,7,1
38260,9,1
38260,10,0
38260,11,0
38260,12,0
38260,29,1
38260,30,1
38260,31,0
38260,32,0
38260,33,0
38260,34,0
38260,35,0
38260,36,0
38260,37,0
38260,39,0
38260,40,0
38260,41,0
38260,49,1
38260,50,1
38260,52,1
38260,53,1
38260,54,1
38260,56,1
38260,57,1
38260,59,1
38260,60,1
38260,61,1
38260,63,1
38260,64,1
38260,65,1
38260,66,1
38260,67,1
38260,72,0
38260,73,0
38260,74,1
38260,82,1
38260,83,1
38260,84,1
38260,86,1
38260,87,1
38260,88,1
38260,90,1
38260,91,1
38260,92,1
38260,93,1
38260,147,1
38260,148,0
38260,149,0
38260,150,0
38260,194,0
38260,196,0
38260,197,0
38260,198,0
38260,200,0
38260,201,1
38260,202,0
38260,203,0
38264,1,1
38264,2,0
38264,3,1
38264,5,1
38264,6,1
38264,7,1
38264,49,1
38264,50,1
38264,52,1
38264,53,1
38264,54,1
38264,56,1
38264,57,1
38264,59,1
38264,60,1
38264,61,1
38264,63,1
38264,64,1
38264,65,1
38264,66,1
38264,67,1
38264,72,1
38264,73,1
38264,74,1
38264,82,1
38264,83,1
38264,84,1
38264,86,1
38264,87,1
38264,88,1
38264,90,1
38264,91,1
38264,92,1
38264,93,1
38264,147,1
38264,148,0
38264,149,0
38264,150,0
38264,194,0
38264,196,0
38264,197,0
38264,198,0
38264,200,0
38264,201,1
38264,202,0
38264,203,0
38266,1,1
38266,2,0
38266,3,1
38266,5,1
38266,6,1
38266,7,1
38266,29,0
38266,30,0
38266,31,0
38266,32,0
38266,33,0
38266,34,0
38266,35,1
38266,36,1
38266,37,0
38266,39,0
38266,40,0
38266,41,0
38266,49,1
38266,50,1
38266,52,1
38266,53,1
38266,54,1
38266,56,1
38266,57,1
38266,59,1
38266,60,1
38266,61,1
38266,63,1
38266,64,1
38266,65,1
38266,66,1
38266,67,1
38266,72,1
38266,73,1
38266,74,1
38266,82,1
38266,83,1
38266,84,1
38266,86,1
38266,87,1
38266,88,1
38266,90,1
38266,91,1
38266,92,1
38266,93,1
38266,147,0
38266,148,1
38266,149,0
38266,150,0
38266,152,1
38266,153,1
38266,154,1
38266,155,0
38266,157,0
38266,159,0
38266,160,0
38266,164,0
38266,170,0
38266,171,0
38266,172,0
38266,173,0
38266,174,0
38266,175,0
38266,176,0
38266,177,0
38266,178,0
38266,181,0
38266,182,0
38266,183,0
38266,184,0
38266,194,0
38266,196,0
38266,197,0
38266,198,0
38266,200,0
38266,201,1
38266,202,0
38266,203,0
38268,1,1
38268,2,0
38268,3,1
38268,5,1
38268,6,1
38268,7,1
38268,9,0
38268,10,0
38268,11,1
38268,12,0
38268,29,0
38268,30,0
38268,31,0
38268,32,0
38268,33,0
38268,34,0
38268,35,0
38268,36,0
38268,37,0
38268,39,1
38268,49,1
38268,50,1
38268,52,1
38268,53,1
38268,54,1
38268,56,1
38268,57,1
38268,59,1
38268,60,1
38268,61,1
38268,63,1
38268,64,1
38268,65,1
38268,66,1
38268,67,1
38268,72,1
38268,73,1
38268,74,1
38268,82,1
38268,83,1
38268,84,1
38268,86,1
38268,87,1
38268,88,1
38268,90,1
38268,91,1
38268,92,1
38268,93,1
38268,147,1
38268,148,0
38268,149,0
38268,150,0
38268,194,0
38268,196,0
38268,197,0
38268,198,0
38268,200,0
38268,201,1
38268,202,0
38268,203,0
38438,1,1
38438,2,1
38438,3,0
38438,5,1
38438,6,1
38438,7,1
38438,29,1
38438,30,1
38438,31,0
38438,32,0
38438,33,0
38438,34,0
38438,35,0
38438,36,0
38438,37,0
38438,39,0
38438,40,0
38438,41,0
38438,49,1
38438,50,1
38438,52,1
38438,53,1
38438,54,1
38438,56,1
38438,57,1
38438,59,1
38438,60,1
38438,61,1
38438,63,1
38438,64,1
38438,65,1
38438,66,1
38438,67,1
38438,72,1
38438,73,1
38438,74,1
38438,82,1
38438,83,1
38438,84,1
38438,86,1
38438,87,1
38438,88,1
38438,90,1
38438,91,1
38438,92,1
38438,93,1
38438,147,1
38438,148,0
38438,149,0
38438,150,0
38438,194,0
38438,196,0
38438,197,0
38438,198,0
38438,200,0
38438,201,1
38438,202,1
38438,203,0
38550,1,1
38550,2,0
38550,3,1
38550,5,1
38550,6,1
38550,7,1
38550,29,1
38550,30,1
38550,31,0
38550,32,0
38550,33,0
38550,34,0
38550,35,0
38550,36,0
38550,37,0
38550,39,0
38550,40,0
38550,41,0
38550,72,1
38550,73,1
38550,74,1
38550,82,1
38550,83,1
38550,84,1
38550,86,1
38550,87,1
38550,88,1
38550,90,1
38550,91,1
38550,92,1
38550,93,1
38550,147,1
38550,148,0
38550,149,0
38550,150,0
38550,194,0
38550,196,0
38550,197,0
38550,198,0
38550,200,0
38550,201,1
38550,202,0
38550,203,0
38551,1,1
38551,2,0
38551,3,1
38551,5,1
38551,6,1
38551,7,1
38551,49,0
38551,50,1
38551,52,1
38551,53,1
38551,54,1
38551,56,1
38551,57,1
38551,59,1
38551,60,1
38551,61,1
38551,63,1
38551,64,1
38551,65,1
38551,66,1
38551,67,1
38551,72,1
38551,73,1
38551,74,1
38551,82,1
38551,83,1
38551,84,1
38551,86,1
38551,87,1
38551,88,1
38551,90,1
38551,91,1
38551,92,1
38551,93,1
38551,147,1
38551,148,0
38551,149,0
38551,150,0
38551,194,0
38551,196,0
38551,197,0
38551,198,0
38551,200,0
38551,201,1
38551,202,0
38551,203,0
38552,1,1
38552,2,0
38552,3,1
38552,5,1
38552,6,1
38552,7,1
38552,49,1
38552,50,1
38552,52,1
38552,53,1
38552,54,1
38552,56,1
38552,57,1
38552,59,1
38552,60,1
38552,61,1
38552,63,1
38552,64,1
38552,65,1
38552,66,1
38552,67,1
38552,72,1
38552,73,1
38552,74,1
38552,82,1
38552,83,1
38552,84,1
38552,86,1
38552,87,1
38552,88,1
38552,90,1
38552,91,1
38552,92,1
38552,93,0
38552,147,1
38552,148,0
38552,149,0
38552,150,0
38552,194,0
38552,196,0
38552,197,0
38552,198,0
38552,200,0
38552,201,1
38552,202,0
38552,203,0
38553,1,1
38553,2,0
38553,3,1
38553,5,1
38553,6,1
38553,7,1
38553,9,0
38553,10,0
38553,11,1
38553,12,0
38553,29,0
38553,30,0
38553,31,0
38553,32,0
38553,33,0
38553,34,0
38553,35,0
38553,36,0
38553,37,0
38553,39,1
38553,49,1
38553,50,1
38553,52,1
38553,53,1
38553,54,1
38553,56,1
38553,57,1
38553,59,1
38553,60,1
38553,61,1
38553,63,1
38553,64,1
38553,65,1
38553,66,1
38553,67,1
38553,72,1
38553,73,1
38553,74,1
38553,82,1
38553,83,1
38553,84,1
38553,86,1
38553,87,1
38553,88,1
38553,90,1
38553,91,1
38553,92,1
38553,93,1
38553,147,0
38553,148,1
38553,149,0
38553,150,0
38553,152,0
38553,153,0
38553,154,0
38553,155,0
38553,157,0
38553,159,0
38553,160,0
38553,164,0
38553,170,1
38553,171,1
38553,172,0
38553,173,0
38553,174,0
38553,175,1
38553,176,0
38553,177,0
38553,178,0
38553,181,0
38553,182,0
38553,183,0
38553,184,0
38553,194,1
38553,196,0
38553,197,0
38553,198,0
38553,200,0
38553,201,1
38553,202,1
38553,203,0
38555,1,1
38555,2,0
38555,3,1
38555,5,1
38555,6,1
38555,7,1
38555,29,1
38555,30,1
38555,31,0
38555,32,0
38555,33,0
38555,34,0
38555,35,0
38555,36,0
38555,37,0
38555,39,0
38555,40,0
38555,41,0
38555,56,1
38555,57,1
38555,59,1
38555,60,1
38555,61,1
38555,63,1
38555,64,1
38555,65,1
38555,66,1
38555,67,1
38555,72,1
38555,73,1
38555,74,1
38555,82,1
38555,83,1
38555,84,1
38555,86,1
38555,87,1
38555,88,1
38555,90,1
38555,91,1
38555,92,1
38555,93,0
38555,147,1
38555,148,0
38555,149,0
38555,150,0
38555,194,0
38555,196,0
38555,197,0
38555,198,0
38555,200,0
38555,201,1
38555,202,0
38555,203,0
38586,1,1
38586,2,0
38586,3,1
38586,5,1
38586,6,1
38586,7,1
38586,49,1
38586,50,1
38586,52,1
38586,53,1
38586,54,1
38586,56,1
38586,57,1
38586,59,1
38586,60,1
38586,61,1
38586,63,1
38586,64,1
38586,65,1
38586,66,1
38586,67,1
38586,72,1
38586,73,1
38586,74,1
38586,82,1
38586,83,1
38586,84,1
38586,86,1
38586,87,1
38586,88,1
38586,90,1
38586,91,1
38586,92,1
38586,93,1
38586,147,1
38586,148,0
38586,149,0
38586,150,0
38586,194,0
38586,196,0
38586,197,0
38586,198,0
38586,200,0
38586,201,0
38586,202,0
38586,203,0
38587,1,1
38587,2,0
38587,3,1
38587,5,1
38587,6,1
38587,7,1
38587,29,1
38587,30,1
38587,31,0
38587,32,0
38587,33,0
38587,34,0
38587,35,0
38587,36,0
38587,37,0
38587,39,0
38587,40,0
38587,41,0
38587,72,1
38587,73,1
38587,74,1
38587,82,1
38587,83,1
38587,84,1
38587,86,1
38587,87,1
38587,88,1
38587,90,1
38587,91,1
38587,92,1
38587,93,1
38587,147,1
38587,148,0
38587,149,0
38587,150,0
38587,194,0
38587,196,0
38587,197,0
38587,198,0
38587,200,0
38587,201,0
38587,202,0
38587,203,0
38592,1,1
38592,2,0
38592,3,1
38592,5,1
38592,6,1
38592,7,1
38592,49,0
38592,50,1
38592,52,1
38592,53,1
38592,54,1
38592,56,1
38592,57,1
38592,59,1
38592,60,1
38592,61,1
38592,63,1
38592,64,1
38592,65,1
38592,66,1
38592,67,1
38592,72,1
38592,73,1
38592,74,1
38592,82,1
38592,83,1
38592,84,1
38592,86,1
38592,87,1
38592,88,1
38592,90,1
38592,91,1
38592,92,1
38592,93,1
38592,147,1
38592,148,0
38592,149,0
38592,150,0
38592,194,0
38592,196,0
38592,197,0
38592,198,0
38592,200,0
38592,201,1
38592,202,0
38592,203,0
38595,1,1
38595,2,0
38595,3,1
38595,5,1
38595,6,1
38595,7,1
38595,29,0
38595,30,0
38595,31,0
38595,32,1
38595,33,0
38595,34,1
38595,35,0
38595,36,0
38595,37,0
38595,39,0
38595,40,0
38595,41,0
38595,49,1
38595,50,1
38595,52,1
38595,53,1
38595,54,1
38595,56,1
38595,57,1
38595,59,1
38595,60,1
38595,61,1
38595,63,1
38595,64,1
38595,65,1
38595,66,1
38595,67,1
38595,72,1
38595,73,1
38595,74,1
38595,82,1
38595,83,1
38595,84,1
38595,86,1
38595,87,1
38595,88,1
38595,90,1
38595,91,1
38595,92,1
38595,93,1
38595,147,0
38595,148,1
38595,149,0
38595,150,0
38595,152,1
38595,153,1
38595,154,1
38595,155,0
38595,157,0
38595,159,0
38595,160,0
38595,164,0
38595,170,0
38595,171,0
38595,172,0
38595,173,0
38595,174,0
38595,175,0
38595,176,0
38595,177,0
38595,178,0
38595,181,0
38595,182,0
38595,183,0
38595,184,0
38595,194,0
38595,196,0
38595,197,0
38595,198,0
38595,200,0
38595,201,1
38595,202,0
38595,203,0
38596,1,1
38596,2,0
38596,3,1
38596,5,1
38596,6,1
38596,7,1
38596,9,0
38596,10,0
38596,11,1
38596,12,0
38596,49,1
38596,50,1
38596,52,1
38596,53,1
38596,54,1
38596,56,1
38596,57,1
38596,59,1
38596,60,1
38596,61,1
38596,63,1
38596,64,1
38596,65,1
38596,66,1
38596,67,1
38596,72,0
38596,73,1
38596,74,1
38596,82,1
38596,83,1
38596,84,1
38596,86,1
38596,87,1
38596,88,1
38596,90,1
38596,91,1
38596,92,1
38596,93,1
38596,147,0
38596,148,1
38596,149,0
38596,150,0
38596,152,0
38596,153,0
38596,154,0
38596,155,0
38596,157,0
38596,159,0
38596,160,0
38596,164,0
38596,170,1
38596,171,1
38596,172,0
38596,173,0
38596,174,0
38596,175,1
38596,176,0
38596,177,0
38596,178,0
38596,181,0
38596,182,0
38596,183,0
38596,184,0
38596,194,0
38596,196,0
38596,197,0
38596,198,0
38596,200,0
38596,201,1
38596,202,0
38596,203,0
38597,1,1
38597,2,1
38597,3,0
38597,5,1
38597,6,1
38597,7,1
38597,56,1
38597,57,1
38597,59,1
38597,60,1
38597,61,1
38597,63,1
38597,64,1
38597,65,1
38597,66,1
38597,67,1
38597,72,1
38597,73,1
38597,74,1
38597,82,1
38597,83,1
38597,84,1
38597,86,1
38597,87,1
38597,88,1
38597,90,1
38597,91,1
38597,92,1
38597,93,1
38597,147,1
38597,148,0
38597,149,0
38597,150,0
38597,194,0
38597,196,0
38597,197,0
38597,198,0
38597,200,0
38597,201,0
38597,202,0
38597,203,0
38598,1,1
38598,2,0
38598,3,1
38598,5,1
38598,6,1
38598,7,1
38598,29,0
38598,30,0
38598,31,0
38598,32,0
38598,33,0
38598,34,0
38598,35,1
38598,36,0
38598,37,1
38598,39,0
38598,40,0
38598,41,0
38598,49,1
38598,50,1
38598,52,1
38598,53,1
38598,54,1
38598,56,1
38598,57,1
38598,59,1
38598,60,1
38598,61,1
38598,63,1
38598,64,1
38598,65,1
38598,66,1
38598,67,1
38598,72,1
38598,73,1
38598,74,1
38598,82,1
38598,83,1
38598,84,1
38598,86,1
38598,87,1
38598,88,1
38598,90,1
38598,91,1
38598,92,1
38598,93,0
38598,147,1
38598,148,0
38598,149,0
38598,150,0
38598,194,0
38598,196,0
38598,197,0
38598,198,0
38598,200,0
38598,201,0
38598,202,0
38598,203,0
38599,1,1
38599,5,1
38599,6,1
38599,7,1
38599,49,1
38599,50,1
38599,52,1
38599,53,1
38599,54,1
38599,56,1
38599,57,1
38599,59,1
38599,60,1
38599,61,1
38599,63,1
38599,64,1
38599,65,1
38599,66,1
38599,67,1
38599,72,0
38599,73,1
38599,74,1
38599,82,1
38599,83,1
38599,84,1
38599,86,1
38599,87,1
38599,88,1
38599,90,1
38599,91,1
38599,92,1
38599,93,1
38599,147,1
38599,148,0
38599,149,0
38599,150,0
38599,194,0
38599,196,0
38599,197,0
38599,198,0
38599,200,0
38599,201,1
38599,202,0
38599,203,0
38601,1,1
38601,2,1
38601,3,0
38601,5,1
38601,6,1
38601,7,1
38601,9,0
38601,10,0
38601,11,0
38601,12,1
38601,29,0
38601,30,0
38601,31,0
38601,32,0
38601,33,0
38601,34,0
38601,35,0
38601,36,0
38601,37,0
38601,39,1
38601,49,1
38601,50,1
38601,52,1
38601,53,1
38601,54,1
38601,56,1
38601,57,1
38601,59,1
38601,60,1
38601,61,1
38601,63,1
38601,64,1
38601,65,1
38601,66,1
38601,67,1
38601,72,1
38601,73,1
38601,74,1
38601,82,1
38601,83,1
38601,84,1
38601,86,1
38601,87,1
38601,88,1
38601,90,0
38601,91,0
38601,92,0
38601,93,0
38601,147,1
38601,148,0
38601,149,0
38601,150,0
38601,194,0
38601,196,0
38601,197,0
38601,198,0
38601,200,0
38601,201,1
38601,202,0
38601,203,0
38604,1,1
38604,2,0
38604,3,1
38604,5,1
38604,6,1
38604,7,1
38604,9,1
38604,10,0
38604,11,0
38604,12,0
38604,29,0
38604,30,0
38604,31,0
38604,32,0
38604,33,0
38604,34,0
38604,35,0
38604,36,0
38604,37,0
38604,39,1
38604,49,0
38604,50,0
38604,52,1
38604,53,1
38604,54,1
38604,56,1
38604,57,1
38604,59,1
38604,60,1
38604,61,1
38604,63,1
38604,64,1
38604,65,1
38604,66,1
38604,67,1
38604,72,1
38604,73,1
38604,74,1
38604,82,1
38604,83,1
38604,84,1
38604,86,1
38604,87,1
38604,88,1
38604,90,1
38604,91,1
38604,92,1
38604,93,1
38604,147,0
38604,148,1
38604,149,0
38604,150,0
38604,152,0
38604,153,0
38604,154,0
38604,155,0
38604,157,0
38604,159,0
38604,160,0
38604,164,0
38604,170,1
38604,171,0
38604,172,0
38604,173,0
38604,174,0
38604,175,0
38604,176,0
38604,177,1
38604,178,1
38604,181,0
38604,182,0
38604,183,0
38604,184,0
38604,194,0
38604,196,0
38604,197,0
38604,198,0
38604,200,0
38604,201,1
38604,202,0
38604,203,0
38605,1,1
38605,2,1
38605,3,0
38605,5,1
38605,6,1
38605,7,1
38605,29,1
38605,30,0
38605,31,1
38605,32,0
38605,33,0
38605,34,0
38605,35,0
38605,36,0
38605,37,0
38605,39,0
38605,40,0
38605,41,0
38605,49,0
38605,50,0
38605,52,1
38605,53,1
38605,54,1
38605,56,0
38605,57,0
38605,59,0
38605,60,0
38605,61,1
38605,63,1
38605,64,1
38605,65,1
38605,66,1
38605,67,1
38605,72,1
38605,73,1
38605,74,1
38605,82,1
38605,83,1
38605,84,1
38605,86,1
38605,87,1
38605,88,1
38605,90,1
38605,91,1
38605,92,1
38605,93,0
38605,147,1
38605,148,0
38605,149,0
38605,150,0
38605,194,0
38605,196,0
38605,197,0
38605,198,0
38605,200,0
38605,201,1
38605,202,0
38605,203,0
38606,1,1
38606,2,0
38606,3,1
38606,5,1
38606,6,1
38606,7,1
38606,29,0
38606,30,0
38606,31,0
38606,32,1
38606,35,0
38606,36,0
38606,37,0
38606,39,0
38606,40,0
38606,41,0
38606,49,1
38606,50,1
38606,52,1
38606,53,1
38606,54,1
38606,56,1
38606,57,1
38606,59,1
38606,60,1
38606,61,1
38606,63,1
38606,64,1
38606,65,1
38606,66,1
38606,67,1
38606,72,1
38606,73,1
38606,74,1
38606,82,1
38606,83,1
38606,84,1
38606,86,1
38606,87,1
38606,88,1
38606,90,1
38606,91,1
38606,92,1
38606,93,1
38606,147,1
38606,148,0
38606,149,0
38606,150,0
38606,194,0
38606,196,0
38606,197,0
38606,198,0
38606,200,0
38606,201,0
38606,202,0
38606,203,0
38612,1,1
38612,2,0
38612,3,1
38612,5,1
38612,6,1
38612,7,1
38612,29,1
38612,30,1
38612,31,0
38612,32,0
38612,33,0
38612,34,0
38612,35,0
38612,36,0
38612,37,0
38612,39,0
38612,40,0
38612,41,0
38612,72,1
38612,73,1
38612,74,1
38612,82,1
38612,83,1
38612,84,1
38612,86,1
38612,87,1
38612,88,1
38612,90,1
38612,91,1
38612,92,1
38612,93,1
38612,147,1
38612,148,0
38612,149,0
38612,150,0
38612,194,0
38612,196,0
38612,197,0
38612,198,0
38612,200,0
38612,201,0
38612,202,0
38612,203,0
38613,1,1
38613,2,1
38613,3,0
38613,5,1
38613,6,1
38613,7,1
38613,49,1
38613,50,1
38613,52,1
38613,53,1
38613,54,1
38613,56,1
38613,57,1
38613,59,1
38613,60,1
38613,61,1
38613,63,1
38613,64,1
38613,65,1
38613,66,1
38613,67,1
38613,72,1
38613,73,1
38613,74,1
38613,82,1
38613,83,1
38613,84,1
38613,86,1
38613,87,1
38613,88,1
38613,90,0
38613,91,0
38613,92,0
38613,93,0
38613,147,1
38613,148,0
38613,149,0
38613,150,0
38613,194,0
38613,196,0
38613,197,0
38613,198,0
38613,200,0
38613,201,1
38613,202,0
38613,203,0
38614,1,1
38614,2,0
38614,3,1
38614,5,1
38614,6,1
38614,7,1
38614,72,1
38614,73,1
38614,74,1
38614,82,1
38614,83,1
38614,84,1
38614,86,1
38614,87,1
38614,88,1
38614,90,1
38614,91,1
38614,92,1
38614,93,1
38614,147,1
38614,148,0
38614,149,0
38614,150,0
38614,194,0
38614,196,0
38614,197,0
38614,198,0
38614,200,0
38614,201,1
38614,202,0
38614,203,0
38621,1,1
38621,2,0
38621,3,1
38621,5,1
38621,6,1
38621,7,1
38621,49,1
38621,50,1
38621,52,1
38621,53,1
38621,54,1
38621,56,1
38621,57,1
38621,59,1
38621,60,1
38621,61,1
38621,63,1
38621,64,1
38621,65,1
38621,66,1
38621,67,1
38621,72,0
38621,73,0
38621,74,1
38621,82,1
38621,83,1
38621,84,0
38621,86,1
38621,87,1
38621,88,1
38621,90,1
38621,91,1
38621,92,1
38621,93,1
38621,147,0
38621,148,1
38621,149,0
38621,150,0
38621,152,1
38621,153,0
38621,154,0
38621,155,0
38621,157,0
38621,159,0
38621,160,0
38621,164,0
38621,170,0
38621,171,0
38621,172,0
38621,173,0
38621,174,0
38621,175,0
38621,176,0
38621,177,0
38621,178,0
38621,181,0
38621,182,0
38621,183,0
38621,184,0
38621,194,0
38621,196,0
38621,197,0
38621,198,0
38621,200,0
38621,201,1
38621,202,0
38621,203,0
38627,1,1
38627,2,0
38627,3,1
38627,5,1
38627,6,1
38627,7,1
38627,9,0
38627,10,0
38627,11,1
38627,12,0
38627,49,1
38627,50,1
38627,52,1
38627,53,1
38627,54,1
38627,56,1
38627,57,1
38627,59,1
38627,60,1
38627,61,1
38627,63,1
38627,64,1
38627,65,1
38627,66,1
38627,67,1
38627,72,1
38627,73,1
38627,74,1
38627,82,1
38627,83,1
38627,84,1
38627,86,1
38627,87,1
38627,88,1
38627,90,1
38627,91,1
38627,92,1
38627,93,1
38627,147,1
38627,148,0
38627,149,0
38627,150,0
38627,194,0
38627,196,0
38627,197,0
38627,198,0
38627,200,0
38627,201,1
38627,202,0
38627,203,1
38639,1,1
38639,2,0
38639,3,1
38639,5,1
38639,6,1
38639,7,1
38639,9,1
38639,10,0
38639,11,0
38639,12,0
38639,29,1
38639,32,0
38639,33,0
38639,34,0
38639,35,0
38639,36,0
38639,37,0
38639,39,0
38639,40,0
38639,41,0
38639,49,1
38639,50,1
38639,52,1
38639,53,1
38639,54,1
38639,56,1
38639,57,1
38639,59,1
38639,60,1
38639,61,1
38639,63,1
38639,64,1
38639,65,1
38639,66,1
38639,67,1
38639,72,1
38639,73,1
38639,74,1
38639,82,1
38639,83,1
38639,84,1
38639,86,1
38639,87,1
38639,88,1
38639,90,1
38639,91,1
38639,92,1
38639,93,1
38639,147,0
38639,148,1
38639,149,0
38639,150,0
38639,152,0
38639,153,0
38639,154,0
38639,155,0
38639,157,0
38639,159,0
38639,160,0
38639,164,0
38639,170,1
38639,171,1
38639,172,0
38639,173,0
38639,174,1
38639,175,0
38639,176,0
38639,177,0
38639,178,0
38639,181,0
38639,182,0
38639,183,0
38639,184,0
38639,194,1
38639,196,1
38639,197,0
38639,198,0
38639,200,0
38639,201,1
38639,202,0
38639,203,0
38640,1,1
38640,5,1
38640,6,1
38640,7,1
38640,147,1
38640,148,0
38640,149,0
38640,150,0
38640,194,0
38640,196,0
38640,197,0
38640,198,0
38640,200,0
38640,201,1
38640,202,0
38640,203,0
38641,1,1
38641,2,0
38641,3,1
38641,5,1
38641,6,1
38641,7,1
38641,9,0
38641,10,1
38641,11,0
38641,12,0
38641,29,0
38641,30,0
38641,31,0
38641,32,0
38641,33,0
38641,34,0
38641,35,1
38641,36,1
38641,37,0
38641,39,0
38641,40,0
38641,41,0
38641,49,1
38641,50,1
38641,52,1
38641,53,1
38641,54,1
38641,56,1
38641,57,1
38641,59,1
38641,60,1
38641,61,1
38641,63,1
38641,64,1
38641,65,1
38641,66,1
38641,67,1
38641,72,1
38641,73,1
38641,74,1
38641,82,1
38641,83,1
38641,84,1
38641,86,1
38641,87,1
38641,88,1
38641,90,1
38641,91,1
38641,92,1
38641,93,1
38641,147,0
38641,148,0
38641,149,1
38641,150,0
38641,152,1
38641,153,1
38641,154,1
38641,155,0
38641,157,1
38641,159,0
38641,160,0
38641,164,0
38641,170,0
38641,171,0
38641,172,0
38641,173,0
38641,174,0
38641,175,0
38641,176,0
38641,177,0
38641,178,0
38641,181,0
38641,182,0
38641,183,0
38641,184,0
38641,194,0
38641,196,0
38641,197,0
38641,198,0
38641,200,0
38641,201,0
38641,202,1
38641,203,0
38645,1,1
38645,2,0
38645,3,1
38645,5,1
38645,6,1
38645,7,1
38645,29,1
38645,30,0
38645,31,1
38645,32,0
38645,33,0
38645,34,0
38645,35,0
38645,36,0
38645,37,0
38645,39,0
38645,40,0
38645,41,0
38645,49,1
38645,50,1
38645,52,1
38645,53,1
38645,54,1
38645,56,1
38645,57,1
38645,59,1
38645,60,1
38645,61,1
38645,63,1
38645,64,1
38645,65,1
38645,66,1
38645,67,1
38645,72,1
38645,73,1
38645,74,1
38645,82,1
38645,83,1
38645,84,1
38645,86,1
38645,87,1
38645,88,1
38645,90,1
38645,91,1
38645,92,1
38645,93,1
38645,147,1
38645,148,0
38645,149,0
38645,150,0
38645,194,0
38645,196,0
38645,197,0
38645,198,0
38645,200,0
38645,201,1
38645,202,0
38645,203,0
38654,1,1
38654,2,0
38654,3,1
38654,5,1
38654,6,1
38654,7,1
38654,49,0
38654,50,0
38654,52,1
38654,53,1
38654,54,1
38654,56,1
38654,57,1
38654,59,1
38654,60,1
38654,61,1
38654,63,1
38654,64,1
38654,65,1
38654,66,1
38654,67,1
38654,72,1
38654,73,1
38654,74,1
38654,82,1
38654,83,1
38654,84,1
38654,86,1
38654,87,1
38654,88,1
38654,90,1
38654,91,1
38654,92,1
38654,93,1
38654,147,1
38654,148,0
38654,149,0
38654,150,0
38654,194,0
38654,196,0
38654,197,0
38654,198,0
38654,200,0
38654,201,1
38654,202,0
38654,203,0
38656,1,1
38656,2,0
38656,3,1
38656,5,1
38656,6,1
38656,7,1
38656,29,0
38656,30,0
38656,31,0
38656,32,0
38656,33,0
38656,34,0
38656,35,1
38656,36,1
38656,37,0
38656,39,0
38656,40,0
38656,41,0
38656,49,1
38656,50,1
38656,52,1
38656,53,1
38656,54,1
38656,56,1
38656,57,1
38656,59,1
38656,60,1
38656,61,1
38656,63,1
38656,64,1
38656,65,1
38656,66,1
38656,67,1
38656,72,1
38656,73,1
38656,74,1
38656,82,1
38656,83,1
38656,84,1
38656,86,1
38656,87,1
38656,88,1
38656,90,1
38656,91,1
38656,92,1
38656,93,1
38656,147,1
38656,148,0
38656,149,0
38656,150,0
38656,194,1
38656,196,1
38656,197,0
38656,198,0
38656,200,0
38656,201,1
38656,202,0
38656,203,0
38657,1,1
38657,2,0
38657,3,1
38657,5,1
38657,6,1
38657,7,1
38657,9,1
38657,10,0
38657,11,0
38657,12,0
38657,29,1
38657,30,0
38657,31,1
38657,32,0
38657,33,0
38657,34,0
38657,35,0
38657,36,0
38657,37,0
38657,39,0
38657,40,0
38657,41,0
38657,49,1
38657,50,1
38657,52,1
38657,53,1
38657,54,1
38657,56,1
38657,57,1
38657,59,1
38657,60,1
38657,61,1
38657,63,1
38657,64,1
38657,65,1
38657,66,1
38657,67,1
38657,72,1
38657,73,1
38657,74,1
38657,82,1
38657,83,1
38657,84,1
38657,86,1
38657,87,1
38657,88,1
38657,90,1
38657,91,1
38657,92,1
38657,93,1
38657,147,0
38657,148,1
38657,149,0
38657,150,0
38657,152,0
38657,153,0
38657,154,0
38657,155,0
38657,157,0
38657,159,0
38657,160,0
38657,164,0
38657,170,1
38657,171,1
38657,172,0
38657,173,0
38657,174,0
38657,175,1
38657,176,0
38657,177,0
38657,178,0
38657,181,0
38657,182,0
38657,183,0
38657,184,0
38657,194,1
38657,196,0
38657,197,0
38657,198,0
38657,200,0
38657,201,1
38657,202,0
38657,203,1
38658,1,1
38658,2,0
38658,3,1
38658,5,1
38658,6,1
38658,7,1
38658,49,1
38658,50,1
38658,52,1
38658,53,1
38658,54,1
38658,56,1
38658,57,1
38658,59,1
38658,60,1
38658,61,1
38658,63,1
38658,64,1
38658,65,1
38658,66,1
38658,67,1
38658,72,1
38658,73,1
38658,74,1
38658,82,1
38658,83,1
38658,84,1
38658,86,1
38658,87,1
38658,88,1
38658,90,1
38658,91,1
38658,92,1
38658,93,1
38658,147,1
38658,148,0
38658,149,0
38658,150,0
38658,194,0
38658,196,0
38658,197,0
38658,198,0
38658,200,0
38658,201,1
38658,202,1
38658,203,0
38660,1,1
38660,2,0
38660,3,1
38660,5,1
38660,6,1
38660,7,1
38660,147,1
38660,148,0
38660,149,0
38660,150,0
38660,194,0
38660,196,0
38660,197,0
38660,198,0
38660,200,0
38660,201,0
38660,202,0
38660,203,0
38668,1,1
38668,2,0
38668,3,1
38668,5,1
38668,6,1
38668,7,1
38668,49,1
38668,50,1
38668,52,1
38668,53,1
38668,54,1
38668,56,1
38668,57,1
38668,59,1
38668,60,1
38668,61,1
38668,63,1
38668,64,1
38668,65,1
38668,66,1
38668,67,1
38668,72,1
38668,73,1
38668,74,1
38668,82,1
38668,83,1
38668,84,1
38668,86,1
38668,87,1
38668,88,1
38668,90,1
38668,91,1
38668,92,1
38668,93,1
38668,147,1
38668,148,0
38668,149,0
38668,150,0
38668,194,0
38668,196,0
38668,197,0
38668,198,0
38668,200,0
38668,201,0
38668,202,0
38668,203,0
38669,1,1
38669,2,0
38669,3,1
38669,5,1
38669,6,1
38669,7,1
38669,49,1
38669,50,1
38669,52,1
38669,53,1
38669,54,1
38669,56,1
38669,57,1
38669,59,1
38669,60,1
38669,61,1
38669,63,1
38669,64,1
38669,65,1
38669,66,1
38669,67,1
38669,72,1
38669,73,1
38669,74,1
38669,82,1
38669,83,1
38669,84,1
38669,86,1
38669,87,1
38669,88,1
38669,90,1
38669,91,1
38669,92,1
38669,93,1
38669,147,1
38669,148,0
38669,149,0
38669,150,0
38669,194,0
38669,196,0
38669,197,0
38669,198,0
38669,200,0
38669,201,1
38669,202,0
38669,203,0
38670,1,1
38670,2,0
38670,3,1
38670,5,1
38670,6,1
38670,7,1
38670,29,1
38670,30,1
38670,31,0
38670,32,0
38670,33,0
38670,34,0
38670,35,0
38670,36,0
38670,37,0
38670,39,0
38670,40,0
38670,41,0
38670,72,1
38670,73,1
38670,74,1
38670,82,1
38670,83,1
38670,84,1
38670,90,1
38670,91,1
38670,92,1
38670,93,1
38670,147,1
38670,148,0
38670,149,0
38670,150,0
38670,194,0
38670,196,0
38670,197,0
38670,198,0
38670,200,0
38670,201,0
38670,202,0
38670,203,0
38673,1,1
38673,2,0
38673,3,1
38673,5,1
38673,6,1
38673,7,1
38673,29,1
38673,32,0
38673,33,0
38673,34,0
38673,35,0
38673,36,0
38673,37,0
38673,39,0
38673,40,0
38673,41,0
38673,49,1
38673,50,1
38673,52,1
38673,53,1
38673,54,1
38673,56,1
38673,57,1
38673,59,1
38673,60,1
38673,61,1
38673,63,0
38673,64,0
38673,65,1
38673,66,1
38673,67,1
38673,72,1
38673,73,1
38673,74,1
38673,82,1
38673,83,1
38673,84,1
38673,86,1
38673,87,1
38673,88,1
38673,90,1
38673,91,1
38673,92,1
38673,93,1
38673,147,1
38673,148,0
38673,149,0
38673,150,0
38673,194,0
38673,196,0
38673,197,0
38673,198,0
38673,200,0
38673,201,1
38673,202,0
38673,203,0
38947,1,1
38947,2,1
38947,3,0
38947,5,1
38947,6,1
38947,7,1
38947,9,0
38947,10,0
38947,11,0
38947,12,1
38947,29,1
38947,32,0
38947,33,0
38947,34,0
38947,35,0
38947,36,0
38947,37,0
38947,39,0
38947,40,0
38947,41,0
38947,49,1
38947,50,1
38947,52,1
38947,53,1
38947,54,1
38947,56,1
38947,57,1
38947,59,1
38947,60,1
38947,61,1
38947,63,1
38947,64,1
38947,65,1
38947,66,1
38947,67,1
38947,72,0
38947,73,0
38947,74,1
38947,82,1
38947,83,1
38947,84,1
38947,86,1
38947,87,1
38947,88,1
38947,90,1
38947,91,1
38947,92,1
38947,93,1
38947,147,1
38947,148,0
38947,149,0
38947,150,0
38947,194,0
38947,196,0
38947,197,0
38947,198,0
38947,200,0
38947,201,1
38947,202,0
38947,203,0
38948,1,1
38948,2,0
38948,3,1
38948,5,1
38948,6,1
38948,7,1
38948,9,0
38948,10,1
38948,11,0
38948,12,0
38948,29,0
38948,30,0
38948,31,0
38948,32,0
38948,33,0
38948,34,0
38948,35,1
38948,36,1
38948,37,0
38948,39,0
38948,40,0
38948,41,0
38948,49,1
38948,50,1
38948,52,1
38948,53,1
38948,54,1
38948,56,1
38948,57,1
38948,59,1
38948,60,1
38948,61,1
38948,63,0
38948,64,1
38948,65,1
38948,66,1
38948,67,1
38948,72,1
38948,73,1
38948,74,1
38948,82,1
38948,83,1
38948,84,1
38948,86,1
38948,87,1
38948,88,1
38948,90,1
38948,91,1
38948,92,1
38948,93,1
38948,147,0
38948,148,0
38948,149,1
38948,150,0
38948,152,1
38948,153,1
38948,154,0
38948,155,1
38948,157,0
38948,159,0
38948,160,0
38948,164,0
38948,170,0
38948,171,0
38948,172,0
38948,173,0
38948,174,0
38948,175,0
38948,176,0
38948,177,0
38948,178,0
38948,181,0
38948,182,0
38948,183,0
38948,184,0
38948,194,0
38948,196,0
38948,197,0
38948,198,0
38948,200,0
38948,201,1
38948,202,0
38948,203,0
38949,1,1
38949,2,0
38949,3,1
38949,5,1
38949,6,1
38949,7,1
38949,9,1
38949,10,0
38949,11,0
38949,12,0
38949,29,0
38949,30,0
38949,31,0
38949,32,1
38949,33,1
38949,34,0
38949,35,0
38949,36,0
38949,37,0
38949,39,0
38949,40,0
38949,41,0
38949,72,1
38949,73,1
38949,74,1
38949,82,1
38949,83,1
38949,84,1
38949,86,1
38949,87,1
38949,88,1
38949,90,1
38949,91,1
38949,92,1
38949,93,1
38949,147,1
38949,148,0
38949,149,0
38949,150,0
38949,194,0
38949,196,0
38949,197,0
38949,198,0
38949,200,0
38949,201,1
38949,202,1
38949,203,0
38953,1,1
38953,2,0
38953,3,1
38953,5,1
38953,6,1
38953,7,1
38953,29,0
38953,30,0
38953,31,0
38953,32,0
38953,33,0
38953,34,0
38953,35,1
38953,36,1
38953,37,0
38953,39,0
38953,40,0
38953,41,0
38953,49,0
38953,50,1
38953,52,1
38953,53,1
38953,54,1
38953,56,1
38953,57,1
38953,59,1
38953,60,1
38953,61,1
38953,63,1
38953,64,1
38953,65,1
38953,66,1
38953,67,1
38953,72,1
38953,73,1
38953,74,1
38953,82,1
38953,83,1
38953,84,1
38953,86,1
38953,87,1
38953,88,1
38953,90,1
38953,91,1
38953,92,0
38953,93,0
38953,147,1
38953,148,0
38953,149,0
38953,150,0
38953,194,0
38953,196,0
38953,197,0
38953,198,0
38953,200,0
38953,201,0
38953,202,0
38953,203,0
38957,1,1
38957,2,0
38957,3,1
38957,5,1
38957,6,1
38957,7,1
38957,9,1
38957,10,0
38957,11,0
38957,12,0
38957,29,0
38957,30,0
38957,31,0
38957,32,0
38957,33,0
38957,34,0
38957,35,0
38957,36,0
38957,37,0
38957,39,1
38957,49,1
38957,50,1
38957,52,1
38957,53,1
38957,54,1
38957,56,1
38957,57,1
38957,59,1
38957,60,1
38957,61,1
38957,63,1
38957,64,1
38957,65,1
38957,66,1
38957,67,1
38957,72,1
38957,73,1
38957,74,1
38957,82,1
38957,83,1
38957,84,1
38957,86,1
38957,87,1
38957,88,1
38957,90,1
38957,91,1
38957,92,1
38957,93,1
38957,147,0
38957,148,1
38957,149,0
38957,150,0
38957,152,0
38957,153,0
38957,154,0
38957,155,0
38957,157,0
38957,159,0
38957,160,0
38957,164,0
38957,170,1
38957,171,0
38957,172,0
38957,173,0
38957,174,0
38957,175,0
38957,176,0
38957,177,1
38957,178,0
38957,181,0
38957,182,0
38957,183,0
38957,184,0
38957,194,0
38957,196,0
38957,197,0
38957,198,0
38957,200,0
38957,201,1
38957,202,0
38957,203,0
38960,1,1
38960,2,0
38960,3,1
38960,5,1
38960,6,1
38960,7,1
38960,29,1
38960,32,0
38960,33,0
38960,34,0
38960,35,0
38960,36,0
38960,37,0
38960,39,0
38960,40,0
38960,41,0
38960,49,1
38960,50,1
38960,52,1
38960,53,1
38960,54,1
38960,56,1
38960,57,1
38960,59,1
38960,60,1
38960,61,1
38960,63,1
38960,64,1
38960,65,1
38960,66,1
38960,67,1
38960,72,0
38960,73,1
38960,74,1
38960,82,1
38960,83,1
38960,84,0
38960,86,1
38960,87,1
38960,88,1
38960,90,1
38960,91,1
38960,92,1
38960,93,0
38960,147,1
38960,148,0
38960,149,0
38960,150,0
38960,194,0
38960,196,0
38960,197,0
38960,198,0
38960,200,0
38960,201,1
38960,202,1
38960,203,0
38961,1,1
38961,2,0
38961,3,1
38961,5,1
38961,6,1
38961,7,1
38961,29,0
38961,30,0
38961,31,0
38961,32,0
38961,33,0
38961,34,0
38961,35,0
38961,36,0
38961,37,0
38961,39,1
38961,49,1
38961,50,1
38961,52,1
38961,53,1
38961,54,1
38961,56,1
38961,57,1
38961,59,1
38961,60,1
38961,61,1
38961,63,1
38961,64,1
38961,65,1
38961,66,1
38961,67,1
38961,72,1
38961,73,1
38961,74,1
38961,82,1
38961,83,1
38961,84,1
38961,86,1
38961,87,1
38961,88,1
38961,90,1
38961,91,1
38961,92,1
38961,93,1
38961,147,1
38961,148,0
38961,149,0
38961,150,0
38961,194,0
38961,196,0
38961,197,0
38961,198,0
38961,200,0
38961,201,1
38961,202,0
38961,203,0
38962,1,1
38962,2,0
38962,3,1
38962,5,1
38962,6,1
38962,7,1
38962,49,1
38962,50,1
38962,52,1
38962,53,1
38962,54,1
38962,56,1
38962,57,1
38962,59,1
38962,60,1
38962,61,1
38962,63,1
38962,64,1
38962,65,1
38962,66,1
38962,67,1
38962,72,1
38962,73,1
38962,74,1
38962,82,1
38962,83,1
38962,84,1
38962,86,1
38962,87,1
38962,88,1
38962,90,1
38962,91,1
38962,92,1
38962,93,1
38962,147,1
38962,148,0
38962,149,0
38962,150,0
38962,194,0
38962,196,0
38962,197,0
38962,198,0
38962,200,0
38962,201,1
38962,202,0
38962,203,1
38965,1,1
38965,2,0
38965,3,1
38965,5,1
38965,6,1
38965,7,1
38965,49,1
38965,50,1
38965,52,1
38965,53,1
38965,54,1
38965,56,1
38965,57,1
38965,59,1
38965,60,1
38965,61,1
38965,63,1
38965,64,1
38965,65,1
38965,66,1
38965,67,1
38965,72,1
38965,73,1
38965,74,1
38965,82,1
38965,83,1
38965,84,1
38965,86,1
38965,87,1
38965,88,1
38965,90,1
38965,91,1
38965,92,1
38965,93,1
38965,147,1
38965,148,0
38965,149,0
38965,150,0
38965,194,0
38965,196,0
38965,197,0
38965,198,0
38965,200,0
38965,201,1
38965,202,0
38965,203,0
38966,1,1
38966,2,0
38966,3,1
38966,5,1
38966,6,1
38966,7,1
38966,49,0
38966,50,0
38966,52,0
38966,53,1
38966,54,1
38966,56,1
38966,57,1
38966,59,1
38966,60,1
38966,61,1
38966,63,1
38966,64,1
38966,65,1
38966,66,1
38966,67,1
38966,72,0
38966,73,1
38966,74,1
38966,82,1
38966,83,1
38966,84,1
38966,86,1
38966,87,1
38966,88,1
38966,90,1
38966,91,1
38966,92,1
38966,93,1
38966,147,1
38966,148,0
38966,149,0
38966,150,0
38966,194,0
38966,196,0
38966,197,0
38966,198,0
38966,200,0
38966,201,1
38966,202,0
38966,203,0
38967,1,1
38967,2,0
38967,3,1
38967,5,1
38967,6,1
38967,7,1
38967,29,1
38967,30,1
38967,31,0
38967,32,0
38967,33,0
38967,34,0
38967,35,0
38967,36,0
38967,37,0
38967,39,0
38967,40,0
38967,41,0
38967,49,1
38967,50,1
38967,52,1
38967,53,1
38967,54,1
38967,56,1
38967,57,1
38967,59,1
38967,60,1
38967,61,1
38967,63,1
38967,64,1
38967,65,1
38967,66,1
38967,67,1
38967,72,0
38967,73,1
38967,74,1
38967,82,1
38967,83,1
38967,84,1
38967,86,1
38967,87,1
38967,88,1
38967,90,1
38967,91,1
38967,92,1
38967,93,1
38967,147,1
38967,148,0
38967,149,0
38967,150,0
38967,194,0
38967,196,0
38967,197,0
38967,198,0
38967,200,0
38967,201,0
38967,202,0
38967,203,0
38968,1,1
38968,2,0
38968,3,1
38968,5,1
38968,6,1
38968,7,1
38968,56,1
38968,57,1
38968,59,1
38968,60,1
38968,61,1
38968,63,1
38968,64,1
38968,65,1
38968,66,1
38968,67,1
38968,72,1
38968,73,1
38968,74,1
38968,82,1
38968,83,1
38968,84,1
38968,86,1
38968,87,1
38968,88,1
38968,90,1
38968,91,1
38968,92,1
38968,93,1
38968,147,1
38968,148,0
38968,149,0
38968,150,0
38968,194,0
38968,196,0
38968,197,0
38968,198,0
38968,200,0
38968,201,0
38968,202,0
38968,203,0
38970,1,1
38970,2,0
38970,3,1
38970,5,1
38970,6,1
38970,7,1
38970,147,1
38970,148,0
38970,149,0
38970,150,0
38970,194,0
38970,196,0
38970,197,0
38970,198,0
38970,200,0
38970,201,0
38970,202,0
38970,203,0
38975,1,1
38975,2,0
38975,3,1
38975,5,1
38975,6,1
38975,7,1
38975,56,1
38975,57,1
38975,59,1
38975,60,1
38975,61,1
38975,63,1
38975,64,1
38975,65,1
38975,66,1
38975,67,1
38975,72,1
38975,73,1
38975,74,1
38975,82,1
38975,83,1
38975,84,1
38975,86,1
38975,87,1
38975,88,1
38975,90,1
38975,91,1
38975,92,1
38975,93,1
38975,147,1
38975,148,0
38975,149,0
38975,150,0
38975,194,0
38975,196,0
38975,197,0
38975,198,0
38975,200,0
38975,201,0
38975,202,0
38975,203,0
38980,1,1
38980,2,0
38980,3,1
38980,5,1
38980,6,1
38980,7,1
38980,49,0
38980,50,0
38980,52,1
38980,53,1
38980,54,1
38980,56,1
38980,57,1
38980,59,1
38980,60,1
38980,61,1
38980,63,1
38980,64,1
38980,65,1
38980,66,1
38980,67,1
38980,72,1
38980,73,1
38980,74,1
38980,82,1
38980,83,1
38980,84,1
38980,86,1
38980,87,1
38980,88,1
38980,90,1
38980,91,0
38980,92,0
38980,93,0
38980,147,1
38980,148,0
38980,149,0
38980,150,0
38980,194,1
38980,196,0
38980,197,0
38980,198,0
38980,200,0
38980,201,1
38980,202,0
38980,203,0
38982,1,1
38982,5,1
38982,6,1
38982,7,1
38982,49,1
38982,50,1
38982,52,1
38982,53,1
38982,54,1
38982,56,1
38982,57,1
38982,59,1
38982,60,1
38982,61,1
38982,63,1
38982,64,1
38982,65,1
38982,66,1
38982,67,1
38982,72,0
38982,73,1
38982,74,1
38982,82,1
38982,83,1
38982,84,1
38982,86,1
38982,87,1
38982,88,1
38982,90,1
38982,91,1
38982,92,1
38982,93,1
38982,147,1
38982,148,0
38982,149,0
38982,150,0
38982,194,0
38982,196,0
38982,197,0
38982,198,0
38982,200,0
38982,201,0
38982,202,0
38982,203,0
38985,1,1
38985,2,0
38985,3,1
38985,5,1
38985,6,1
38985,7,1
38985,72,0
38985,73,1
38985,74,1
38985,82,1
38985,83,1
38985,84,1
38985,86,1
38985,87,1
38985,88,1
38985,90,1
38985,91,1
38985,92,1
38985,93,1
38985,147,1
38985,148,0
38985,149,0
38985,150,0
38985,194,0
38985,196,0
38985,197,0
38985,198,0
38985,200,0
38985,201,1
38985,202,0
38985,203,0
38987,1,1
38987,2,0
38987,3,1
38987,5,1
38987,6,1
38987,7,1
38987,49,1
38987,50,1
38987,52,1
38987,53,1
38987,54,1
38987,56,1
38987,57,1
38987,59,1
38987,60,1
38987,61,1
38987,63,1
38987,64,1
38987,65,1
38987,66,1
38987,67,1
38987,72,1
38987,73,1
38987,74,1
38987,82,1
38987,83,1
38987,84,1
38987,86,1
38987,87,1
38987,88,1
38987,90,1
38987,91,1
38987,92,1
38987,93,1
38987,147,1
38987,148,0
38987,149,0
38987,150,0
38987,194,0
38987,196,0
38987,197,0
38987,198,0
38987,200,0
38987,201,1
38987,202,0
38987,203,0
38990,1,1
38990,2,0
38990,3,1
38990,5,1
38990,6,1
38990,7,1
38990,72,1
38990,73,1
38990,74,1
38990,82,1
38990,83,1
38990,84,1
38990,86,1
38990,87,1
38990,88,1
38990,90,1
38990,91,1
38990,92,1
38990,93,1
38990,147,1
38990,148,0
38990,149,0
38990,150,0
38990,194,0
38990,196,0
38990,197,0
38990,198,0
38990,200,0
38990,201,1
38990,202,0
38990,203,0
38999,1,1
38999,2,0
38999,3,1
38999,5,1
38999,6,1
38999,7,1
38999,9,0
38999,10,0
38999,11,0
38999,12,1
38999,29,0
38999,30,0
38999,31,0
38999,32,0
38999,33,0
38999,34,0
38999,35,0
38999,36,0
38999,37,0
38999,39,1
38999,49,1
38999,50,1
38999,52,1
38999,53,1
38999,54,1
38999,56,1
38999,57,1
38999,59,1
38999,60,1
38999,61,1
38999,63,1
38999,64,1
38999,65,1
38999,66,1
38999,67,1
38999,72,1
38999,73,1
38999,74,1
38999,82,1
38999,83,1
38999,84,1
38999,86,1
38999,87,1
38999,88,1
38999,90,1
38999,91,1
38999,92,0
38999,93,0
38999,147,1
38999,148,0
38999,149,0
38999,150,0
38999,194,0
38999,196,0
38999,197,0
38999,198,0
38999,200,0
38999,201,1
38999,202,0
38999,203,0
39004,1,1
39004,2,0
39004,3,1
39004,5,1
39004,6,1
39004,7,1
39004,29,1
39004,30,1
39004,31,0
39004,32,0
39004,33,0
39004,34,0
39004,35,0
39004,36,0
39004,37,0
39004,39,0
39004,40,0
39004,41,0
39004,49,1
39004,50,1
39004,52,1
39004,53,1
39004,54,1
39004,56,1
39004,57,1
39004,59,1
39004,60,1
39004,61,1
39004,63,1
39004,64,1
39004,65,1
39004,66,1
39004,67,1
39004,72,0
39004,73,0
39004,74,1
39004,82,1
39004,83,1
39004,84,1
39004,86,1
39004,87,1
39004,88,1
39004,90,1
39004,91,1
39004,92,1
39004,93,1
39004,147,1
39004,148,0
39004,149,0
39004,150,0
39004,194,0
39004,196,0
39004,197,0
39004,198,0
39004,200,0
39004,201,0
39004,202,0
39004,203,0
39008,1,1
39008,2,0
39008,3,1
39008,5,1
39008,6,1
39008,7,1
39008,49,1
39008,50,1
39008,52,1
39008,53,1
39008,54,1
39008,56,1
39008,57,1
39008,59,1
39008,60,1
39008,61,1
39008,63,1
39008,64,1
39008,65,1
39008,66,1
39008,67,1
39008,72,0
39008,73,1
39008,74,1
39008,76,1
39008,77,1
39008,78,1
39008,79,1
39008,80,1
39008,82,1
39008,83,1
39008,84,1
39008,86,1
39008,87,1
39008,88,1
39008,90,1
39008,91,1
39008,92,1
39008,93,1
39008,147,1
39008,148,0
39008,149,0
39008,150,0
39008,194,0
39008,196,0
39008,197,0
39008,198,0
39008,200,0
39008,201,1
39008,202,0
39008,203,1
39016,1,1
39016,2,0
39016,3,1
39016,5,1
39016,6,1
39016,7,1
39016,49,1
39016,50,1
39016,52,1
39016,53,1
39016,54,1
39016,56,1
39016,57,1
39016,59,1
39016,60,1
39016,61,1
39016,63,1
39016,64,1
39016,65,1
39016,66,1
39016,67,1
39016,72,1
39016,73,1
39016,74,1
39016,82,1
39016,83,1
39016,84,1
39016,86,1
39016,87,1
39016,88,1
39016,90,1
39016,91,1
39016,92,1
39016,93,0
39016,147,1
39016,148,0
39016,149,0
39016,150,0
39016,194,0
39016,196,0
39016,197,0
39016,198,0
39016,200,0
39016,201,1
39016,202,1
39016,203,0
39017,1,1
39017,2,0
39017,3,1
39017,5,1
39017,6,1
39017,7,1
39017,9,0
39017,10,1
39017,11,0
39017,12,0
39017,29,1
39017,32,0
39017,33,0
39017,34,0
39017,35,0
39017,36,0
39017,37,0
39017,39,0
39017,40,0
39017,41,0
39017,49,1
39017,50,1
39017,52,1
39017,53,1
39017,54,1
39017,56,1
39017,57,1
39017,59,1
39017,60,1
39017,61,1
39017,63,1
39017,64,1
39017,65,1
39017,66,1
39017,67,1
39017,72,1
39017,73,1
39017,74,1
39017,82,1
39017,83,1
39017,84,1
39017,86,1
39017,87,1
39017,88,1
39017,90,1
39017,91,1
39017,92,1
39017,93,1
39017,147,1
39017,148,0
39017,149,0
39017,150,0
39017,194,0
39017,196,0
39017,197,0
39017,198,0
39017,200,0
39017,201,0
39017,202,0
39017,203,0
39019,1,1
39019,2,0
39019,3,1
39019,5,1
39019,6,1
39019,7,1
39019,49,1
39019,50,1
39019,52,1
39019,53,1
39019,54,1
39019,56,1
39019,57,1
39019,59,1
39019,60,1
39019,61,1
39019,63,1
39019,64,1
39019,65,1
39019,66,1
39019,67,1
39019,72,1
39019,73,1
39019,74,1
39019,82,1
39019,83,1
39019,84,1
39019,86,1
39019,87,1
39019,88,1
39019,90,1
39019,91,1
39019,92,1
39019,93,1
39019,147,1
39019,148,0
39019,149,0
39019,150,0
39019,194,0
39019,196,0
39019,197,0
39019,198,0
39019,200,0
39019,201,1
39019,202,0
39019,203,0
39020,1,1
39020,2,0
39020,3,1
39020,5,1
39020,6,1
39020,7,1
39020,29,1
39020,32,0
39020,33,0
39020,34,0
39020,35,0
39020,36,0
39020,37,0
39020,39,0
39020,40,0
39020,41,0
39020,49,1
39020,50,1
39020,52,1
39020,53,1
39020,54,1
39020,56,1
39020,57,1
39020,59,1
39020,60,1
39020,61,1
39020,63,1
39020,64,1
39020,65,1
39020,66,1
39020,67,1
39020,72,1
39020,73,1
39020,74,1
39020,82,1
39020,83,1
39020,84,1
39020,86,1
39020,87,1
39020,88,1
39020,90,1
39020,91,1
39020,92,1
39020,93,1
39020,147,1
39020,148,0
39020,149,0
39020,150,0
39020,194,0
39020,196,0
39020,197,0
39020,198,0
39020,200,0
39020,201,1
39020,202,1
39020,203,0
39021,1,1
39021,2,0
39021,3,1
39021,5,1
39021,6,1
39021,7,1
39021,72,1
39021,73,1
39021,74,1
39021,82,1
39021,83,1
39021,84,1
39021,86,1
39021,87,1
39021,88,1
39021,90,1
39021,91,1
39021,92,1
39021,93,1
39021,147,1
39021,148,0
39021,149,0
39021,150,0
39021,194,0
39021,196,0
39021,197,0
39021,198,0
39021,200,0
39021,201,0
39021,202,0
39021,203,0
39029,1,1
39029,2,0
39029,3,1
39029,5,1
39029,6,1
39029,7,1
39029,49,1
39029,50,1
39029,52,1
39029,53,1
39029,54,1
39029,56,1
39029,57,1
39029,59,1
39029,60,1
39029,61,1
39029,63,1
39029,64,1
39029,65,1
39029,66,1
39029,67,1
39029,72,1
39029,73,1
39029,74,1
39029,82,1
39029,83,1
39029,84,1
39029,86,1
39029,87,1
39029,88,1
39029,90,1
39029,91,1
39029,92,1
39029,93,1
39029,147,1
39029,148,0
39029,149,0
39029,150,0
39029,194,0
39029,196,0
39029,197,0
39029,198,0
39029,200,0
39029,201,0
39029,202,0
39029,203,0
39035,1,1
39035,2,1
39035,3,0
39035,5,1
39035,6,1
39035,7,1
39035,9,1
39035,10,0
39035,11,0
39035,12,0
39035,29,0
39035,30,0
39035,31,0
39035,32,0
39035,33,0
39035,34,0
39035,35,1
39035,36,0
39035,37,1
39035,39,0
39035,40,0
39035,41,0
39035,49,1
39035,50,1
39035,52,1
39035,53,1
39035,54,1
39035,56,1
39035,57,1
39035,59,1
39035,60,1
39035,61,1
39035,63,1
39035,64,1
39035,65,1
39035,66,1
39035,67,1
39035,72,1
39035,73,1
39035,74,1
39035,76,1
39035,77,1
39035,78,1
39035,79,1
39035,80,1
39035,82,1
39035,83,1
39035,84,1
39035,86,1
39035,87,1
39035,88,1
39035,90,1
39035,91,1
39035,92,1
39035,93,1
39035,147,0
39035,148,0
39035,149,1
39035,150,0
39035,152,1
39035,153,1
39035,154,1
39035,155,0
39035,157,1
39035,159,0
39035,160,0
39035,164,0
39035,170,0
39035,171,0
39035,172,0
39035,173,0
39035,174,0
39035,175,0
39035,176,0
39035,177,0
39035,178,0
39035,181,0
39035,182,0
39035,183,0
39035,184,0
39035,194,0
39035,196,0
39035,197,0
39035,198,0
39035,200,0
39035,201,1
39035,202,0
39035,203,0
39296,1,1
39296,2,0
39296,3,1
39296,5,1
39296,6,1
39296,7,1
39296,9,1
39296,10,0
39296,11,0
39296,12,0
39296,49,1
39296,50,1
39296,52,1
39296,53,1
39296,54,1
39296,56,1
39296,57,1
39296,59,1
39296,60,1
39296,61,1
39296,63,1
39296,64,1
39296,65,1
39296,66,1
39296,67,1
39296,72,1
39296,73,1
39296,74,1
39296,82,1
39296,83,1
39296,84,1
39296,86,1
39296,87,1
39296,88,1
39296,90,1
39296,91,1
39296,92,1
39296,93,1
39296,147,1
39296,148,0
39296,149,0
39296,150,0
39296,194,0
39296,196,0
39296,197,0
39296,198,0
39296,200,0
39296,201,1
39296,202,0
39296,203,0
39302,1,1
39302,2,0
39302,3,1
39302,5,1
39302,6,1
39302,7,1
39302,72,1
39302,73,1
39302,74,1
39302,82,1
39302,83,1
39302,84,1
39302,90,1
39302,91,1
39302,92,1
39302,93,1
39302,147,1
39302,148,0
39302,149,0
39302,150,0
39302,194,0
39302,196,0
39302,197,0
39302,198,0
39302,200,0
39302,201,1
39302,202,0
39302,203,0
39310,1,1
39310,2,0
39310,3,1
39310,5,1
39310,6,1
39310,7,1
39310,9,0
39310,10,0
39310,11,0
39310,12,1
39310,49,1
39310,50,1
39310,52,1
39310,53,1
39310,54,1
39310,56,1
39310,57,1
39310,59,1
39310,60,1
39310,61,1
39310,63,1
39310,64,1
39310,65,1
39310,66,1
39310,67,1
39310,72,1
39310,73,1
39310,74,1
39310,82,1
39310,83,1
39310,84,1
39310,86,1
39310,87,1
39310,88,1
39310,90,1
39310,91,0
39310,92,0
39310,93,0
39310,147,0
39310,148,1
39310,149,0
39310,150,0
39310,152,1
39310,153,1
39310,154,0
39310,155,1
39310,157,0
39310,159,0
39310,160,0
39310,164,0
39310,170,0
39310,171,0
39310,172,0
39310,173,0
39310,174,0
39310,175,0
39310,176,0
39310,177,0
39310,178,0
39310,181,0
39310,182,0
39310,183,0
39310,184,0
39310,194,1
39310,196,1
39310,197,0
39310,198,0
39310,200,0
39310,201,1
39310,202,1
39310,203,1
39312,1,1
39312,2,0
39312,3,1
39312,5,1
39312,6,1
39312,7,1
39312,9,0
39312,10,1
39312,11,0
39312,12,0
39312,49,1
39312,50,1
39312,52,1
39312,53,1
39312,54,1
39312,56,1
39312,57,1
39312,59,1
39312,60,1
39312,61,1
39312,63,1
39312,64,1
39312,65,1
39312,66,1
39312,67,1
39312,72,1
39312,73,1
39312,74,1
39312,82,1
39312,83,1
39312,84,1
39312,86,1
39312,87,1
39312,88,0
39312,90,1
39312,91,1
39312,92,1
39312,93,1
39312,147,0
39312,148,1
39312,149,0
39312,150,0
39312,152,1
39312,153,1
39312,154,0
39312,155,1
39312,157,0
39312,159,0
39312,160,0
39312,164,0
39312,170,1
39312,171,0
39312,172,0
39312,173,0
39312,174,0
39312,175,0
39312,176,0
39312,177,0
39312,178,0
39312,181,0
39312,182,0
39312,183,0
39312,184,0
39312,194,1
39312,196,0
39312,197,0
39312,198,0
39312,200,0
39312,201,1
39312,202,0
39312,203,0
39314,1,1
39314,2,0
39314,3,1
39314,5,1
39314,6,1
39314,7,1
39314,9,0
39314,10,1
39314,11,0
39314,12,0
39314,29,0
39314,30,0
39314,31,0
39314,32,0
39314,33,0
39314,34,0
39314,35,0
39314,36,0
39314,37,0
39314,39,1
39314,49,1
39314,50,1
39314,52,1
39314,53,1
39314,54,1
39314,56,1
39314,57,1
39314,59,1
39314,60,1
39314,61,1
39314,63,1
39314,64,1
39314,65,1
39314,66,1
39314,67,1
39314,72,1
39314,73,1
39314,74,1
39314,82,1
39314,83,1
39314,84,1
39314,86,1
39314,87,1
39314,88,1
39314,90,1
39314,91,1
39314,92,1
39314,93,1
39314,147,0
39314,148,1
39314,149,0
39314,150,0
39314,152,1
39314,153,1
39314,154,0
39314,155,1
39314,157,0
39314,159,0
39314,160,0
39314,164,0
39314,170,0
39314,171,0
39314,172,0
39314,173,0
39314,174,0
39314,175,0
39314,176,0
39314,177,0
39314,178,0
39314,181,0
39314,182,0
39314,183,0
39314,184,0
39314,194,0
39314,196,0
39314,197,0
39314,198,0
39314,200,0
39314,201,1
39314,202,0
39314,203,0
39325,1,1
39325,2,0
39325,3,1
39325,5,1
39325,6,1
39325,7,1
39325,56,1
39325,57,1
39325,59,1
39325,60,1
39325,61,1
39325,63,1
39325,64,1
39325,65,1
39325,66,1
39325,67,1
39325,72,1
39325,73,1
39325,74,1
39325,82,1
39325,83,1
39325,84,1
39325,86,1
39325,87,1
39325,88,1
39325,90,1
39325,91,1
39325,92,1
39325,93,1
39325,147,1
39325,148,0
39325,149,0
39325,150,0
39325,194,0
39325,196,0
39325,197,0
39325,198,0
39325,200,0
39325,201,0
39325,202,0
39325,203,0
39326,1,1
39326,2,0
39326,3,1
39326,5,1
39326,6,1
39326,7,1
39326,49,1
39326,50,1
39326,52,1
39326,53,1
39326,54,1
39326,56,1
39326,57,1
39326,59,1
39326,60,1
39326,61,1
39326,63,1
39326,64,1
39326,65,1
39326,66,1
39326,67,1
39326,72,0
39326,73,1
39326,74,1
39326,82,1
39326,83,1
39326,84,1
39326,86,1
39326,87,1
39326,88,1
39326,90,1
39326,91,1
39326,92,1
39326,93,1
39326,147,1
39326,148,0
39326,149,0
39326,150,0
39326,194,0
39326,196,0
39326,197,0
39326,198,0
39326,200,0
39326,201,0
39326,202,0
39326,203,0
39327,1,1
39327,2,0
39327,3,1
39327,5,1
39327,6,1
39327,7,1
39327,49,1
39327,50,1
39327,52,1
39327,53,1
39327,54,1
39327,56,1
39327,57,1
39327,59,1
39327,60,1
39327,61,1
39327,63,1
39327,64,1
39327,65,1
39327,66,1
39327,67,1
39327,72,1
39327,73,1
39327,74,1
39327,82,1
39327,83,1
39327,84,1
39327,86,1
39327,87,1
39327,88,1
39327,90,1
39327,91,0
39327,92,0
39327,93,0
39327,147,1
39327,148,0
39327,149,0
39327,150,0
39327,194,0
39327,196,0
39327,197,0
39327,198,0
39327,200,0
39327,201,1
39327,202,0
39327,203,1
39328,1,1
39328,2,0
39328,3,1
39328,5,1
39328,6,1
39328,7,1
39328,29,1
39328,30,0
39328,31,1
39328,32,0
39328,33,0
39328,34,0
39328,35,0
39328,36,0
39328,37,0
39328,39,0
39328,40,0
39328,41,0
39328,49,1
39328,50,1
39328,52,1
39328,53,1
39328,54,1
39328,56,1
39328,57,1
39328,59,1
39328,60,1
39328,61,1
39328,63,1
39328,64,1
39328,65,1
39328,66,1
39328,67,1
39328,72,0
39328,73,1
39328,74,1
39328,82,1
39328,83,1
39328,84,1
39328,86,1
39328,87,1
39328,88,1
39328,90,1
39328,91,1
39328,92,1
39328,93,1
39328,147,1
39328,148,0
39328,149,0
39328,150,0
39328,194,0
39328,196,0
39328,197,0
39328,198,0
39328,200,0
39328,201,0
39328,202,1
39328,203,0
39331,1,1
39331,2,1
39331,3,0
39331,5,1
39331,6,1
39331,7,1
39331,56,1
39331,57,1
39331,59,1
39331,60,1
39331,61,1
39331,63,1
39331,64,1
39331,65,1
39331,66,1
39331,67,1
39331,72,1
39331,73,1
39331,74,1
39331,82,1
39331,83,1
39331,84,1
39331,90,1
39331,91,1
39331,92,1
39331,93,0
39331,147,1
39331,148,0
39331,149,0
39331,150,0
39331,194,0
39331,196,0
39331,197,0
39331,198,0
39331,200,0
39331,201,0
39331,202,0
39331,203,0
39332,1,1
39332,2,0
39332,3,1
39332,5,1
39332,6,1
39332,7,1
39332,29,1
39332,30,1
39332,31,0
39332,32,0
39332,33,0
39332,34,0
39332,35,0
39332,36,0
39332,37,0
39332,39,0
39332,40,0
39332,41,0
39332,72,1
39332,73,1
39332,74,1
39332,82,1
39332,83,1
39332,84,1
39332,90,1
39332,91,1
39332,92,1
39332,93,1
39332,147,1
39332,148,0
39332,149,0
39332,150,0
39332,194,0
39332,196,0
39332,197,0
39332,198,0
39332,200,0
39332,201,1
39332,202,0
39332,203,0
39333,1,1
39333,2,0
39333,3,1
39333,5,1
39333,6,1
39333,7,1
39333,29,1
39333,30,1
39333,31,0
39333,32,0
39333,33,0
39333,34,0
39333,35,0
39333,36,0
39333,37,0
39333,39,0
39333,40,0
39333,41,0
39333,147,1
39333,148,0
39333,149,0
39333,150,0
39333,194,0
39333,196,0
39333,197,0
39333,198,0
39333,200,0
39333,201,0
39333,202,0
39333,203,0
39334,1,1
39334,2,1
39334,3,0
39334,5,1
39334,6,1
39334,7,1
39334,49,1
39334,50,1
39334,52,1
39334,53,1
39334,54,1
39334,56,1
39334,57,1
39334,59,1
39334,60,1
39334,61,1
39334,63,1
39334,64,1
39334,65,1
39334,66,1
39334,67,1
39334,72,1
39334,73,1
39334,74,1
39334,82,1
39334,83,1
39334,84,1
39334,86,1
39334,87,1
39334,88,1
39334,90,1
39334,91,1
39334,92,1
39334,93,1
39334,147,1
39334,148,0
39334,149,0
39334,150,0
39334,194,0
39334,196,0
39334,197,0
39334,198,0
39334,200,0
39334,201,1
39334,202,0
39334,203,0
39339,1,1
39339,2,0
39339,3,1
39339,5,1
39339,6,1
39339,7,1
39339,9,0
39339,10,1
39339,11,0
39339,12,0
39339,29,0
39339,30,0
39339,31,0
39339,32,0
39339,33,0
39339,34,0
39339,35,0
39339,36,0
39339,37,0
39339,39,1
39339,49,1
39339,50,1
39339,52,1
39339,53,1
39339,54,1
39339,56,1
39339,57,1
39339,59,1
39339,60,1
39339,61,1
39339,63,1
39339,64,1
39339,65,1
39339,66,1
39339,67,1
39339,72,1
39339,73,1
39339,74,1
39339,82,1
39339,83,1
39339,84,1
39339,86,1
39339,87,1
39339,88,1
39339,90,1
39339,91,1
39339,92,1
39339,93,1
39339,147,0
39339,148,0
39339,149,1
39339,150,0
39339,152,0
39339,153,0
39339,154,0
39339,155,0
39339,157,0
39339,159,0
39339,160,0
39339,164,0
39339,170,1
39339,171,1
39339,172,0
39339,173,1
39339,174,0
39339,175,1
39339,176,0
39339,177,0
39339,178,0
39339,181,0
39339,182,0
39339,183,0
39339,184,0
39339,194,0
39339,196,0
39339,197,0
39339,198,0
39339,200,0
39339,201,1
39339,202,0
39339,203,0
39341,1,1
39341,2,0
39341,3,1
39341,5,1
39341,6,1
39341,7,1
39341,72,1
39341,73,1
39341,74,1
39341,82,1
39341,83,1
39341,84,1
39341,90,1
39341,91,1
39341,92,1
39341,93,1
39341,147,1
39341,148,0
39341,149,0
39341,150,0
39341,194,0
39341,196,0
39341,197,0
39341,198,0
39341,200,0
39341,201,1
39341,202,0
39341,203,0
39347,1,1
39347,2,0
39347,3,1
39347,5,1
39347,6,1
39347,7,1
39347,29,1
39347,30,1
39347,31,0
39347,32,0
39347,33,0
39347,34,0
39347,35,0
39347,36,0
39347,37,0
39347,39,0
39347,40,0
39347,41,0
39347,49,1
39347,50,1
39347,52,1
39347,53,1
39347,54,1
39347,56,1
39347,57,1
39347,59,1
39347,60,1
39347,61,1
39347,63,1
39347,64,1
39347,65,1
39347,66,1
39347,67,1
39347,72,0
39347,73,1
39347,74,1
39347,82,1
39347,83,1
39347,84,1
39347,86,1
39347,87,1
39347,88,1
39347,90,1
39347,91,1
39347,92,1
39347,93,1
39347,147,1
39347,148,0
39347,149,0
39347,150,0
39347,194,0
39347,196,0
39347,197,0
39347,198,0
39347,200,0
39347,201,1
39347,202,0
39347,203,0
39350,1,1
39350,2,0
39350,3,1
39350,5,1
39350,6,1
39350,7,1
39350,72,1
39350,73,1
39350,74,1
39350,82,1
39350,83,1
39350,84,1
39350,90,1
39350,91,1
39350,92,1
39350,93,1
39350,147,1
39350,148,0
39350,149,0
39350,150,0
39350,194,0
39350,196,0
39350,197,0
39350,198,0
39350,200,0
39350,201,1
39350,202,0
39350,203,0
39351,1,1
39351,2,1
39351,3,0
39351,5,1
39351,6,1
39351,7,1
39351,9,1
39351,10,0
39351,11,0
39351,12,0
39351,49,1
39351,50,1
39351,52,1
39351,53,1
39351,54,1
39351,56,1
39351,57,1
39351,59,1
39351,60,1
39351,61,1
39351,63,1
39351,64,1
39351,65,1
39351,66,1
39351,67,1
39351,72,1
39351,73,1
39351,74,1
39351,82,1
39351,83,1
39351,84,1
39351,86,1
39351,87,1
39351,88,1
39351,90,1
39351,91,0
39351,92,0
39351,93,0
39351,147,1
39351,148,0
39351,149,0
39351,150,0
39351,194,0
39351,196,0
39351,197,0
39351,198,0
39351,200,0
39351,201,1
39351,202,0
39351,203,0
39355,1,1
39355,2,0
39355,3,1
39355,5,1
39355,6,1
39355,7,1
39355,29,1
39355,30,1
39355,31,0
39355,32,0
39355,33,0
39355,34,0
39355,35,0
39355,36,0
39355,37,0
39355,39,0
39355,40,0
39355,41,0
39355,72,1
39355,73,1
39355,74,1
39355,82,1
39355,83,1
39355,84,1
39355,90,1
39355,91,1
39355,92,1
39355,93,1
39355,147,1
39355,148,0
39355,149,0
39355,150,0
39355,194,0
39355,196,0
39355,197,0
39355,198,0
39355,200,0
39355,201,1
39355,202,0
39355,203,0
39356,1,1
39356,2,0
39356,3,1
39356,5,1
39356,6,1
39356,7,1
39356,49,1
39356,50,1
39356,52,1
39356,53,1
39356,54,1
39356,56,1
39356,57,1
39356,59,1
39356,60,1
39356,61,1
39356,63,1
39356,64,1
39356,65,1
39356,66,1
39356,67,1
39356,72,1
39356,73,1
39356,74,1
39356,82,1
39356,83,1
39356,84,1
39356,86,1
39356,87,1
39356,88,1
39356,90,1
39356,91,1
39356,92,1
39356,93,1
39356,147,1
39356,148,0
39356,149,0
39356,150,0
39356,194,0
39356,196,0
39356,197,0
39356,198,0
39356,200,0
39356,201,1
39356,202,0
39356,203,0
39357,1,1
39357,2,0
39357,3,1
39357,5,1
39357,6,1
39357,7,1
39357,9,1
39357,10,0
39357,11,0
39357,12,0
39357,29,1
39357,30,1
39357,31,0
39357,32,0
39357,33,0
39357,34,0
39357,35,0
39357,36,0
39357,37,0
39357,39,0
39357,40,0
39357,41,0
39357,49,1
39357,50,1
39357,52,1
39357,53,1
39357,54,1
39357,56,1
39357,57,1
39357,59,1
39357,60,1
39357,61,1
39357,63,1
39357,64,1
39357,65,1
39357,66,1
39357,67,1
39357,72,1
39357,73,1
39357,74,1
39357,82,1
39357,83,1
39357,84,1
39357,86,1
39357,87,1
39357,88,1
39357,90,1
39357,91,1
39357,92,1
39357,93,1
39357,147,1
39357,148,0
39357,149,0
39357,150,0
39357,194,0
39357,196,1
39357,197,0
39357,198,0
39357,200,0
39357,201,1
39357,202,0
39357,203,0
39358,1,1
39358,2,0
39358,3,1
39358,5,1
39358,6,1
39358,7,1
39358,56,1
39358,57,1
39358,59,1
39358,60,1
39358,61,1
39358,63,1
39358,64,1
39358,65,1
39358,66,1
39358,67,1
39358,72,1
39358,73,1
39358,74,1
39358,82,1
39358,83,1
39358,84,1
39358,86,1
39358,87,1
39358,88,1
39358,90,1
39358,91,1
39358,92,1
39358,93,0
39358,147,1
39358,148,0
39358,149,0
39358,150,0
39358,194,0
39358,196,0
39358,197,0
39358,198,0
39358,200,0
39358,201,0
39358,202,0
39358,203,0
39359,1,1
39359,2,0
39359,3,1
39359,5,1
39359,6,1
39359,7,1
39359,56,1
39359,57,1
39359,59,1
39359,60,1
39359,61,1
39359,63,1
39359,64,1
39359,65,1
39359,66,1
39359,67,1
39359,72,1
39359,73,1
39359,74,1
39359,82,1
39359,83,1
39359,84,1
39359,86,1
39359,87,1
39359,88,1
39359,90,1
39359,91,1
39359,92,1
39359,93,1
39359,147,1
39359,148,0
39359,149,0
39359,150,0
39359,194,0
39359,196,0
39359,197,0
39359,198,0
39359,200,0
39359,201,0
39359,202,0
39359,203,0
39374,1,1
39374,2,0
39374,3,1
39374,5,1
39374,6,1
39374,7,1
39374,9,0
39374,10,0
39374,11,0
39374,12,0
39374,29,1
39374,30,0
39374,31,1
39374,32,0
39374,33,0
39374,34,0
39374,35,0
39374,36,0
39374,37,0
39374,39,0
39374,40,0
39374,41,0
39374,49,0
39374,50,0
39374,52,1
39374,53,1
39374,54,1
39374,56,1
39374,57,1
39374,59,1
39374,60,1
39374,61,1
39374,63,1
39374,64,1
39374,65,1
39374,66,1
39374,67,1
39374,72,1
39374,73,1
39374,74,1
39374,82,1
39374,83,1
39374,84,1
39374,86,1
39374,87,1
39374,88,1
39374,90,1
39374,91,1
39374,92,1
39374,93,1
39374,147,1
39374,148,0
39374,149,0
39374,150,0
39374,194,1
39374,196,1
39374,197,0
39374,198,0
39374,200,0
39374,201,1
39374,202,0
39374,203,0
39376,1,1
39376,2,0
39376,3,1
39376,5,1
39376,6,1
39376,7,1
39376,49,1
39376,50,1
39376,52,1
39376,53,1
39376,54,1
39376,56,1
39376,57,1
39376,59,1
39376,60,1
39376,61,1
39376,63,1
39376,64,1
39376,65,1
39376,66,1
39376,67,1
39376,72,1
39376,73,1
39376,74,1
39376,82,1
39376,83,1
39376,84,1
39376,86,1
39376,87,1
39376,88,1
39376,90,1
39376,91,1
39376,92,1
39376,93,0
39376,147,1
39376,148,0
39376,149,0
39376,150,0
39376,194,0
39376,196,0
39376,197,0
39376,198,0
39376,200,0
39376,201,1
39376,202,0
39376,203,0
39381,1,1
39381,2,1
39381,3,0
39381,5,1
39381,6,1
39381,7,1
39381,29,1
39381,30,1
39381,31,0
39381,32,0
39381,33,0
39381,34,0
39381,35,0
39381,36,0
39381,37,0
39381,39,0
39381,40,0
39381,41,0
39381,49,1
39381,50,1
39381,52,1
39381,53,1
39381,54,1
39381,56,1
39381,57,1
39381,59,1
39381,60,1
39381,61,1
39381,63,1
39381,64,1
39381,65,1
39381,66,1
39381,67,1
39381,72,1
39381,73,1
39381,74,1
39381,82,1
39381,83,1
39381,84,1
39381,86,1
39381,87,1
39381,88,1
39381,90,1
39381,91,1
39381,92,1
39381,93,1
39381,147,1
39381,148,0
39381,149,0
39381,150,0
39381,194,0
39381,196,0
39381,197,0
39381,198,0
39381,200,0
39381,201,0
39381,202,1
39381,203,0
39385,1,1
39385,2,0
39385,3,1
39385,5,1
39385,6,1
39385,7,1
39385,29,1
39385,32,0
39385,33,0
39385,34,0
39385,35,0
39385,36,0
39385,37,0
39385,39,0
39385,40,0
39385,41,0
39385,49,0
39385,50,0
39385,52,1
39385,53,1
39385,54,1
39385,56,1
39385,57,1
39385,59,1
39385,60,1
39385,61,1
39385,63,1
39385,64,1
39385,65,1
39385,66,1
39385,67,1
39385,72,1
39385,73,1
39385,74,1
39385,82,1
39385,83,1
39385,84,1
39385,86,1
39385,87,1
39385,88,1
39385,90,1
39385,91,1
39385,92,1
39385,93,1
39385,147,0
39385,148,0
39385,149,1
39385,150,0
39385,152,1
39385,153,1
39385,154,0
39385,155,1
39385,157,0
39385,159,0
39385,160,0
39385,164,0
39385,170,0
39385,171,0
39385,172,0
39385,173,0
39385,174,0
39385,175,0
39385,176,0
39385,177,0
39385,178,0
39385,181,0
39385,182,0
39385,183,0
39385,184,0
39385,194,0
39385,196,0
39385,197,0
39385,198,0
39385,200,0
39385,201,1
39385,202,0
39385,203,0
39388,1,1
39388,2,0
39388,3,1
39388,5,1
39388,6,1
39388,7,1
39388,49,0
39388,50,0
39388,52,1
39388,53,1
39388,54,1
39388,56,1
39388,57,1
39388,59,1
39388,60,1
39388,61,1
39388,63,1
39388,64,1
39388,65,1
39388,66,1
39388,67,1
39388,72,1
39388,73,1
39388,74,1
39388,82,1
39388,83,1
39388,84,1
39388,86,1
39388,87,1
39388,88,1
39388,90,1
39388,91,1
39388,92,1
39388,93,1
39388,147,1
39388,148,0
39388,149,0
39388,150,0
39388,194,0
39388,196,0
39388,197,0
39388,198,0
39388,200,0
39388,201,0
39388,202,0
39388,203,0
39391,1,1
39391,2,0
39391,3,1
39391,5,1
39391,6,1
39391,7,1
39391,49,1
39391,50,1
39391,52,1
39391,53,1
39391,54,1
39391,56,1
39391,57,1
39391,59,1
39391,60,1
39391,61,1
39391,63,1
39391,64,1
39391,65,1
39391,66,1
39391,67,1
39391,72,1
39391,73,1
39391,74,1
39391,82,1
39391,83,1
39391,84,1
39391,86,1
39391,87,1
39391,88,1
39391,90,1
39391,91,1
39391,92,1
39391,93,1
39391,147,1
39391,148,0
39391,149,0
39391,150,0
39391,194,1
39391,196,0
39391,197,0
39391,198,0
39391,200,0
39391,201,1
39391,202,0
39391,203,0
39392,1,1
39392,2,0
39392,3,1
39392,5,1
39392,6,1
39392,7,1
39392,9,0
39392,10,1
39392,11,0
39392,12,0
39392,29,0
39392,30,0
39392,31,0
39392,32,0
39392,33,0
39392,34,0
39392,35,0
39392,36,0
39392,37,0
39392,39,1
39392,49,1
39392,50,1
39392,52,1
39392,53,1
39392,54,1
39392,56,1
39392,57,1
39392,59,1
39392,60,1
39392,61,1
39392,63,1
39392,64,1
39392,65,1
39392,66,1
39392,67,1
39392,72,1
39392,73,1
39392,74,1
39392,82,1
39392,83,1
39392,84,1
39392,86,1
39392,87,1
39392,88,1
39392,90,1
39392,91,1
39392,92,1
39392,93,0
39392,147,1
39392,148,0
39392,149,0
39392,150,0
39392,194,0
39392,196,0
39392,197,0
39392,198,0
39392,200,0
39392,201,1
39392,202,0
39392,203,0
39394,1,1
39394,2,0
39394,3,1
39394,5,1
39394,6,1
39394,7,1
39394,56,1
39394,57,1
39394,59,1
39394,60,1
39394,61,1
39394,63,1
39394,64,1
39394,65,1
39394,66,1
39394,67,1
39394,72,1
39394,73,1
39394,74,1
39394,82,1
39394,83,1
39394,84,1
39394,86,1
39394,87,1
39394,88,1
39394,90,1
39394,91,1
39394,92,1
39394,93,1
39394,147,1
39394,148,0
39394,149,0
39394,150,0
39394,194,0
39394,196,0
39394,197,0
39394,198,0
39394,200,0
39394,201,0
39394,202,0
39394,203,0
39401,1,1
39401,2,1
39401,3,0
39401,5,1
39401,6,1
39401,7,1
39401,9,1
39401,10,0
39401,11,0
39401,12,0
39401,29,1
39401,32,0
39401,33,0
39401,34,0
39401,35,0
39401,36,0
39401,37,0
39401,39,0
39401,40,0
39401,41,0
39401,49,1
39401,50,1
39401,52,1
39401,53,1
39401,54,1
39401,56,1
39401,57,1
39401,59,1
39401,60,1
39401,61,1
39401,63,1
39401,64,1
39401,65,1
39401,66,1
39401,67,1
39401,72,0
39401,73,1
39401,74,1
39401,82,1
39401,83,1
39401,84,1
39401,86,1
39401,87,1
39401,88,1
39401,90,1
39401,91,1
39401,92,1
39401,93,1
39401,147,1
39401,148,0
39401,149,0
39401,150,0
39401,194,0
39401,196,0
39401,197,0
39401,198,0
39401,200,0
39401,201,1
39401,202,1
39401,203,0
39404,1,1
39404,2,0
39404,3,1
39404,5,1
39404,6,1
39404,7,1
39404,49,1
39404,50,1
39404,52,1
39404,53,1
39404,54,1
39404,56,1
39404,57,1
39404,59,1
39404,60,1
39404,61,1
39404,63,1
39404,64,1
39404,65,1
39404,66,1
39404,67,1
39404,72,0
39404,73,1
39404,74,1
39404,82,1
39404,83,1
39404,84,1
39404,86,1
39404,87,1
39404,88,1
39404,90,1
39404,91,1
39404,92,1
39404,93,1
39404,147,1
39404,148,0
39404,149,0
39404,150,0
39404,194,0
39404,196,0
39404,197,0
39404,198,0
39404,200,0
39404,201,1
39404,202,0
39404,203,0
